# File generated by CMD 2.8 (http://stev.oapd.inaf.it/cmd) on Wed May 18 12:09:25 CEST 2016
# PARSEC isochrones, release v1.2S
# Basic references: Bressan et al. (2012), MNRAS, 427, 127 + Chen et al. (2014, 2015), MNRAS, 444, 2525 + MNRAS, 452, 1068 + Tang et al. (2014), MNRAS, 445, 4287
# Warning: you choose not to include the TP-AGB phase!
# Photometric system: <i>UBVRIJHK</i> (cf. Maiz-Apellaniz 2006 + Bessell 1990)
# Using NBC version of bolometric corrections as in Chen et al. (2014), MNRAS, 444, 2525
# BCs of Carbon stars derive from Aringer et al. (2009, A&A 503, 913)
# O-rich circumstellar dust ignored
# C-rich circumstellar dust ignored
# IMF: Chabrier (2001) lognormal 
# On RGB, assumed Reimers mass loss with efficiency eta=0.2
# Kind of output: isochrone tables
#	Isochrone  Z = 0.02200	Y = 0.28823	[M/H] = 0.188	eta_R = 0.200	Age = 	1.6000e+09 yr
#      Z	log(age/yr)	M_ini   	M_act	logL/Lo	logTe	logG	mbol    U       B       V       R       I       J       H       K	int_IMF	stage
	0.022000	9.2041	0.09235064	0.0924	-3.3970	3.3578	5.1837	13.262	25.677	22.180	20.150	17.330	14.643	11.065	10.479	10.119	1.49274266	0
	0.022000	9.2041	0.10419964	0.1042	-3.2206	3.3810	5.1526	12.821	23.841	20.796	18.873	16.349	13.860	10.677	10.091	9.736	1.61059153	0
	0.022000	9.2041	0.10470128	0.1047	-3.2135	3.3820	5.1513	12.804	23.768	20.741	18.822	16.310	13.828	10.662	10.075	9.720	1.61527741	0
	0.022000	9.2041	0.10723243	0.1072	-3.1817	3.3858	5.1453	12.724	23.456	20.504	18.602	16.140	13.691	10.591	10.004	9.650	1.63856566	0
	0.022000	9.2041	0.11263210	0.1126	-3.1168	3.3938	5.1336	12.562	22.818	20.020	18.154	15.793	13.411	10.447	9.860	9.508	1.68636513	1
	0.022000	9.2041	0.12470128	0.1247	-2.9815	3.4103	5.1085	12.224	21.499	19.015	17.222	15.069	12.828	10.146	9.559	9.211	1.78499460	1
	0.022000	9.2041	0.14470127	0.1447	-2.8056	3.4302	5.0768	11.784	19.887	17.775	16.066	14.165	12.091	9.752	9.165	8.823	1.92710292	1
	0.022000	9.2041	0.16940255	0.1694	-2.6421	3.4467	5.0480	11.375	18.675	16.792	15.158	13.427	11.476	9.379	8.790	8.458	2.07367826	1
	0.022000	9.2041	0.21175319	0.2118	-2.4317	3.4649	5.0070	10.849	17.353	15.690	14.114	12.556	10.756	8.895	8.303	7.985	2.27100086	1
	0.022000	9.2041	0.21749721	0.2175	-2.4075	3.4668	5.0022	10.789	17.215	15.572	14.003	12.462	10.677	8.839	8.247	7.930	2.29369807	1
	0.022000	9.2041	0.26175320	0.2618	-2.2396	3.4803	4.9688	10.369	16.299	14.783	13.253	11.821	10.141	8.449	7.854	7.550	2.44441819	1
	0.022000	9.2041	0.31175321	0.3118	-2.0791	3.4922	4.9319	9.968	15.520	14.090	12.583	11.233	9.656	8.078	7.476	7.186	2.57531166	1
	0.022000	9.2041	0.32354754	0.3235	-2.0401	3.4946	4.9184	9.870	15.352	13.939	12.440	11.105	9.544	7.985	7.382	7.095	2.60166168	1
	0.022000	9.2041	0.36175320	0.3618	-1.9264	3.5021	4.8834	9.586	14.858	13.492	12.017	10.729	9.217	7.717	7.109	6.831	2.67739964	0
	0.022000	9.2041	0.44999999	0.4500	-1.6707	3.5233	4.8071	8.947	13.751	12.461	11.033	9.853	8.480	7.130	6.500	6.246	2.81098008	0
	0.022000	9.2041	0.46751791	0.4675	-1.6168	3.5282	4.7893	8.812	13.528	12.247	10.831	9.673	8.327	7.007	6.372	6.123	2.83232570	0
	0.022000	9.2041	0.50000000	0.5000	-1.5222	3.5367	4.7581	8.576	13.154	11.880	10.483	9.361	8.061	6.791	6.146	5.907	2.86847806	0
	0.022000	9.2041	0.51686466	0.5169	-1.4687	3.5425	4.7419	8.442	12.939	11.663	10.276	9.177	7.908	6.671	6.020	5.788	2.88567209	1
	0.022000	9.2041	0.55000001	0.5500	-1.3681	3.5534	4.7120	8.190	12.548	11.261	9.886	8.827	7.623	6.448	5.786	5.565	2.91663504	1
	0.022000	9.2041	0.60000002	0.6000	-1.2108	3.5747	4.6775	7.797	11.927	10.588	9.220	8.227	7.176	6.115	5.433	5.238	2.95739889	1
	0.022000	9.2041	0.63082111	0.6308	-1.1114	3.5909	4.6649	7.549	11.523	10.141	8.786	7.834	6.897	5.910	5.218	5.046	2.97956777	1
	0.022000	9.2041	0.64999998	0.6500	-1.0519	3.6006	4.6573	7.400	11.285	9.877	8.538	7.609	6.734	5.786	5.091	4.934	2.99236870	1
	0.022000	9.2041	0.69105953	0.6910	-0.9247	3.6234	4.6480	7.082	10.725	9.283	8.000	7.124	6.392	5.522	4.840	4.715	3.01745439	1
	0.022000	9.2041	0.69999999	0.7000	-0.8980	3.6282	4.6461	7.015	10.600	9.156	7.889	7.024	6.321	5.468	4.788	4.671	3.02253795	1
	0.022000	9.2041	0.75000000	0.7500	-0.7446	3.6606	4.6520	6.631	9.598	8.346	7.212	6.451	5.916	5.175	4.565	4.479	3.04879928	1
	0.022000	9.2041	0.80000001	0.8000	-0.6142	3.6797	4.6262	6.306	8.825	7.778	6.737	6.056	5.579	4.908	4.361	4.285	3.07187057	1
	0.022000	9.2041	0.85000002	0.8500	-0.4883	3.6988	4.6027	5.991	8.110	7.258	6.302	5.695	5.263	4.655	4.166	4.099	3.09222293	1
	0.022000	9.2041	0.89176583	0.8917	-0.3869	3.7136	4.5816	5.737	7.568	6.866	5.972	5.417	5.013	4.455	4.009	3.947	3.10743308	1
	0.022000	9.2041	0.89999998	0.9000	-0.3674	3.7165	4.5775	5.688	7.466	6.793	5.910	5.364	4.965	4.417	3.978	3.917	3.11026096	1
	0.022000	9.2041	0.94999999	0.9499	-0.2511	3.7326	4.5494	5.398	6.891	6.372	5.554	5.056	4.685	4.187	3.792	3.737	3.12635612	1
	0.022000	9.2041	0.98848724	0.9884	-0.1641	3.7440	4.5250	5.180	6.488	6.069	5.298	4.832	4.480	4.016	3.649	3.599	3.13760996	1
	0.022000	9.2041	1.00000000	0.9999	-0.1386	3.7473	4.5177	5.117	6.373	5.982	5.224	4.767	4.420	3.966	3.606	3.558	3.14080405	1
	0.022000	9.2041	1.03171194	1.0316	-0.0690	3.7557	4.4953	4.942	6.078	5.752	5.027	4.592	4.257	3.827	3.488	3.442	3.14920998	1
	0.022000	9.2041	1.04999995	1.0499	-0.0295	3.7604	4.4822	4.844	5.914	5.623	4.917	4.492	4.165	3.748	3.420	3.376	3.15380883	1
	0.022000	9.2041	1.07525945	1.0752	0.0246	3.7664	4.4627	4.709	5.703	5.450	4.768	4.358	4.040	3.640	3.324	3.283	3.15988326	1
	0.022000	9.2041	1.10000002	1.0999	0.0767	3.7722	4.4434	4.578	5.500	5.284	4.625	4.230	3.921	3.536	3.233	3.194	3.16554141	1
	0.022000	9.2041	1.13709235	1.1370	0.1534	3.7801	4.4128	4.386	5.208	5.041	4.418	4.042	3.747	3.384	3.099	3.063	3.17352748	1
	0.022000	9.2041	1.14999998	1.1499	0.1797	3.7828	4.4021	4.321	5.102	4.958	4.349	3.983	3.692	3.335	3.053	3.020	3.17617631	1
	0.022000	9.2041	1.20000005	1.1999	0.2797	3.7924	4.3590	4.071	4.715	4.645	4.086	3.752	3.477	3.142	2.877	2.850	3.18585706	1
	0.022000	9.2041	1.21283138	1.2127	0.3044	3.7947	4.3483	4.009	4.626	4.569	4.022	3.694	3.423	3.093	2.833	2.807	3.18820286	1
	0.022000	9.2041	1.25000000	1.2498	0.3744	3.8010	4.3165	3.834	4.383	4.356	3.839	3.528	3.268	2.953	2.704	2.682	3.19470429	1
	0.022000	9.2041	1.29999995	1.2998	0.4640	3.8086	4.2743	3.610	4.105	4.093	3.607	3.311	3.063	2.767	2.534	2.513	3.20280719	1
	0.022000	9.2041	1.30748832	1.3073	0.4769	3.8097	4.2681	3.578	4.066	4.056	3.573	3.280	3.034	2.740	2.509	2.488	3.20396042	1
	0.022000	9.2041	1.35000002	1.3498	0.5487	3.8151	4.2321	3.398	3.855	3.850	3.388	3.106	2.869	2.588	2.369	2.349	3.21023273	1
	0.022000	9.2041	1.38470185	1.3845	0.6052	3.8193	4.2033	3.257	3.690	3.688	3.243	2.969	2.739	2.468	2.258	2.238	3.21502995	1
	0.022000	9.2041	1.39999998	1.3998	0.6296	3.8210	4.1903	3.196	3.620	3.619	3.180	2.910	2.683	2.416	2.208	2.189	3.21705914	1
	0.022000	9.2041	1.45000005	1.4498	0.7077	3.8257	4.1463	3.001	3.403	3.401	2.980	2.720	2.501	2.245	2.048	2.029	3.22335362	1
	0.022000	9.2041	1.45872951	1.4585	0.7210	3.8264	4.1386	2.967	3.366	3.364	2.946	2.687	2.470	2.216	2.020	2.001	3.22440243	1
	0.022000	9.2041	1.50000000	1.4998	0.7835	3.8294	4.1002	2.811	3.196	3.193	2.787	2.534	2.322	2.075	1.886	1.867	3.22917390	1
	0.022000	9.2041	1.50632334	1.5061	0.7927	3.8297	4.0941	2.788	3.171	3.168	2.763	2.511	2.300	2.053	1.865	1.847	3.22987890	1
	0.022000	9.2041	1.53609991	1.5359	0.8359	3.8308	4.0635	2.680	3.061	3.054	2.654	2.404	2.195	1.951	1.765	1.746	3.23310971	1
	0.022000	9.2041	1.54999995	1.5498	0.8559	3.8310	4.0484	2.630	3.011	3.002	2.603	2.355	2.146	1.902	1.717	1.698	3.23456979	1
	0.022000	9.2041	1.55531633	1.5551	0.8634	3.8311	4.0429	2.611	2.992	2.982	2.584	2.336	2.127	1.884	1.699	1.680	3.23512053	1
	0.022000	9.2041	1.58517015	1.5850	0.9060	3.8310	4.0082	2.505	2.888	2.874	2.476	2.229	2.020	1.777	1.592	1.574	3.23813462	1
	0.022000	9.2041	1.60000002	1.5999	0.9269	3.8306	3.9895	2.453	2.838	2.823	2.424	2.176	1.967	1.722	1.537	1.518	3.23958373	1
	0.022000	9.2041	1.60456955	1.6044	0.9334	3.8305	3.9840	2.437	2.822	2.806	2.408	2.159	1.950	1.706	1.521	1.502	3.24002385	1
	0.022000	9.2041	1.62862313	1.6285	0.9670	3.8297	3.9535	2.353	2.744	2.724	2.323	2.074	1.864	1.617	1.431	1.412	3.24229217	1
	0.022000	9.2041	1.64999998	1.6499	0.9965	3.8283	3.9239	2.279	2.679	2.655	2.249	1.998	1.786	1.536	1.347	1.328	3.24424219	1
	0.022000	9.2041	1.65572751	1.6557	1.0045	3.8279	3.9161	2.259	2.661	2.636	2.230	1.977	1.765	1.514	1.325	1.305	3.24475431	1
	0.022000	9.2041	1.67499995	1.6750	1.0309	3.8262	3.8877	2.193	2.606	2.576	2.164	1.909	1.694	1.439	1.247	1.227	3.24644756	1
	0.022000	9.2041	1.69166446	1.6916	1.0536	3.8241	3.8613	2.136	2.561	2.527	2.109	1.850	1.632	1.372	1.176	1.156	3.24787474	1
	0.022000	9.2041	1.70000005	1.7000	1.0648	3.8229	3.8474	2.108	2.540	2.504	2.081	1.820	1.600	1.338	1.140	1.119	3.24857616	1
	0.022000	9.2041	1.71845078	1.7185	1.0890	3.8201	3.8165	2.047	2.496	2.455	2.022	1.756	1.531	1.262	1.059	1.038	3.25009990	1
	0.022000	9.2041	1.72500002	1.7250	1.0975	3.8190	3.8052	2.026	2.482	2.438	2.002	1.733	1.507	1.235	1.030	1.008	3.25063133	1
	0.022000	9.2041	1.74062622	1.7406	1.1172	3.8160	3.7774	1.977	2.451	2.402	1.955	1.681	1.450	1.171	0.960	0.937	3.25188041	1
	0.022000	9.2041	1.75000000	1.7500	1.1286	3.8137	3.7592	1.949	2.437	2.383	1.928	1.650	1.415	1.131	0.916	0.892	3.25261688	1
	0.022000	9.2041	1.76074660	1.7607	1.1419	3.8112	3.7385	1.915	2.419	2.361	1.897	1.614	1.375	1.084	0.865	0.841	3.25344992	1
	0.022000	9.2041	1.77499998	1.7750	1.1590	3.8075	3.7103	1.872	2.402	2.335	1.858	1.567	1.323	1.023	0.796	0.771	3.25453615	1
	0.022000	9.2041	1.79164374	1.7916	1.1775	3.8026	3.6763	1.826	2.391	2.313	1.816	1.516	1.264	0.952	0.715	0.690	3.25577831	1
	0.022000	9.2041	1.79999995	1.8000	1.1867	3.8000	3.6586	1.803	2.387	2.303	1.796	1.491	1.234	0.916	0.674	0.648	3.25639176	1
	0.022000	9.2041	1.81566358	1.8157	1.2047	3.7949	3.6241	1.758	2.396	2.289	1.758	1.439	1.174	0.843	0.592	0.563	3.25752378	1
	0.022000	9.2041	1.82500005	1.8250	1.2182	3.7925	3.6029	1.724	2.389	2.271	1.727	1.402	1.132	0.796	0.540	0.510	3.25818729	1
	0.022000	9.2041	1.83652878	1.8365	1.2378	3.7901	3.5768	1.675	2.365	2.236	1.681	1.350	1.076	0.734	0.474	0.443	3.25899577	1
	0.022000	9.2041	1.83959222	1.8396	1.2498	3.7912	3.5697	1.645	2.324	2.199	1.649	1.321	1.050	0.710	0.452	0.421	3.25920844	1
	0.022000	9.2041	1.84508312	1.8451	1.2921	3.7987	3.5587	1.540	2.142	2.044	1.533	1.224	0.966	0.645	0.402	0.374	3.25958776	1
	0.022000	9.2041	1.84628224	1.8463	1.3233	3.8063	3.5582	1.462	2.007	1.924	1.445	1.153	0.908	0.606	0.379	0.353	3.25967026	1
	0.022000	9.2041	1.84674335	1.8467	1.3533	3.8145	3.5611	1.387	1.881	1.807	1.360	1.086	0.855	0.573	0.363	0.338	3.25970197	1
	0.022000	9.2041	1.84695888	1.8470	1.3810	3.8223	3.5647	1.318	1.769	1.700	1.283	1.025	0.808	0.544	0.349	0.326	3.25971675	1
	0.022000	9.2041	1.84709251	1.8471	1.4062	3.8294	3.5680	1.254	1.669	1.603	1.212	0.969	0.765	0.517	0.338	0.316	3.25972605	1
	0.022000	9.2041	1.84715700	1.8472	1.4127	3.8319	3.5714	1.238	1.643	1.576	1.194	0.956	0.756	0.514	0.339	0.318	3.25973034	2
	0.022000	9.2041	1.84722769	1.8472	1.3820	3.8265	3.5807	1.315	1.744	1.678	1.276	1.027	0.817	0.563	0.377	0.355	3.25973535	2
	0.022000	9.2041	1.84729922	1.8473	1.3519	3.8175	3.5746	1.390	1.867	1.797	1.361	1.093	0.867	0.592	0.387	0.363	3.25974011	2
	0.022000	9.2041	1.84739959	1.8474	1.3417	3.8068	3.5419	1.416	1.959	1.875	1.398	1.108	0.864	0.562	0.336	0.310	3.25974703	2
	0.022000	9.2041	1.84755504	1.8476	1.3486	3.7958	3.4911	1.399	2.034	1.919	1.394	1.079	0.816	0.488	0.240	0.211	3.25975776	2
	0.022000	9.2041	1.84779012	1.8478	1.3513	3.7848	3.4447	1.392	2.151	1.986	1.404	1.058	0.775	0.420	0.151	0.115	3.25977373	2
	0.022000	9.2041	1.84813249	1.8481	1.3420	3.7739	3.4101	1.415	2.297	2.085	1.449	1.074	0.770	0.385	0.091	0.051	3.25979733	2
	0.022000	9.2041	1.84857237	1.8486	1.3208	3.7631	3.3883	1.468	2.461	2.207	1.527	1.127	0.805	0.389	0.069	0.026	3.25982738	2
	0.022000	9.2041	1.84904397	1.8490	1.2907	3.7530	3.3782	1.543	2.648	2.347	1.628	1.206	0.866	0.422	0.077	0.031	3.25985980	2
	0.022000	9.2041	1.84939694	1.8494	1.2629	3.7460	3.3781	1.613	2.803	2.463	1.716	1.278	0.927	0.463	0.099	0.052	3.25988388	2
	0.022000	9.2041	1.84973717	1.8497	1.2335	3.7394	3.3812	1.686	2.962	2.582	1.809	1.356	0.994	0.509	0.128	0.080	3.25990725	2
	0.022000	9.2041	1.85000002	1.8500	1.2110	3.7344	3.3838	1.743	3.090	2.675	1.882	1.417	1.047	0.546	0.152	0.102	3.25992513	2
	0.022000	9.2041	1.85029030	1.8503	1.1867	3.7290	3.3864	1.803	3.229	2.775	1.960	1.482	1.103	0.585	0.176	0.125	3.25994515	2
	0.022000	9.2041	1.85072827	1.8507	1.1615	3.7211	3.3804	1.866	3.414	2.899	2.052	1.554	1.162	0.618	0.189	0.134	3.25997496	2
	0.022000	9.2041	1.85105622	1.8511	1.1539	3.7157	3.3664	1.885	3.523	2.961	2.093	1.580	1.178	0.617	0.172	0.116	3.25999737	3
	0.022000	9.2041	1.85137630	1.8514	1.1610	3.7110	3.3407	1.867	3.583	2.981	2.094	1.569	1.159	0.582	0.124	0.066	3.26001930	3
	0.022000	9.2041	1.85190892	1.8519	1.1925	3.7044	3.2826	1.789	3.624	2.962	2.045	1.502	1.080	0.479	0.003	-0.058	3.26005554	3
	0.022000	9.2041	1.85232866	1.8523	1.2319	3.7000	3.2259	1.690	3.603	2.902	1.966	1.411	0.981	0.365	-0.123	-0.186	3.26008415	3
	0.022000	9.2041	1.85270083	1.8527	1.2728	3.6966	3.1713	1.588	3.566	2.833	1.880	1.316	0.879	0.251	-0.247	-0.311	3.26010966	3
	0.022000	9.2041	1.85304153	1.8530	1.3132	3.6936	3.1192	1.487	3.521	2.761	1.794	1.221	0.778	0.140	-0.367	-0.432	3.26013279	3
	0.022000	9.2041	1.85336602	1.8534	1.3539	3.6910	3.0681	1.385	3.468	2.684	1.704	1.125	0.677	0.029	-0.485	-0.551	3.26015496	3
	0.022000	9.2041	1.85368121	1.8537	1.3944	3.6883	3.0170	1.284	3.418	2.610	1.617	1.030	0.577	-0.081	-0.603	-0.670	3.26017642	3
	0.022000	9.2041	1.85398579	1.8540	1.4349	3.6859	2.9668	1.183	3.366	2.534	1.529	0.936	0.477	-0.190	-0.719	-0.788	3.26019716	3
	0.022000	9.2041	1.85428464	1.8543	1.4740	3.6834	2.9179	1.085	3.317	2.461	1.445	0.844	0.380	-0.296	-0.832	-0.902	3.26021743	3
	0.022000	9.2041	1.85465789	1.8547	1.5226	3.6807	2.8583	0.963	3.250	2.367	1.338	0.730	0.260	-0.426	-0.970	-1.042	3.26024294	3
	0.022000	9.2041	1.85503089	1.8550	1.5713	3.6777	2.7978	0.842	3.190	2.276	1.234	0.617	0.140	-0.557	-1.109	-1.183	3.26026821	3
	0.022000	9.2041	1.85532892	1.8553	1.6108	3.6754	2.7492	0.743	3.141	2.202	1.149	0.525	0.043	-0.663	-1.222	-1.298	3.26028848	3
	0.022000	9.2041	1.85562670	1.8556	1.6506	3.6729	2.6996	0.644	3.094	2.129	1.064	0.434	-0.054	-0.770	-1.337	-1.413	3.26030874	3
	0.022000	9.2041	1.85592389	1.8559	1.6909	3.6704	2.6494	0.543	3.045	2.055	0.978	0.340	-0.153	-0.878	-1.452	-1.531	3.26032877	3
	0.022000	9.2041	1.85621428	1.8562	1.7313	3.6678	2.5987	0.442	3.002	1.983	0.894	0.248	-0.251	-0.987	-1.569	-1.649	3.26034856	3
	0.022000	9.2041	1.85654044	1.8565	1.7773	3.6649	2.5410	0.327	2.952	1.902	0.798	0.143	-0.363	-1.110	-1.701	-1.783	3.26037073	3
	0.022000	9.2041	1.85682368	1.8568	1.8182	3.6621	2.4891	0.225	2.915	1.832	0.714	0.050	-0.462	-1.220	-1.819	-1.903	3.26038980	3
	0.022000	9.2041	1.85711813	1.8571	1.8617	3.6592	2.4341	0.116	2.887	1.763	0.625	-0.049	-0.569	-1.338	-1.945	-2.031	3.26040983	3
	0.022000	9.2041	1.85745037	1.8575	1.9117	3.6558	2.3706	-0.009	2.860	1.686	0.526	-0.161	-0.691	-1.473	-2.090	-2.178	3.26043224	3
	0.022000	9.2041	1.85773373	1.8577	1.9552	3.6528	2.3149	-0.118	2.839	1.621	0.440	-0.258	-0.797	-1.591	-2.217	-2.307	3.26045156	3
	0.022000	9.2041	1.85798216	1.8580	1.9940	3.6501	2.2653	-0.215	2.821	1.562	0.363	-0.345	-0.891	-1.696	-2.329	-2.421	3.26046848	3
	0.022000	9.2041	1.85827732	1.8583	2.0386	3.6469	2.2079	-0.327	2.806	1.499	0.278	-0.443	-0.999	-1.816	-2.459	-2.553	3.26048827	3
	0.022000	9.2041	1.85857773	1.8586	2.0825	3.6437	2.1514	-0.436	2.792	1.437	0.194	-0.539	-1.105	-1.934	-2.586	-2.683	3.26050878	3
	0.022000	9.2041	1.85895491	1.8590	2.1308	3.6402	2.0893	-0.557	2.777	1.368	0.102	-0.645	-1.221	-2.064	-2.726	-2.826	3.26053429	3
	0.022000	9.2041	1.85937369	1.8594	2.1615	3.6380	2.0498	-0.634	2.769	1.326	0.046	-0.710	-1.295	-2.147	-2.815	-2.917	3.26056242	3
	0.022000	9.2041	1.85963368	1.8596	2.1443	3.6393	2.0723	-0.591	2.771	1.349	0.077	-0.674	-1.254	-2.101	-2.764	-2.866	3.26058006	3
	0.022000	9.2041	1.85983241	1.8598	2.0991	3.6427	2.1310	-0.478	2.782	1.411	0.161	-0.576	-1.145	-1.979	-2.633	-2.731	3.26059341	3
	0.022000	9.2041	1.85994565	1.8599	2.0596	3.6457	2.1825	-0.379	2.791	1.465	0.235	-0.490	-1.050	-1.872	-2.518	-2.614	3.26060104	3
	0.022000	9.2041	1.86004758	1.8600	2.0180	3.6487	2.2362	-0.275	2.803	1.523	0.314	-0.399	-0.950	-1.760	-2.397	-2.490	3.26060796	3
	0.022000	9.2041	1.86014044	1.8601	1.9779	3.6517	2.2882	-0.175	2.816	1.580	0.391	-0.311	-0.853	-1.651	-2.280	-2.371	3.26061440	3
	0.022000	9.2041	1.86023903	1.8602	1.9358	3.6547	2.3427	-0.069	2.833	1.643	0.474	-0.217	-0.750	-1.537	-2.157	-2.246	3.26062083	3
	0.022000	9.2041	1.86034536	1.8603	1.8932	3.6577	2.3973	0.037	2.854	1.707	0.558	-0.122	-0.647	-1.421	-2.033	-2.120	3.26062822	3
	0.022000	9.2041	1.86046219	1.8605	1.8520	3.6607	2.4502	0.140	2.873	1.768	0.639	-0.030	-0.546	-1.310	-1.913	-1.997	3.26063609	3
	0.022000	9.2041	1.86061263	1.8606	1.8096	3.6636	2.5045	0.246	2.899	1.835	0.725	0.067	-0.442	-1.194	-1.789	-1.872	3.26064610	3
	0.022000	9.2041	1.86065590	1.8607	1.8028	3.6641	2.5133	0.263	2.905	1.846	0.739	0.082	-0.426	-1.176	-1.769	-1.852	3.26064897	3
	0.022000	9.2041	1.86087751	1.8609	1.8385	3.6617	2.4679	0.174	2.880	1.789	0.666	0.001	-0.513	-1.273	-1.873	-1.957	3.26066399	3
	0.022000	9.2041	1.86122525	1.8612	1.8856	3.6584	2.4079	0.056	2.853	1.716	0.571	-0.106	-0.628	-1.400	-2.010	-2.096	3.26068735	3
	0.022000	9.2041	1.86163843	1.8616	1.9318	3.6553	2.3492	-0.060	2.828	1.645	0.479	-0.209	-0.741	-1.525	-2.143	-2.232	3.26071525	3
	0.022000	9.2041	1.86205184	1.8621	1.9763	3.6521	2.2921	-0.171	2.808	1.578	0.392	-0.309	-0.849	-1.646	-2.273	-2.364	3.26074314	3
	0.022000	9.2041	1.86247933	1.8625	2.0211	3.6489	2.2345	-0.283	2.790	1.513	0.304	-0.408	-0.958	-1.767	-2.403	-2.497	3.26077199	3
	0.022000	9.2041	1.86292088	1.8629	2.0668	3.6456	2.1759	-0.397	2.775	1.448	0.217	-0.508	-1.068	-1.890	-2.536	-2.632	3.26080155	3
	0.022000	9.2041	1.86335242	1.8634	2.1115	3.6424	2.1184	-0.509	2.761	1.385	0.132	-0.606	-1.176	-2.010	-2.665	-2.764	3.26083064	3
	0.022000	9.2041	1.86377859	1.8638	2.1559	3.6392	2.0611	-0.620	2.748	1.323	0.048	-0.702	-1.283	-2.130	-2.794	-2.896	3.26085925	3
	0.022000	9.2041	1.86419117	1.8642	2.1996	3.6359	2.0046	-0.729	2.739	1.264	-0.032	-0.795	-1.387	-2.248	-2.921	-3.025	3.26088715	3
	0.022000	9.2041	1.86460185	1.8646	2.2441	3.6327	1.9471	-0.840	2.739	1.207	-0.113	-0.890	-1.494	-2.368	-3.050	-3.157	3.26091456	3
	0.022000	9.2041	1.86499095	1.8650	2.2877	3.6294	1.8907	-0.949	2.741	1.152	-0.191	-0.982	-1.598	-2.485	-3.176	-3.286	3.26094079	3
	0.022000	9.2041	1.86536551	1.8654	2.3312	3.6262	1.8342	-1.058	2.743	1.098	-0.268	-1.070	-1.702	-2.603	-3.301	-3.415	3.26096582	3
	0.022000	9.2041	1.86571407	1.8657	2.3735	3.6229	1.7790	-1.164	2.749	1.049	-0.340	-1.156	-1.802	-2.716	-3.424	-3.540	3.26098919	3
	0.022000	9.2041	1.86605477	1.8661	2.4167	3.6196	1.7228	-1.272	2.754	0.998	-0.415	-1.244	-1.905	-2.832	-3.548	-3.668	3.26101208	3
	0.022000	9.2041	1.86637306	1.8664	2.4589	3.6164	1.6675	-1.377	2.758	0.950	-0.484	-1.324	-2.004	-2.946	-3.670	-3.794	3.26103330	3
	0.022000	9.2041	1.86667430	1.8667	2.5008	3.6130	1.6123	-1.482	2.766	0.904	-0.551	-1.403	-2.103	-3.059	-3.791	-3.919	3.26105356	3
	0.022000	9.2041	1.86695695	1.8670	2.5422	3.6098	1.5579	-1.586	2.774	0.859	-0.618	-1.483	-2.201	-3.170	-3.911	-4.042	3.26107240	3
	0.022000	9.2041	1.86722600	1.8672	2.5838	3.6065	1.5033	-1.690	2.774	0.814	-0.680	-1.555	-2.298	-3.282	-4.031	-4.166	3.26109052	3
	0.022000	9.2041	1.86747289	1.8675	2.6241	3.6032	1.4500	-1.790	2.770	0.768	-0.739	-1.622	-2.391	-3.390	-4.148	-4.287	3.26110697	3
	0.022000	9.2041	1.86770678	1.8677	2.6642	3.5998	1.3965	-1.891	2.768	0.723	-0.797	-1.689	-2.484	-3.498	-4.265	-4.408	3.26112270	3
	0.022000	9.2041	1.86792862	1.8679	2.7044	3.5965	1.3429	-1.991	2.761	0.680	-0.848	-1.747	-2.577	-3.607	-4.382	-4.530	3.26113749	3
	0.022000	9.2041	1.86813569	1.8681	2.7440	3.5932	1.2901	-2.090	2.755	0.638	-0.899	-1.804	-2.669	-3.714	-4.497	-4.650	3.26115131	3
	0.022000	9.2041	1.86832678	1.8683	2.7826	3.5898	1.2381	-2.187	2.753	0.600	-0.946	-1.858	-2.757	-3.818	-4.610	-4.767	3.26116419	3
	0.022000	9.2041	1.86850703	1.8685	2.8210	3.5864	1.1862	-2.282	2.748	0.565	-0.982	-1.899	-2.844	-3.922	-4.722	-4.885	3.26117611	3
	0.022000	9.2041	1.86867797	1.8687	2.8593	3.5830	1.1344	-2.378	2.744	0.531	-1.018	-1.941	-2.931	-4.027	-4.834	-5.002	3.26118755	3
	0.022000	9.2041	1.86883616	1.8688	2.8965	3.5797	1.0837	-2.471	2.741	0.499	-1.052	-1.980	-3.015	-4.128	-4.944	-5.116	3.26119804	3
	0.022000	9.2041	1.86898386	1.8690	2.9326	3.5764	1.0345	-2.561	2.734	0.478	-1.068	-2.006	-3.092	-4.226	-5.050	-5.227	3.26120806	3
	0.022000	9.2041	1.86907136	1.8691	2.9540	3.5743	1.0049	-2.615	2.733	0.467	-1.077	-2.019	-3.139	-4.285	-5.113	-5.294	3.26121378	4
	0.022000	9.2041	1.86907136	1.8691	1.6159	3.6831	2.7781	0.730	2.965	2.109	1.089	0.491	0.026	-0.652	-1.188	-1.259	3.26121378	4
	0.022000	9.2041	1.87124908	1.8712	1.6406	3.6813	2.7466	0.668	2.940	2.065	1.037	0.434	-0.035	-0.720	-1.260	-1.333	3.26135898	4
	0.022000	9.2041	1.87338459	1.8734	1.6400	3.6816	2.7490	0.670	2.935	2.064	1.037	0.435	-0.033	-0.717	-1.257	-1.329	3.26150084	4
	0.022000	9.2041	1.87558281	1.8756	1.6392	3.6819	2.7516	0.672	2.931	2.062	1.038	0.436	-0.031	-0.714	-1.253	-1.325	3.26164651	4
	0.022000	9.2041	1.87778389	1.8778	1.6386	3.6822	2.7539	0.673	2.926	2.061	1.037	0.437	-0.030	-0.712	-1.250	-1.321	3.26179218	4
	0.022000	9.2041	1.88006043	1.8801	1.6382	3.6825	2.7562	0.675	2.920	2.059	1.037	0.437	-0.029	-0.709	-1.247	-1.318	3.26194215	4
	0.022000	9.2041	1.88227606	1.8823	1.6378	3.6828	2.7582	0.675	2.915	2.056	1.036	0.437	-0.028	-0.708	-1.244	-1.315	3.26208782	4
	0.022000	9.2041	1.88474560	1.8847	1.6376	3.6832	2.7603	0.676	2.909	2.054	1.035	0.437	-0.028	-0.706	-1.241	-1.313	3.26224971	4
	0.022000	9.2041	1.88701665	1.8870	1.6375	3.6834	2.7620	0.676	2.904	2.051	1.033	0.436	-0.028	-0.705	-1.240	-1.310	3.26239800	4
	0.022000	9.2041	1.88941789	1.8894	1.6377	3.6837	2.7635	0.676	2.898	2.048	1.031	0.435	-0.029	-0.705	-1.238	-1.309	3.26255441	4
	0.022000	9.2041	1.89190292	1.8919	1.6382	3.6840	2.7646	0.674	2.891	2.044	1.028	0.433	-0.030	-0.705	-1.238	-1.309	3.26271582	4
	0.022000	9.2041	1.89452505	1.8945	1.6390	3.6842	2.7654	0.672	2.884	2.039	1.025	0.431	-0.032	-0.706	-1.238	-1.309	3.26288557	4
	0.022000	9.2041	1.89709532	1.8971	1.6400	3.6845	2.7660	0.670	2.877	2.035	1.021	0.428	-0.035	-0.708	-1.239	-1.310	3.26305151	4
	0.022000	9.2041	1.89980304	1.8998	1.6412	3.6847	2.7664	0.667	2.869	2.029	1.017	0.424	-0.038	-0.710	-1.241	-1.311	3.26322556	4
	0.022000	9.2041	1.89999998	1.9000	1.6413	3.6847	2.7664	0.667	2.869	2.029	1.017	0.424	-0.038	-0.710	-1.241	-1.311	3.26323819	4
	0.022000	9.2041	1.90051198	1.9005	1.6402	3.6848	2.7678	0.669	2.870	2.031	1.019	0.426	-0.035	-0.707	-1.238	-1.308	3.26327109	4
	0.022000	9.2041	1.90136468	1.9014	1.6376	3.6850	2.7714	0.676	2.873	2.036	1.024	0.432	-0.029	-0.700	-1.230	-1.301	3.26332569	4
	0.022000	9.2041	1.90184259	1.9018	1.6357	3.6851	2.7739	0.681	2.875	2.039	1.029	0.437	-0.024	-0.695	-1.225	-1.295	3.26335645	4
	0.022000	9.2041	1.90232515	1.9023	1.6396	3.6848	2.7689	0.671	2.871	2.032	1.020	0.428	-0.034	-0.706	-1.236	-1.307	3.26338720	4
	0.022000	9.2041	1.90431488	1.9043	1.6303	3.6853	2.7808	0.694	2.884	2.050	1.041	0.450	-0.011	-0.681	-1.210	-1.280	3.26351452	4
	0.022000	9.2041	1.90777588	1.9078	1.6191	3.6859	2.7952	0.722	2.901	2.073	1.066	0.476	0.017	-0.651	-1.178	-1.248	3.26373506	4
	0.022000	9.2041	1.91695487	1.9170	1.5905	3.6874	2.8315	0.794	2.944	2.130	1.130	0.544	0.087	-0.575	-1.098	-1.167	3.26431513	4
	0.022000	9.2041	1.92499995	1.9250	1.5667	3.6885	2.8619	0.853	2.980	2.177	1.183	0.600	0.146	-0.511	-1.032	-1.100	3.26481819	5
	0.022000	9.2041	1.93028343	1.9303	1.5741	3.6887	2.8563	0.835	2.958	2.157	1.163	0.581	0.128	-0.530	-1.049	-1.117	3.26514578	5
	0.022000	9.2041	1.94507039	1.9451	1.5982	3.6888	2.8360	0.774	2.895	2.096	1.102	0.521	0.067	-0.590	-1.109	-1.177	3.26605177	5
	0.022000	9.2041	1.95000005	1.9500	1.6063	3.6889	2.8291	0.754	2.874	2.075	1.082	0.500	0.047	-0.610	-1.129	-1.197	3.26635003	5
	0.022000	9.2041	1.95283186	1.9528	1.6118	3.6888	2.8241	0.740	2.861	2.062	1.068	0.487	0.034	-0.624	-1.143	-1.211	3.26652074	5
	0.022000	9.2041	1.97585714	1.9759	1.6705	3.6866	2.7618	0.594	2.757	1.937	0.933	0.346	-0.112	-0.777	-1.302	-1.372	3.26788592	5
	0.022000	9.2041	1.98038661	1.9804	1.6844	3.6859	2.7459	0.559	2.737	1.910	0.902	0.313	-0.146	-0.815	-1.342	-1.411	3.26815009	6
	0.022000	9.2041	1.99258161	1.9926	1.7278	3.6835	2.6954	0.450	2.676	1.825	0.806	0.211	-0.253	-0.931	-1.465	-1.536	3.26885414	6
	0.022000	9.2041	1.99817014	1.9982	1.7732	3.6797	2.6361	0.337	2.638	1.749	0.713	0.108	-0.365	-1.056	-1.601	-1.675	3.26917338	6
	0.022000	9.2041	1.99982178	1.9998	1.8175	3.6758	2.5769	0.226	2.609	1.680	0.626	0.009	-0.472	-1.179	-1.735	-1.811	3.26926732	6
	0.022000	9.2041	2.00000000	2.0000	1.8247	3.6752	2.5672	0.208	2.604	1.668	0.612	-0.007	-0.490	-1.198	-1.757	-1.833	3.26927757	6
	0.022000	9.2041	2.00046754	2.0005	1.8635	3.6719	2.5153	0.111	2.577	1.606	0.534	-0.095	-0.584	-1.306	-1.874	-1.952	3.26930404	6
	0.022000	9.2041	2.00076294	2.0008	1.9110	3.6680	2.4523	-0.007	2.556	1.536	0.441	-0.202	-0.701	-1.437	-2.016	-2.096	3.26932073	6
	0.022000	9.2041	2.00089955	2.0009	1.9545	3.6646	2.3950	-0.116	2.540	1.473	0.355	-0.300	-0.807	-1.556	-2.145	-2.228	3.26932859	6
	0.022000	9.2041	2.00097632	2.0010	1.9999	3.6609	2.3349	-0.230	2.525	1.408	0.266	-0.401	-0.918	-1.681	-2.280	-2.366	3.26933289	6
	0.022000	9.2041	2.00102234	2.0010	2.0437	3.6573	2.2769	-0.339	2.515	1.347	0.182	-0.498	-1.024	-1.801	-2.410	-2.498	3.26933551	6
	0.022000	9.2041	2.00103593	2.0010	2.0589	3.6561	2.2569	-0.377	2.511	1.326	0.153	-0.531	-1.061	-1.843	-2.455	-2.544	3.26933622	7
	0.022000	9.2041	2.00107622	2.0011	2.0842	3.6543	2.2241	-0.441	2.502	1.289	0.104	-0.588	-1.122	-1.912	-2.530	-2.619	3.26933861	7
	0.022000	9.2041	2.00113726	2.0011	2.0511	3.6569	2.2676	-0.358	2.511	1.335	0.167	-0.515	-1.042	-1.821	-2.432	-2.520	3.26934195	7
	0.022000	9.2041	2.00154924	2.0015	2.0139	3.6599	2.3169	-0.265	2.518	1.386	0.238	-0.433	-0.952	-1.720	-2.321	-2.407	3.26936531	7
	0.022000	9.2041	2.00233555	2.0023	2.0547	3.6566	2.2634	-0.367	2.508	1.330	0.160	-0.523	-1.051	-1.831	-2.442	-2.530	3.26940989	7
	0.022000	9.2041	2.00286579	2.0029	2.0929	3.6538	2.2138	-0.462	2.495	1.275	0.086	-0.607	-1.143	-1.935	-2.554	-2.644	3.26943994	7
	0.022000	9.2041	2.00400400	2.0040	2.1391	3.6502	2.1536	-0.578	2.482	1.209	-0.003	-0.709	-1.255	-2.060	-2.690	-2.783	3.26950431	7
	0.022000	9.2041	2.00458622	2.0046	2.1728	3.6475	2.1092	-0.662	2.478	1.165	-0.065	-0.782	-1.336	-2.152	-2.789	-2.884	3.26953721	7
	0.022000	9.2041	2.00535059	2.0054	2.2119	3.6445	2.0582	-0.760	2.471	1.112	-0.138	-0.867	-1.430	-2.258	-2.904	-3.001	3.26958036	7
	0.022000	9.2041	2.00594521	2.0059	2.2572	3.6409	1.9986	-0.873	2.466	1.052	-0.222	-0.965	-1.539	-2.381	-3.037	-3.138	3.26961398	7
	0.022000	9.2041	2.00637436	2.0064	2.2989	3.6375	1.9436	-0.977	2.474	1.002	-0.296	-1.053	-1.639	-2.494	-3.159	-3.263	3.26963806	7
	0.022000	9.2041	2.00673866	2.0067	2.3404	3.6342	1.8889	-1.081	2.483	0.953	-0.369	-1.140	-1.738	-2.607	-3.281	-3.387	3.26965857	7
	0.022000	9.2041	2.00706005	2.0071	2.3824	3.6308	1.8335	-1.186	2.492	0.904	-0.443	-1.228	-1.838	-2.720	-3.403	-3.513	3.26967669	7
	0.022000	9.2041	2.00734377	2.0073	2.4246	3.6274	1.7776	-1.291	2.504	0.857	-0.514	-1.313	-1.938	-2.835	-3.527	-3.640	3.26969266	7
	0.022000	9.2041	2.00759006	2.0076	2.4667	3.6240	1.7218	-1.397	2.514	0.809	-0.586	-1.398	-2.038	-2.948	-3.649	-3.766	3.26970649	7
	0.022000	9.2041	2.00779891	2.0078	2.5092	3.6205	1.6656	-1.503	2.526	0.763	-0.657	-1.484	-2.138	-3.063	-3.773	-3.893	3.26971841	7
	0.022000	9.2041	2.00796723	2.0080	2.5517	3.6169	1.6087	-1.609	2.539	0.719	-0.724	-1.564	-2.238	-3.178	-3.897	-4.021	3.26972771	7
	0.022000	9.2041	2.00810003	2.0081	2.5940	3.6134	1.5524	-1.715	2.552	0.676	-0.790	-1.643	-2.337	-3.292	-4.020	-4.148	3.26973534	7
	0.022000	9.2041	2.00819659	2.0082	2.6325	3.6103	1.5014	-1.811	2.563	0.635	-0.852	-1.717	-2.427	-3.395	-4.132	-4.263	3.26974058	7
	0.022000	9.2041	2.00828147	2.0083	2.6719	3.6068	1.4480	-1.910	2.565	0.594	-0.906	-1.781	-2.518	-3.502	-4.248	-4.384	3.26974535	7
	0.022000	9.2041	2.00835514	2.0084	2.7102	3.6035	1.3966	-2.005	2.565	0.552	-0.960	-1.844	-2.607	-3.605	-4.360	-4.500	3.26974964	7
	0.022000	9.2041	2.00843644	2.0084	2.7560	3.5996	1.3354	-2.120	2.564	0.502	-1.026	-1.920	-2.713	-3.728	-4.493	-4.639	3.26975417	7
	0.022000	9.2041	2.00851083	2.0085	2.7997	3.5957	1.2759	-2.229	2.564	0.460	-1.077	-1.979	-2.813	-3.847	-4.622	-4.773	3.26975822	7
	0.022000	9.2041	2.00858474	2.0086	2.8436	3.5917	1.2161	-2.339	2.567	0.419	-1.129	-2.039	-2.914	-3.966	-4.751	-4.907	3.26976252	7
	0.022000	9.2041	2.00866270	2.0087	2.8894	3.5876	1.1538	-2.453	2.565	0.378	-1.176	-2.093	-3.018	-4.091	-4.886	-5.048	3.26976681	7
	0.022000	9.2041	2.00874114	2.0087	2.9340	3.5835	1.0931	-2.565	2.563	0.339	-1.217	-2.140	-3.118	-4.212	-5.017	-5.185	3.26977134	7
	0.022000	9.2041	2.00882506	2.0088	2.9793	3.5791	1.0302	-2.678	2.567	0.306	-1.251	-2.181	-3.220	-4.336	-5.151	-5.326	3.26977587	7
	0.022000	9.2041	2.00884342	2.0088	2.9891	3.5783	1.0169	-2.703	2.564	0.300	-1.256	-2.188	-3.241	-4.363	-5.180	-5.356	3.26977706	7
	0.022000	9.2041	2.00921059	2.0092	3.1908	3.5579	0.7337	-3.207	2.749	0.320	-1.280	-2.320	-3.657	-4.919	-5.754	-5.973	3.26979756	8
