# File generated by CMD 2.9 (http://stev.oapd.inaf.it/cmd) on Wed Feb  1 10:14:40 CET 2017
# isochrones PARSEC release v1.2S + COLIBRI release PR16, as in Marigo et al. 2017
# Basic reference: Marigo et al. (2017), ApJ, 835, 77
# Photometric system: <i>UBVRIJHK</i> (cf. Maiz-Apellaniz 2006 + Bessell 1990)
# Kind of output: isochrone tables
# Zini Age Mini  Mass   logL    logTe  logg  label   McoreTP C_O period0 period1 pmode  Mloss  tau1m  X   Y   Xc  Xn  Xo  Cexcess  Z	mbolmag  Umag    Bmag    Vmag    Rmag    Imag    Jmag    Hmag    Kmag 
0.00065  1.20e+10  0.0900000036   0.090 -3.193  3.4681  5.410    0  0.000  0.463     0.00     0.00 -1   5.3e-17      0.00 7.000e-01 2.990e-01 1.100e-03 5.880e-04 3.170e-03 -1.000 1.000e-03	12.754	21.761	17.585	15.307	13.744	12.131	10.810	10.401	10.374
0.00065  1.20e+10  0.0979130194   0.098 -2.973  3.4994  5.352    0  0.000  0.463     0.00     0.00 -1  9.02e-17      0.00 7.000e-01 2.990e-01 1.100e-03 5.880e-04 3.170e-03 -1.000 9.999e-04	12.203	19.399	16.276	14.173	12.891	11.585	10.371	9.855	9.737
0.00065  1.20e+10  0.1000000015   0.100 -2.918  3.5073  5.337    0  0.000  0.463     0.00     0.00 -1  1.03e-16      0.00 7.000e-01 2.990e-01 1.100e-03 5.880e-04 3.170e-03 -1.000 9.999e-04	12.065	18.859	15.964	13.914	12.682	11.447	10.258	9.725	9.590
0.00065  1.20e+10  0.1199999973   0.120 -2.633  3.5390  5.259    0  0.000  0.463     0.00     0.00 -1  1.98e-16      0.00 7.000e-01 2.990e-01 1.100e-03 5.880e-04 3.170e-03 -1.000 1.000e-03	11.353	16.704	14.591	12.783	11.703	10.723	9.642	9.066	8.882
0.00065  1.20e+10  0.1331838518   0.133 -2.510  3.5497  5.223    0  0.000  0.463     0.00     0.00 -1   2.6e-16      0.00 7.000e-01 2.990e-01 1.100e-03 5.880e-04 3.170e-03 -1.000 1.000e-03	11.046	16.001	14.084	12.364	11.320	10.410	9.365	8.785	8.592
0.00065  1.20e+10  0.1400000006   0.140 -2.452  3.5547  5.207    0  0.000  0.463     0.00     0.00 -1  2.96e-16      0.00 7.000e-01 2.990e-01 1.100e-03 5.880e-04 3.170e-03 -1.000 1.000e-03	10.899	15.674	13.843	12.166	11.138	10.260	9.233	8.651	8.453
0.00065  1.20e+10  0.1599999964   0.160 -2.310  3.5650  5.164    0  0.000  0.463     0.00     0.00 -1         0      0.00 7.000e-01 2.990e-01 1.100e-03 5.880e-04 3.170e-03 -1.000 1.000e-03	10.546	14.998	13.313	11.718	10.726	9.901	8.908	8.327	8.124
0.00065  1.20e+10  0.2000000179   0.200 -2.089  3.5786  5.094    0  0.000  0.463     0.00     0.00 -1         0      0.00 7.000e-01 2.990e-01 1.100e-03 5.880e-04 3.170e-03 -1.000 1.000e-03	9.992	14.003	12.555	11.058	10.106	9.331	8.372	7.794	7.592
0.00065  1.20e+10  0.2500000000   0.250 -1.885  3.5897  5.032    0  0.000  0.463     0.00     0.00 -1         0      0.00 7.000e-01 2.990e-01 1.100e-03 5.880e-04 3.170e-03 -1.000 1.000e-03	9.481	12.988	11.825	10.432	9.531	8.799	7.879	7.301	7.110
0.00065  1.20e+10  0.3000000417   0.300 -1.729  3.5982  4.989    0  0.000  0.463     0.00     0.00 -1         0      0.00 7.000e-01 2.990e-01 1.100e-03 5.880e-04 3.170e-03 -1.000 1.000e-03	9.092	12.130	11.224	9.929	9.082	8.390	7.509	6.931	6.753
0.00065  1.20e+10  0.3499999940   0.350 -1.602  3.6055  4.959    0  0.000  0.463     0.00     0.00 -1  1.76e-15      0.00 7.000e-01 2.990e-01 1.100e-03 5.880e-04 3.170e-03 -1.000 1.000e-03	8.776	11.682	10.821	9.566	8.748	8.074	7.214	6.634	6.460
0.00065  1.20e+10  0.4000000060   0.400 -1.456  3.6168  4.915    0  0.000  0.463     0.00     0.00 -1  2.43e-15      0.00 7.000e-01 2.990e-01 1.100e-03 5.880e-04 3.170e-03 -1.000 1.000e-03	8.411	11.119	10.324	9.129	8.355	7.710	6.881	6.296	6.131
0.00065  1.20e+10  0.4499999881   0.450 -1.280  3.6352  4.864    0  0.000  0.463     0.00     0.00 -1  3.64e-15      0.00 7.000e-01 2.990e-01 1.100e-03 5.880e-04 3.170e-03 -1.000 1.000e-03	7.971	10.368	9.679	8.573	7.870	7.273	6.491	5.908	5.763
0.00065  1.20e+10  0.5000000000   0.500 -1.081  3.6624  4.819    0  0.000  0.463     0.00     0.00 -1  5.75e-15      0.00 7.000e-01 2.990e-01 1.100e-03 5.880e-04 3.170e-03 -1.000 1.000e-03	7.471	9.404	8.893	7.909	7.304	6.776	6.067	5.515	5.400
0.00065  1.20e+10  0.5500000715   0.550 -0.862  3.6897  4.751    0  0.000  0.463     0.00     0.00 -1  9.79e-15      0.00 7.000e-01 2.990e-01 1.100e-03 5.880e-04 3.170e-03 -1.000 1.000e-03	6.926	8.388	8.098	7.228	6.708	6.238	5.611	5.115	5.023
0.00065  1.20e+10  0.6000000238   0.600 -0.653  3.7179  4.693    0  0.000  0.463     0.00     0.00 -1  1.62e-14      0.00 7.000e-01 2.990e-01 1.100e-03 5.880e-04 3.170e-03 -1.000 1.000e-03	6.403	7.431	7.363	6.614	6.160	5.740	5.196	4.762	4.689
0.00065  1.20e+10  0.6118306518   0.612 -0.602  3.7254  4.680    0  0.000  0.463     0.00     0.00 -1  1.83e-14      0.00 7.000e-01 2.990e-01 1.100e-03 5.880e-04 3.170e-03 -1.000 1.000e-03	6.274	7.197	7.183	6.467	6.029	5.622	5.098	4.679	4.612
0.00065  1.20e+10  0.6236223578   0.623 -0.550  3.7328  4.666    0  0.000  0.463     0.00     0.00 -1         0      0.00 7.000e-01 2.990e-01 1.100e-03 5.880e-04 3.170e-03 -1.000 1.000e-03	6.146	6.975	7.007	6.325	5.902	5.506	5.002	4.597	4.533
0.00065  1.20e+10  0.6350423694   0.635 -0.500  3.7398  4.652    0  0.000  0.463     0.00     0.00 -1         0      0.00 7.000e-01 2.990e-01 1.100e-03 5.880e-04 3.170e-03 -1.000 1.000e-03	6.020	6.763	6.839	6.188	5.779	5.394	4.908	4.515	4.457
0.00065  1.20e+10  0.6456662416   0.646 -0.453  3.7462  4.638    0  0.000  0.463     0.00     0.00 -1         0      0.00 7.000e-01 2.990e-01 1.100e-03 5.880e-04 3.170e-03 -1.000 1.000e-03	5.903	6.578	6.686	6.063	5.666	5.291	4.820	4.438	4.384
0.00065  1.20e+10  0.6499999762   0.650 -0.434  3.7487  4.632    0  0.000  0.463     0.00     0.00 -1  2.77e-14      0.00 7.000e-01 2.990e-01 1.100e-03 5.880e-04 3.170e-03 -1.000 9.999e-04	5.854	6.502	6.623	6.011	5.619	5.249	4.784	4.406	4.354
0.00065  1.20e+10  0.6616697907   0.662 -0.381  3.7551  4.612    0  0.000  0.463     0.00     0.00 -1  3.17e-14      0.00 7.000e-01 2.990e-01 1.100e-03 5.880e-04 3.170e-03 -1.000 9.999e-04	5.723	6.309	6.458	5.874	5.494	5.133	4.683	4.316	4.268
0.00065  1.20e+10  0.6737784743   0.674 -0.326  3.7615  4.591    0  0.000  0.463     0.00     0.00 -1  3.65e-14      0.00 7.000e-01 2.990e-01 1.100e-03 5.880e-04 3.170e-03 -1.000 1.000e-03	5.585	6.114	6.288	5.730	5.362	5.011	4.576	4.219	4.175
0.00065  1.20e+10  0.6849019527   0.685 -0.274  3.7672  4.569    0  0.000  0.463     0.00     0.00 -1         0      0.00 7.000e-01 2.990e-01 1.100e-03 5.880e-04 3.170e-03 -1.000 1.000e-03	5.455	5.935	6.131	5.596	5.238	4.895	4.473	4.126	4.086
0.00065  1.20e+10  0.6955075860   0.695 -0.223  3.7725  4.546    0  0.000  0.463     0.00     0.00 -1         0      0.00 7.000e-01 2.990e-01 1.100e-03 5.880e-04 3.170e-03 -1.000 9.999e-04	5.328	5.770	5.979	5.465	5.117	4.782	4.372	4.033	3.997
0.00065  1.20e+10  0.6999999881   0.700 -0.201  3.7747  4.535    0  0.000  0.463     0.00     0.00 -1  5.09e-14      0.00 7.000e-01 2.990e-01 1.100e-03 5.880e-04 3.170e-03 -1.000 1.000e-03	5.273	5.700	5.914	5.408	5.064	4.733	4.328	3.992	3.957
0.00065  1.20e+10  0.7037224174   0.704 -0.183  3.7765  4.526    0  0.000  0.463     0.00     0.00 -1  5.35e-14      0.00 7.000e-01 2.990e-01 1.100e-03 5.880e-04 3.170e-03 -1.000 1.000e-03	5.226	5.641	5.860	5.361	5.020	4.691	4.290	3.958	3.924
0.00065  1.20e+10  0.7145452499   0.714 -0.127  3.7815  4.497    0  0.000  0.463     0.00     0.00 -1  6.25e-14      0.00 7.000e-01 2.990e-01 1.100e-03 5.880e-04 3.170e-03 -1.000 1.000e-03	5.087	5.470	5.699	5.218	4.886	4.565	4.175	3.851	3.820
0.00065  1.20e+10  0.7247827649   0.725 -0.071  3.7860  4.465    0  0.000  0.463     0.00     0.00 -1  7.31e-14      0.00 7.000e-01 2.990e-01 1.100e-03 5.880e-04 3.170e-03 -1.000 1.000e-03	4.948	5.309	5.541	5.076	4.752	4.438	4.058	3.742	3.714
0.00065  1.20e+10  0.7337226272   0.733 -0.020  3.7899  4.435    0  0.000  0.463     0.00     0.00 -1         0      0.00 7.000e-01 2.990e-01 1.100e-03 5.880e-04 3.170e-03 -1.000 1.000e-03	4.820	5.164	5.398	4.945	4.628	4.320	3.949	3.640	3.614
0.00065  1.20e+10  0.7421575785   0.742  0.031  3.7933  4.402    0  0.000  0.463     0.00     0.00 -1         0      0.00 7.000e-01 2.990e-01 1.100e-03 5.880e-04 3.170e-03 -1.000 1.000e-03	4.692	5.021	5.256	4.815	4.504	4.202	3.839	3.536	3.512
0.00065  1.20e+10  0.7500000000   0.750  0.081  3.7963  4.369    0  0.000  0.463     0.00     0.00 -1  1.14e-13      0.00 7.000e-01 2.990e-01 1.100e-03 5.880e-04 3.170e-03 -1.000 1.000e-03	4.567	4.885	5.118	4.686	4.381	4.084	3.728	3.431	3.408
0.00065  1.20e+10  0.7576214075   0.757  0.133  3.7991  4.332    0  0.000  0.463     0.00     0.00 -1  1.33e-13      0.00 7.000e-01 2.990e-01 1.100e-03 5.880e-04 3.170e-03 -1.000 1.000e-03	4.437	4.747	4.976	4.554	4.253	3.961	3.612	3.321	3.298
0.00065  1.20e+10  0.7654940486   0.765  0.191  3.8017  4.289    0  0.000  0.463     0.00     0.00 -1  1.59e-13      0.00 7.000e-01 2.990e-01 1.100e-03 5.880e-04 3.170e-03 -1.000 1.000e-03	4.293	4.597	4.821	4.407	4.112	3.824	3.480	3.195	3.173
0.00065  1.20e+10  0.7725309730   0.772  0.246  3.8035  4.246    0  0.000  0.463     0.00     0.00 -1  1.88e-13      0.00 7.000e-01 2.990e-01 1.100e-03 5.880e-04 3.170e-03 -1.000 1.000e-03	4.155	4.455	4.674	4.266	3.975	3.691	3.351	3.070	3.049
0.00065  1.20e+10  0.7786979675   0.778  0.298  3.8047  4.201    0  0.000  0.463     0.00     0.00 -1  2.23e-13      0.00 7.000e-01 2.990e-01 1.100e-03 5.880e-04 3.170e-03 -1.000 1.000e-03	4.025	4.323	4.538	4.134	3.845	3.563	3.227	2.948	2.927
0.00065  1.20e+10  0.7805675864   0.780  0.315  3.8049  4.187    0  0.000  0.463     0.00     0.00 -1  2.36e-13      0.00 7.000e-01 2.990e-01 1.100e-03 5.880e-04 3.170e-03 -1.000 1.000e-03	3.984	4.282	4.495	4.092	3.804	3.522	3.186	2.909	2.888
0.00065  1.20e+10  0.7821078300   0.781  0.329  3.8048  4.173    0  0.000  0.463     0.00     0.00 -1  2.48e-13      0.00 7.000e-01 2.990e-01 1.100e-03 5.880e-04 3.170e-03 -1.000 1.000e-03	3.947	4.246	4.457	4.055	3.767	3.485	3.149	2.871	2.850
0.00065  1.20e+10  0.7880753875   0.787  0.390  3.8035  4.110    0  0.000  0.463     0.00     0.00 -1         0      0.00 7.000e-01 2.990e-01 1.100e-03 5.880e-04 3.170e-03 -1.000 1.000e-03	3.795	4.102	4.307	3.903	3.613	3.330	2.990	2.710	2.689
0.00065  1.20e+10  0.7925919294   0.792  0.442  3.8006  4.048    0  0.000  0.463     0.00     0.00 -1         0      0.00 7.000e-01 2.990e-01 1.100e-03 5.880e-04 3.170e-03 -1.000 1.000e-03	3.664	3.983	4.184	3.773	3.479	3.191	2.845	2.559	2.537
0.00065  1.20e+10  0.7933601141   0.792  0.452  3.7998  4.036    0  0.000  0.463     0.00     0.00 -1         0      0.00 7.000e-01 2.990e-01 1.100e-03 5.880e-04 3.170e-03 -1.000 1.000e-03	3.639	3.961	4.162	3.749	3.453	3.165	2.817	2.529	2.507
0.00065  1.20e+10  0.7947765589   0.794  0.472  3.7977  4.009    0  0.000  0.463     0.00     0.00 -1         0      0.00 7.000e-01 2.990e-01 1.100e-03 5.880e-04 3.170e-03 -1.000 1.000e-03	3.590	3.920	4.119	3.701	3.402	3.110	2.757	2.466	2.443
0.00065  1.20e+10  0.7975707054   0.796  0.515  3.7917  3.943    0  0.000  0.463     0.00     0.00 -1         0      0.00 7.000e-01 2.990e-01 1.100e-03 5.880e-04 3.170e-03 -1.000 1.000e-03	3.483	3.837	4.031	3.597	3.289	2.987	2.620	2.317	2.292
0.00065  1.20e+10  0.7996094823   0.798  0.551  3.7843  3.878    0  0.000  0.463     0.00     0.00 -1         0      0.00 7.000e-01 2.990e-01 1.100e-03 5.880e-04 3.170e-03 -1.000 1.000e-03	3.393	3.782	3.968	3.513	3.191	2.879	2.493	2.176	2.148
0.00065  1.20e+10  0.8000000119   0.799  0.559  3.7823  3.863    0  0.000  0.463     0.00     0.00 -1  5.91e-13      0.00 7.000e-01 2.990e-01 1.100e-03 5.880e-04 3.170e-03 -1.000 1.000e-03	3.373	3.772	3.956	3.495	3.170	2.855	2.464	2.143	2.114
0.00065  1.20e+10  0.8010869026   0.800  0.580  3.7767  3.820    0  0.000  0.463     0.00     0.00 -1  6.52e-13      0.00 7.000e-01 2.990e-01 1.100e-03 5.880e-04 3.170e-03 -1.000 1.000e-03	3.320	3.749	3.926	3.447	3.112	2.788	2.384	2.051	2.020
0.00065  1.20e+10  0.8024752140   0.801  0.609  3.7674  3.754    0  0.000  0.463     0.00     0.00 -1  7.53e-13      0.00 7.000e-01 2.990e-01 1.100e-03 5.880e-04 3.170e-03 -1.000 9.999e-04	3.246	3.732	3.893	3.383	3.033	2.693	2.266	1.914	1.879
0.00065  1.20e+10  0.8034631610   0.802  0.635  3.7592  3.697    0  0.000  0.463     0.00     0.00 -1  8.52e-13      0.00 7.000e-01 2.990e-01 1.100e-03 5.880e-04 3.170e-03 -1.000 1.000e-03	3.183	3.729	3.869	3.330	2.965	2.613	2.165	1.796	1.757
0.00065  1.20e+10  0.8043652773   0.803  0.667  3.7516  3.635    0  0.000  0.463     0.00     0.00 -1  9.83e-13      0.00 7.000e-01 2.990e-01 1.100e-03 5.880e-04 3.170e-03 -1.000 1.000e-03	3.104	3.706	3.827	3.260	2.881	2.517	2.050	1.665	1.622
0.00065  1.20e+10  0.8050668240   0.804  0.701  3.7463  3.579    0  0.000  0.463     0.00     0.00 -1  1.14e-12      0.00 7.000e-01 2.990e-01 1.100e-03 5.880e-04 3.170e-03 -1.000 1.000e-03	3.016	3.667	3.769	3.180	2.792	2.419	1.939	1.542	1.497
0.00065  1.20e+10  0.8057400584   0.804  0.744  3.7420  3.519    0  0.000  0.463     0.00     0.00 -1  1.34e-12      0.00 7.000e-01 2.990e-01 1.100e-03 5.880e-04 3.170e-03 -1.000 1.000e-03	2.911	3.599	3.687	3.081	2.685	2.305	1.813	1.407	1.360
0.00065  1.20e+10  0.8058502674   0.804  0.752  3.7414  3.509    0  0.000  0.463     0.00     0.00 -1  1.39e-12      0.00 7.000e-01 2.990e-01 1.100e-03 5.880e-04 3.170e-03 -1.000 1.000e-03	2.890	3.583	3.669	3.061	2.664	2.283	1.790	1.383	1.335
0.00065  1.20e+10  0.8064302206   0.805  0.798  3.7386  3.452    0  0.000  0.463     0.00     0.00 -1  1.64e-12      0.00 7.000e-01 2.990e-01 1.100e-03 5.880e-04 3.170e-03 -1.000 1.000e-03	2.776	3.495	3.570	2.951	2.549	2.164	1.663	1.250	1.202
0.00065  1.20e+10  0.8069189191   0.805  0.839  3.7365  3.403    0  0.000  0.463     0.00     0.00 -1  1.91e-12      0.00 7.000e-01 2.990e-01 1.100e-03 5.880e-04 3.170e-03 -1.000 1.000e-03	2.671	3.413	3.477	2.850	2.444	2.055	1.549	1.131	1.082
0.00065  1.20e+10  0.8074612617   0.806  0.890  3.7345  3.344    0  0.000  0.463     0.00     0.00 -1  2.29e-12      0.00 7.000e-01 2.990e-01 1.100e-03 5.880e-04 3.170e-03 -1.000 1.000e-03	2.545	3.310	3.362	2.727	2.318	1.926	1.414	0.991	0.941
0.00065  1.20e+10  0.8079624772   0.806  0.940  3.7326  3.286    0  0.000  0.463     0.00     0.00 -1  2.75e-12      0.00 7.000e-01 2.990e-01 1.100e-03 5.880e-04 3.170e-03 -1.000 1.000e-03	2.419	3.205	3.247	2.604	2.191	1.797	1.279	0.852	0.801
0.00065  1.20e+10  0.8084654808   0.807  0.995  3.7309  3.225    0  0.000  0.463     0.00     0.00 -1  3.35e-12      0.00 7.000e-01 2.990e-01 1.100e-03 5.880e-04 3.170e-03 -1.000 1.000e-03	2.281	3.088	3.120	2.470	2.054	1.656	1.134	0.703	0.651
0.00065  1.20e+10  0.8089109659   0.807  1.049  3.7292  3.165    0  0.000  0.463     0.00     0.00 -1  4.05e-12      0.00 7.000e-01 2.990e-01 1.100e-03 5.880e-04 3.170e-03 -1.000 1.000e-03	2.149	2.974	2.996	2.340	1.921	1.521	0.994	0.559	0.506
0.00065  1.20e+10  0.8092889190   0.807  1.098  3.7277  3.110    0  0.000  0.463     0.00     0.00 -1  4.83e-12      0.00 7.000e-01 2.990e-01 1.100e-03 5.880e-04 3.170e-03 -1.000 1.000e-03	2.026	2.868	2.883	2.221	1.799	1.396	0.865	0.426	0.373
0.00065  1.20e+10  0.8095847964   0.807  1.139  3.7264  3.064    0  0.000  0.463     0.00     0.00 -1   5.6e-12      0.00 7.000e-01 2.990e-01 1.100e-03 5.880e-04 3.170e-03 -1.000 1.000e-03	1.923	2.779	2.787	2.119	1.695	1.290	0.755	0.314	0.260
0.00065  1.20e+10  0.8099123836   0.808  1.189  3.7249  3.008    0  0.000  0.463     0.00     0.00 -1   6.7e-12      0.00 7.000e-01 2.990e-01 1.100e-03 5.880e-04 3.170e-03 -1.000 1.000e-03	1.798	2.671	2.671	1.998	1.571	1.163	0.624	0.178	0.124
0.00065  1.20e+10  0.8102256060   0.808  1.241  3.7232  2.949    0  0.000  0.463     0.00     0.00 -1  8.08e-12      0.00 7.000e-01 2.990e-01 1.100e-03 5.880e-04 3.170e-03 -1.000 1.000e-03	1.667	2.562	2.551	1.870	1.440	1.030	0.486	0.036	-0.019
0.00065  1.20e+10  0.8105093241   0.808  1.293  3.7215  2.890    0  0.000  0.463     0.00     0.00 -1  9.75e-12      0.00 7.000e-01 2.990e-01 1.100e-03 5.880e-04 3.170e-03 -1.000 1.000e-03	1.537	2.457	2.433	1.744	1.311	0.897	0.348	-0.106	-0.161
0.00065  1.20e+10  0.8107569814   0.808  1.343  3.7199  2.834    0  0.000  0.463     0.00     0.00 -1  1.17e-11      0.00 7.000e-01 2.990e-01 1.100e-03 5.880e-04 3.170e-03 -1.000 1.000e-03	1.413	2.356	2.320	1.624	1.187	0.770	0.216	-0.242	-0.297
0.00065  1.20e+10  0.8109809160   0.808  1.392  3.7181  2.778    0  0.000  0.463     0.00     0.00 -1  1.39e-11      0.00 7.000e-01 2.990e-01 1.100e-03 5.880e-04 3.170e-03 -1.000 1.000e-03	1.290	2.259	2.209	1.505	1.064	0.645	0.086	-0.377	-0.433
0.00065  1.20e+10  0.8111823201   0.808  1.441  3.7163  2.722    0  0.000  0.463     0.00     0.00 -1  1.66e-11      0.00 7.000e-01 2.990e-01 1.100e-03 5.880e-04 3.170e-03 -1.000 1.000e-03	1.168	2.162	2.101	1.388	0.944	0.521	-0.043	-0.510	-0.567
0.00065  1.20e+10  0.8113693595   0.808  1.490  3.7145  2.665    0  0.000  0.463     0.00     0.00 -1  1.99e-11      0.00 7.000e-01 2.990e-01 1.100e-03 5.880e-04 3.170e-03 -1.000 1.000e-03	1.044	2.064	1.990	1.269	0.821	0.395	-0.175	-0.646	-0.704
0.00065  1.20e+10  0.8115348816   0.808  1.538  3.7126  2.610    0  0.000  0.463     0.00     0.00 -1  2.37e-11      0.00 7.000e-01 2.990e-01 1.100e-03 5.880e-04 3.170e-03 -1.000 1.000e-03	0.924	1.971	1.884	1.153	0.701	0.272	-0.303	-0.779	-0.838
0.00065  1.20e+10  0.8116893172   0.808  1.588  3.7107  2.553    0  0.000  0.463     0.00     0.00 -1  2.83e-11      0.00 7.000e-01 2.990e-01 1.100e-03 5.880e-04 3.170e-03 -1.000 1.000e-03	0.801	1.875	1.775	1.035	0.579	0.147	-0.435	-0.916	-0.975
0.00065  1.20e+10  0.8118258119   0.808  1.635  3.7087  2.497    0  0.000  0.463     0.00     0.00 -1  3.37e-11      0.00 7.000e-01 2.990e-01 1.100e-03 5.880e-04 3.170e-03 -1.000 9.999e-04	0.682	1.785	1.672	0.922	0.462	0.026	-0.562	-1.048	-1.108
0.00065  1.20e+10  0.8119474053   0.808  1.681  3.7068  2.443    0  0.000  0.463     0.00     0.00 -1  3.99e-11      0.00 7.000e-01 2.990e-01 1.100e-03 5.880e-04 3.170e-03 -1.000 1.000e-03	0.567	1.703	1.573	0.812	0.348	-0.092	-0.685	-1.177	-1.238
0.00065  1.20e+10  0.8120602369   0.808  1.728  3.7048  2.389    0  0.000  0.463     0.00     0.00 -1  4.73e-11      0.00 7.000e-01 2.990e-01 1.100e-03 5.880e-04 3.170e-03 -1.000 1.000e-03	0.450	1.619	1.472	0.701	0.232	-0.211	-0.810	-1.307	-1.368
0.00065  1.20e+10  0.8121603727   0.808  1.773  3.7028  2.335    0  0.000  0.463     0.00     0.00 -1  5.58e-11      0.00 7.000e-01 2.990e-01 1.100e-03 5.880e-04 3.170e-03 -1.000 1.000e-03	0.337	1.541	1.377	0.594	0.121	-0.326	-0.932	-1.433	-1.496
0.00065  1.20e+10  0.8122547865   0.807  1.819  3.7007  2.281    0  0.000  0.463     0.00     0.00 -1  6.61e-11      0.00 7.000e-01 2.990e-01 1.100e-03 5.880e-04 3.170e-03 -1.000 1.000e-03	0.222	1.461	1.280	0.486	0.007	-0.444	-1.055	-1.562	-1.625
0.00065  1.20e+10  0.8123398423   0.807  1.864  3.6987  2.228    0  0.000  0.463     0.00     0.00 -1  7.79e-11      0.00 7.000e-01 2.990e-01 1.100e-03 5.880e-04 3.170e-03 -1.000 1.000e-03	0.110	1.385	1.187	0.380	-0.103	-0.558	-1.176	-1.688	-1.752
0.00065  1.20e+10  0.8124193549   0.807  1.909  3.6965  2.174    0  0.000  0.463     0.00     0.00 -1  9.19e-11      0.00 7.000e-01 2.990e-01 1.100e-03 5.880e-04 3.170e-03 -1.000 1.000e-03	-0.002	1.309	1.094	0.275	-0.213	-0.672	-1.296	-1.814	-1.879
0.00065  1.20e+10  0.8124955297   0.807  1.953  3.6944  2.121    0  0.000  0.463     0.00     0.00 -1  1.08e-10      0.00 7.000e-01 2.990e-01 1.100e-03 5.880e-04 3.170e-03 -1.000 1.000e-03	-0.114	1.238	1.003	0.171	-0.323	-0.786	-1.417	-1.940	-2.006
0.00065  1.20e+10  0.8125736117   0.806  1.995  3.6923  2.071    0  0.000  0.463     0.00     0.00 -1  1.26e-10      0.00 7.000e-01 2.990e-01 1.100e-03 5.880e-04 3.170e-03 -1.000 1.000e-03	-0.217	1.174	0.920	0.075	-0.424	-0.891	-1.528	-2.058	-2.124
0.00065  1.20e+10  0.8126446009   0.806  2.022  3.6911  2.039    0  0.000  0.463     0.00     0.00 -1   1.4e-10      0.00 7.000e-01 2.990e-01 1.100e-03 5.880e-04 3.170e-03 -1.000 1.000e-03	-0.285	1.130	0.864	0.013	-0.489	-0.959	-1.600	-2.133	-2.200
0.00065  1.20e+10  0.8126888871   0.806  2.008  3.6921  2.057    0  0.000  0.463     0.00     0.00 -1  1.34e-10      0.00 7.000e-01 2.990e-01 1.100e-03 5.880e-04 3.170e-03 -1.000 1.000e-03	-0.250	1.147	0.889	0.044	-0.456	-0.923	-1.561	-2.091	-2.158
0.00065  1.20e+10  0.8127044439   0.805  2.003  3.6925  2.063    0  0.000  0.463     0.00     0.00 -1  1.31e-10      0.00 7.000e-01 2.990e-01 1.100e-03 5.880e-04 3.170e-03 -1.000 1.000e-03	-0.237	1.153	0.899	0.055	-0.443	-0.910	-1.547	-2.076	-2.142
0.00065  1.20e+10  0.8127552271   0.805  2.043  3.6905  2.015    0  0.000  0.463     0.00     0.00 -1  1.51e-10      0.00 7.000e-01 2.990e-01 1.100e-03 5.880e-04 3.170e-03 -1.000 1.000e-03	-0.337	1.092	0.818	-0.037	-0.541	-1.012	-1.655	-2.190	-2.257
0.00065  1.20e+10  0.8128033280   0.805  2.083  3.6883  1.966    0  0.000  0.463     0.00     0.00 -1  1.75e-10      0.00 7.000e-01 2.990e-01 1.100e-03 5.880e-04 3.170e-03 -1.000 1.000e-03	-0.438	1.035	0.740	-0.130	-0.639	-1.114	-1.764	-2.305	-2.372
0.00065  1.20e+10  0.8128501773   0.804  2.125  3.6861  1.915    0  0.000  0.463     0.00     0.00 -1  2.04e-10      0.00 7.000e-01 2.990e-01 1.100e-03 5.880e-04 3.170e-03 -1.000 1.000e-03	-0.542	0.978	0.659	-0.225	-0.740	-1.220	-1.877	-2.424	-2.492
0.00065  1.20e+10  0.8128936887   0.804  2.167  3.6839  1.864    0  0.000  0.463     0.00     0.00 -1  2.38e-10      0.00 7.000e-01 2.990e-01 1.100e-03 5.880e-04 3.170e-03 -1.000 1.000e-03	-0.646	0.923	0.579	-0.320	-0.841	-1.325	-1.990	-2.543	-2.612
0.00065  1.20e+10  0.8129324913   0.803  2.207  3.6816  1.815    0  0.000  0.463     0.00     0.00 -1  2.77e-10      0.00 7.000e-01 2.990e-01 1.100e-03 5.880e-04 3.170e-03 -1.000 1.000e-03	-0.747	0.872	0.504	-0.411	-0.938	-1.427	-2.099	-2.659	-2.728
0.00065  1.20e+10  0.8129686117   0.803  2.247  3.6794  1.766    0  0.000  0.463     0.00     0.00 -1  3.21e-10      0.00 7.000e-01 2.990e-01 1.100e-03 5.880e-04 3.170e-03 -1.000 1.000e-03	-0.847	0.823	0.430	-0.500	-1.034	-1.527	-2.207	-2.773	-2.843
0.00065  1.20e+10  0.8130019903   0.802  2.286  3.6770  1.716    0  0.000  0.463     0.00     0.00 -1  3.73e-10      0.00 7.000e-01 2.990e-01 1.100e-03 5.880e-04 3.170e-03 -1.000 1.000e-03	-0.946	0.778	0.359	-0.588	-1.128	-1.626	-2.315	-2.888	-2.958
0.00065  1.20e+10  0.8130329847   0.802  2.326  3.6748  1.667    0  0.000  0.463     0.00     0.00 -1  4.32e-10      0.00 7.000e-01 2.990e-01 1.100e-03 5.880e-04 3.170e-03 -1.000 1.000e-03	-1.045	0.733	0.287	-0.676	-1.223	-1.725	-2.422	-3.001	-3.073
0.00065  1.20e+10  0.8130607605   0.801  2.364  3.6725  1.620    0  0.000  0.463     0.00     0.00 -1  4.98e-10      0.00 7.000e-01 2.990e-01 1.100e-03 5.880e-04 3.170e-03 -1.000 1.000e-03	-1.139	0.695	0.221	-0.759	-1.313	-1.820	-2.525	-3.111	-3.184
0.00065  1.20e+10  0.8130866885   0.800  2.402  3.6702  1.572    0  0.000  0.463     0.00     0.00 -1  5.74e-10      0.00 7.000e-01 2.990e-01 1.100e-03 5.880e-04 3.170e-03 -1.000 1.000e-03	-1.235	0.656	0.154	-0.843	-1.403	-1.916	-2.629	-3.221	-3.295
0.00065  1.20e+10  0.8131161928   0.800  2.448  3.6672  1.513    0  0.000  0.463     0.00     0.00 -1  6.84e-10      0.00 7.000e-01 2.990e-01 1.100e-03 5.880e-04 3.170e-03 -1.000 1.000e-03	-1.351	0.613	0.076	-0.943	-1.513	-2.032	-2.755	-3.357	-3.431
0.00065  1.20e+10  0.8131426573   0.799  2.494  3.6644  1.457    0  0.000  0.463     0.00     0.00 -1  8.11e-10      0.00 7.000e-01 2.990e-01 1.100e-03 5.880e-04 3.170e-03 -1.000 1.000e-03	-1.464	0.578	0.003	-1.039	-1.619	-2.144	-2.878	-3.488	-3.563
0.00065  1.20e+10  0.8131672144   0.798  2.539  3.6615  1.399    0  0.000  0.463     0.00     0.00 -1  9.63e-10      0.00 7.000e-01 2.990e-01 1.100e-03 5.880e-04 3.170e-03 -1.000 1.000e-03	-1.578	0.551	-0.067	-1.135	-1.725	-2.257	-3.002	-3.620	-3.697
0.00065  1.20e+10  0.8131892085   0.796  2.583  3.6587  1.343    0  0.000  0.463     0.00     0.00 -1  1.14e-09      0.00 7.000e-01 2.990e-01 1.100e-03 5.880e-04 3.170e-03 -1.000 9.999e-04	-1.687	0.527	-0.133	-1.226	-1.827	-2.366	-3.122	-3.748	-3.825
0.00065  1.20e+10  0.8132092953   0.795  2.626  3.6557  1.287    0  0.000  0.463     0.00     0.00 -1  1.34e-09      0.00 7.000e-01 2.990e-01 1.100e-03 5.880e-04 3.170e-03 -1.000 1.000e-03	-1.795	0.511	-0.195	-1.315	-1.927	-2.473	-3.241	-3.875	-3.954
0.00065  1.20e+10  0.8132286072   0.794  2.671  3.6527  1.230    0  0.000  0.463     0.00     0.00 -1  1.59e-09      0.00 7.000e-01 2.990e-01 1.100e-03 5.880e-04 3.170e-03 -1.000 1.000e-03	-1.907	0.496	-0.257	-1.406	-2.029	-2.583	-3.363	-4.006	-4.086
0.00065  1.20e+10  0.8132453561   0.792  2.712  3.6498  1.176    0  0.000  0.463     0.00     0.00 -1  1.86e-09      0.00 7.000e-01 2.990e-01 1.100e-03 5.880e-04 3.170e-03 -1.000 1.000e-03	-2.011	0.490	-0.311	-1.487	-2.122	-2.684	-3.476	-4.128	-4.209
0.00065  1.20e+10  0.8132610917   0.791  2.754  3.6469  1.121    0  0.000  0.463     0.00     0.00 -1  2.19e-09      0.00 7.000e-01 2.990e-01 1.100e-03 5.880e-04 3.170e-03 -1.000 1.000e-03	-2.116	0.487	-0.364	-1.568	-2.216	-2.786	-3.590	-4.252	-4.334
0.00065  1.20e+10  0.8132759929   0.789  2.797  3.6440  1.066    0  0.000  0.463     0.00     0.00 -1  2.57e-09      0.00 7.000e-01 2.990e-01 1.100e-03 5.880e-04 3.170e-03 -1.000 1.000e-03	-2.223	0.486	-0.417	-1.650	-2.311	-2.889	-3.705	-4.377	-4.461
0.00065  1.20e+10  0.8132888675   0.787  2.836  3.6411  1.014    0  0.000  0.463     0.00     0.00 -1  2.99e-09      0.00 7.000e-01 2.990e-01 1.100e-03 5.880e-04 3.170e-03 -1.000 1.000e-03	-2.321	0.493	-0.463	-1.724	-2.398	-2.984	-3.813	-4.493	-4.578
0.00065  1.20e+10  0.8133013248   0.785  2.877  3.6381  0.960    0  0.000  0.463     0.00     0.00 -1   3.5e-09      0.00 7.000e-01 2.990e-01 1.100e-03 5.880e-04 3.170e-03 -1.000 1.000e-03	-2.423	0.511	-0.503	-1.797	-2.486	-3.081	-3.923	-4.613	-4.700
0.00065  1.20e+10  0.8133130074   0.783  2.918  3.6353  0.907    0  0.000  0.463     0.00     0.00 -1   4.1e-09      0.00 7.000e-01 2.990e-01 1.100e-03 5.880e-04 3.170e-03 -1.000 9.999e-04	-2.525	0.534	-0.540	-1.869	-2.573	-3.178	-4.034	-4.733	-4.822
0.00065  1.20e+10  0.8133230805   0.781  2.955  3.6325  0.857    0  0.000  0.463     0.00     0.00 -1  4.74e-09      0.00 7.000e-01 2.990e-01 1.100e-03 5.880e-04 3.170e-03 -1.000 1.000e-03	-2.618	0.563	-0.571	-1.932	-2.652	-3.267	-4.135	-4.843	-4.935
0.00065  1.20e+10  0.8133327961   0.778  2.994  3.6295  0.805    0  0.000  0.463     0.00     0.00 -1   5.5e-09      0.00 7.000e-01 2.990e-01 1.100e-03 5.880e-04 3.170e-03 -1.000 1.000e-03	-2.714	0.597	-0.599	-1.996	-2.732	-3.357	-4.240	-4.958	-5.051
0.00065  1.20e+10  0.8133422136   0.775  3.033  3.6267  0.753    0  0.000  0.463     0.00     0.00 -1  6.41e-09      0.00 7.000e-01 2.990e-01 1.100e-03 5.880e-04 3.170e-03 -1.000 1.000e-03	-2.813	0.632	-0.629	-2.063	-2.815	-3.451	-4.347	-5.074	-5.169
0.00065  1.20e+10  0.8133504391   0.772  3.070  3.6239  0.704    0  0.000  0.463     0.00     0.00 -1  7.39e-09      0.00 7.000e-01 2.990e-01 1.100e-03 5.880e-04 3.170e-03 -1.000 1.000e-03	-2.904	0.670	-0.652	-2.120	-2.889	-3.535	-4.446	-5.182	-5.280
0.00065  1.20e+10  0.8133586049   0.769  3.108  3.6210  0.652    0  0.000  0.463     0.00     0.00 -1  8.58e-09      0.00 7.000e-01 2.990e-01 1.100e-03 5.880e-04 3.170e-03 -1.000 1.000e-03	-2.999	0.711	-0.675	-2.179	-2.966	-3.622	-4.548	-5.294	-5.395
0.00065  1.20e+10  0.8133661151   0.765  3.145  3.6182  0.602    0  0.000  0.463     0.00     0.00 -1  9.94e-09      0.00 7.000e-01 2.990e-01 1.100e-03 5.880e-04 3.170e-03 -1.000 1.000e-03	-3.093	0.753	-0.697	-2.236	-3.040	-3.708	-4.649	-5.404	-5.507
0.00065  1.20e+10  0.8133730888   0.762  3.181  3.6155  0.552    0  0.000  0.463     0.00     0.00 -1  1.15e-08      0.00 7.000e-01 2.990e-01 1.100e-03 5.880e-04 3.170e-03 -1.000 1.000e-03	-3.183	0.795	-0.717	-2.291	-3.113	-3.791	-4.747	-5.511	-5.617
0.00065  1.20e+10  0.8133797050   0.757  3.218  3.6127  0.502    0  0.000  0.463     0.00     0.00 -1  1.32e-08      0.00 7.000e-01 2.990e-01 1.100e-03 5.880e-04 3.170e-03 -1.000 1.000e-03	-3.275	0.842	-0.735	-2.345	-3.185	-3.874	-4.845	-5.619	-5.728
0.00065  1.20e+10  0.8133859634   0.753  3.254  3.6099  0.453    0  0.000  0.463     0.00     0.00 -1  1.53e-08      0.00 7.000e-01 2.990e-01 1.100e-03 5.880e-04 3.170e-03 -1.000 1.000e-03	-3.365	0.893	-0.744	-2.392	-3.253	-3.955	-4.942	-5.725	-5.837
0.00065  1.20e+10  0.8133918047   0.748  3.288  3.6074  0.405    0  0.000  0.463     0.00     0.00 -1  1.75e-08      0.00 7.000e-01 2.990e-01 1.100e-03 5.880e-04 3.170e-03 -1.000 1.000e-03	-3.450	0.940	-0.751	-2.435	-3.316	-4.032	-5.033	-5.825	-5.940
0.00065  1.20e+10  0.8133962154   0.744  1.728  3.7593  2.571    4  0.000  0.463     0.00     0.00 -1         0      0.00 7.000e-01 2.990e-01 1.100e-03 5.880e-04 3.170e-03 -1.000 1.000e-03	0.451	1.046	1.085	0.571	0.215	-0.130	-0.577	-0.938	-0.976
0.00065  1.20e+10  0.8134459853   0.744  1.744  3.7574  2.547    4  0.000  0.463     0.00     0.00 -1         0      0.00 7.000e-01 2.990e-01 1.100e-03 5.880e-04 3.170e-03 -1.000 1.000e-03	0.410	1.019	1.054	0.534	0.174	-0.174	-0.626	-0.991	-1.030
0.00065  1.20e+10  0.8134968281   0.744  1.747  3.7573  2.544    4  0.000  0.463     0.00     0.00 -1         0      0.00 7.000e-01 2.990e-01 1.100e-03 5.880e-04 3.170e-03 -1.000 1.000e-03	0.402	1.011	1.046	0.526	0.166	-0.183	-0.634	-0.999	-1.038
0.00065  1.20e+10  0.8135486245   0.744  1.748  3.7577  2.544    4  0.000  0.463     0.00     0.00 -1         0      0.00 7.000e-01 2.990e-01 1.100e-03 5.880e-04 3.170e-03 -1.000 1.000e-03	0.399	1.006	1.042	0.522	0.164	-0.185	-0.636	-1.000	-1.039
0.00065  1.20e+10  0.8136020899   0.744  1.749  3.7583  2.546    4  0.000  0.463     0.00     0.00 -1         0      0.00 7.000e-01 2.990e-01 1.100e-03 5.880e-04 3.170e-03 -1.000 1.000e-03	0.398	1.001	1.037	0.520	0.162	-0.185	-0.634	-0.997	-1.035
0.00065  1.20e+10  0.8136541247   0.744  1.749  3.7592  2.550    4  0.000  0.463     0.00     0.00 -1         0      0.00 7.000e-01 2.990e-01 1.100e-03 5.880e-04 3.170e-03 -1.000 1.000e-03	0.399	0.995	1.032	0.519	0.163	-0.183	-0.629	-0.990	-1.028
0.00065  1.20e+10  0.8137065768   0.744  1.748  3.7603  2.555    4  0.000  0.463     0.00     0.00 -1         0      0.00 7.000e-01 2.990e-01 1.100e-03 5.880e-04 3.170e-03 -1.000 1.000e-03	0.400	0.989	1.027	0.518	0.165	-0.179	-0.623	-0.981	-1.019
0.00065  1.20e+10  0.8137601614   0.744  1.747  3.7617  2.561    4  0.000  0.463     0.00     0.00 -1         0      0.00 7.000e-01 2.990e-01 1.100e-03 5.880e-04 3.170e-03 -1.000 1.000e-03	0.403	0.982	1.021	0.518	0.167	-0.174	-0.614	-0.969	-1.006
0.00065  1.20e+10  0.8138130307   0.744  1.746  3.7632  2.569    4  0.000  0.463     0.00     0.00 -1         0      0.00 7.000e-01 2.990e-01 1.100e-03 5.880e-04 3.170e-03 -1.000 1.000e-03	0.406	0.975	1.016	0.518	0.170	-0.168	-0.604	-0.956	-0.993
0.00065  1.20e+10  0.8138667941   0.744  1.745  3.7647  2.576    4  0.000  0.463     0.00     0.00 -1         0      0.00 7.000e-01 2.990e-01 1.100e-03 5.880e-04 3.170e-03 -1.000 1.000e-03	0.409	0.967	1.010	0.518	0.174	-0.162	-0.594	-0.942	-0.978
0.00065  1.20e+10  0.8139176369   0.744  1.744  3.7661  2.583    4  0.000  0.463     0.00     0.00 -1         0      0.00 7.000e-01 2.990e-01 1.100e-03 5.880e-04 3.170e-03 -1.000 1.000e-03	0.411	0.960	1.005	0.518	0.176	-0.157	-0.585	-0.930	-0.966
0.00065  1.20e+10  0.8139718175   0.744  1.743  3.7675  2.589    4  0.000  0.463     0.00     0.00 -1         0      0.00 7.000e-01 2.990e-01 1.100e-03 5.880e-04 3.170e-03 -1.000 1.000e-03	0.414	0.955	1.000	0.518	0.179	-0.152	-0.577	-0.918	-0.953
0.00065  1.20e+10  0.8140250444   0.744  1.742  3.7687  2.595    4  0.000  0.463     0.00     0.00 -1         0      0.00 7.000e-01 2.990e-01 1.100e-03 5.880e-04 3.170e-03 -1.000 1.000e-03	0.416	0.950	0.996	0.518	0.181	-0.147	-0.569	-0.907	-0.942
0.00065  1.20e+10  0.8140748739   0.744  1.741  3.7697  2.599    4  0.000  0.463     0.00     0.00 -1         0      0.00 7.000e-01 2.990e-01 1.100e-03 5.880e-04 3.170e-03 -1.000 9.999e-04	0.417	0.946	0.992	0.518	0.183	-0.144	-0.563	-0.899	-0.934
0.00065  1.20e+10  0.8141273856   0.744  1.741  3.7705  2.603    4  0.000  0.463     0.00     0.00 -1         0      0.00 7.000e-01 2.990e-01 1.100e-03 5.880e-04 3.170e-03 -1.000 1.000e-03	0.418	0.943	0.989	0.518	0.184	-0.141	-0.558	-0.892	-0.927
0.00065  1.20e+10  0.8141396642   0.744  1.741  3.7707  2.604    4  0.000  0.463     0.00     0.00 -1         0      0.00 7.000e-01 2.990e-01 1.100e-03 5.880e-04 3.170e-03 -1.000 1.000e-03	0.418	0.942	0.988	0.518	0.184	-0.140	-0.557	-0.890	-0.925
0.00065  1.20e+10  0.8141518831   0.744  1.741  3.7708  2.604    4  0.000  0.463     0.00     0.00 -1         0      0.00 7.000e-01 2.990e-01 1.100e-03 5.880e-04 3.170e-03 -1.000 1.000e-03	0.418	0.941	0.987	0.517	0.184	-0.140	-0.557	-0.890	-0.924
0.00065  1.20e+10  0.8142053485   0.745  1.741  3.7711  2.605    4  0.000  0.463     0.00     0.00 -1         0      0.00 7.000e-01 2.990e-01 1.100e-03 5.880e-04 3.170e-03 -1.000 1.000e-03	0.418	0.939	0.985	0.516	0.184	-0.140	-0.556	-0.888	-0.922
0.00065  1.20e+10  0.8142595291   0.745  1.741  3.7712  2.605    4  0.000  0.463     0.00     0.00 -1         0      0.00 7.000e-01 2.990e-01 1.100e-03 5.880e-04 3.170e-03 -1.000 1.000e-03	0.417	0.937	0.984	0.515	0.183	-0.141	-0.557	-0.889	-0.923
0.00065  1.20e+10  0.8143126369   0.745  1.742  3.7709  2.603    4  0.000  0.463     0.00     0.00 -1         0      0.00 7.000e-01 2.990e-01 1.100e-03 5.880e-04 3.170e-03 -1.000 1.000e-03	0.414	0.937	0.983	0.513	0.181	-0.144	-0.560	-0.893	-0.927
0.00065  1.20e+10  0.8143650889   0.745  1.743  3.7702  2.599    4  0.000  0.463     0.00     0.00 -1         0      0.00 7.000e-01 2.990e-01 1.100e-03 5.880e-04 3.170e-03 -1.000 1.000e-03	0.411	0.938	0.983	0.511	0.178	-0.148	-0.566	-0.900	-0.935
0.00065  1.20e+10  0.8144173026   0.745  1.745  3.7692  2.594    4  0.000  0.463     0.00     0.00 -1         0      0.00 7.000e-01 2.990e-01 1.100e-03 5.880e-04 3.170e-03 -1.000 1.000e-03	0.407	0.939	0.984	0.509	0.173	-0.154	-0.575	-0.912	-0.946
0.00065  1.20e+10  0.8144690990   0.745  1.747  3.7679  2.587    4  0.000  0.463     0.00     0.00 -1         0      0.00 7.000e-01 2.990e-01 1.100e-03 5.880e-04 3.170e-03 -1.000 1.000e-03	0.402	0.941	0.986	0.506	0.167	-0.162	-0.586	-0.926	-0.961
0.00065  1.20e+10  0.8145210147   0.745  1.750  3.7665  2.578    4  0.000  0.463     0.00     0.00 -1         0      0.00 7.000e-01 2.990e-01 1.100e-03 5.880e-04 3.170e-03 -1.000 1.000e-03	0.396	0.943	0.987	0.502	0.161	-0.172	-0.599	-0.943	-0.978
0.00065  1.20e+10  0.8145259023   0.745  1.750  3.7663  2.577    4  0.000  0.463     0.00     0.00 -1         0      0.00 7.000e-01 2.990e-01 1.100e-03 5.880e-04 3.170e-03 -1.000 1.000e-03	0.395	0.943	0.987	0.502	0.160	-0.172	-0.600	-0.944	-0.980
0.00065  1.20e+10  0.8145455122   0.745  1.751  3.7657  2.574    4  0.000  0.463     0.00     0.00 -1         0      0.00 7.000e-01 2.990e-01 1.100e-03 5.880e-04 3.170e-03 -1.000 1.000e-03	0.392	0.944	0.988	0.500	0.157	-0.177	-0.606	-0.952	-0.988
0.00065  1.20e+10  0.8145979047   0.745  1.755  3.7638  2.563    4  0.000  0.463     0.00     0.00 -1         0      0.00 7.000e-01 2.990e-01 1.100e-03 5.880e-04 3.170e-03 -1.000 1.000e-03	0.383	0.948	0.989	0.494	0.148	-0.189	-0.624	-0.973	-1.010
0.00065  1.20e+10  0.8146489263   0.745  1.759  3.7619  2.551    4  0.000  0.463     0.00     0.00 -1         0      0.00 7.000e-01 2.990e-01 1.100e-03 5.880e-04 3.170e-03 -1.000 1.000e-03	0.374	0.952	0.991	0.488	0.138	-0.203	-0.642	-0.996	-1.034
0.00065  1.20e+10  0.8146992922   0.745  1.763  3.7600  2.539    4  0.000  0.463     0.00     0.00 -1         0      0.00 7.000e-01 2.990e-01 1.100e-03 5.880e-04 3.170e-03 -1.000 1.000e-03	0.363	0.954	0.991	0.481	0.127	-0.217	-0.662	-1.020	-1.059
0.00065  1.20e+10  0.8147512078   0.745  1.768  3.7579  2.526    4  0.000  0.463     0.00     0.00 -1         0      0.00 7.000e-01 2.990e-01 1.100e-03 5.880e-04 3.170e-03 -1.000 1.000e-03	0.350	0.956	0.989	0.471	0.113	-0.235	-0.685	-1.048	-1.087
0.00065  1.20e+10  0.8147998452   0.745  1.774  3.7560  2.512    4  0.000  0.463     0.00     0.00 -1         0      0.00 7.000e-01 2.990e-01 1.100e-03 5.880e-04 3.170e-03 -1.000 1.000e-03	0.336	0.955	0.986	0.461	0.099	-0.252	-0.707	-1.075	-1.115
0.00065  1.20e+10  0.8148480058   0.745  1.779  3.7542  2.500    4  0.000  0.463     0.00     0.00 -1         0      0.00 7.000e-01 2.990e-01 1.100e-03 5.880e-04 3.170e-03 -1.000 1.000e-03	0.322	0.954	0.982	0.450	0.085	-0.270	-0.729	-1.101	-1.142
0.00065  1.20e+10  0.8148975968   0.745  1.786  3.7525  2.487    4  0.000  0.463     0.00     0.00 -1         0      0.00 7.000e-01 2.990e-01 1.100e-03 5.880e-04 3.170e-03 -1.000 1.000e-03	0.306	0.951	0.976	0.438	0.069	-0.289	-0.753	-1.129	-1.170
0.00065  1.20e+10  0.8149464130   0.745  1.793  3.7506  2.472    4  0.000  0.463     0.00     0.00 -1         0      0.00 7.000e-01 2.990e-01 1.100e-03 5.880e-04 3.170e-03 -1.000 1.000e-03	0.287	0.947	0.969	0.423	0.050	-0.311	-0.780	-1.161	-1.202
0.00065  1.20e+10  0.8149949312   0.745  1.802  3.7486  2.454    4  0.000  0.463     0.00     0.00 -1         0      0.00 7.000e-01 2.990e-01 1.100e-03 5.880e-04 3.170e-03 -1.000 1.000e-03	0.265	0.943	0.959	0.404	0.027	-0.338	-0.812	-1.197	-1.240
0.00065  1.20e+10  0.8150435090   0.745  1.814  3.7460  2.433    4  0.000  0.463     0.00     0.00 -1         0      0.00 7.000e-01 2.990e-01 1.100e-03 5.880e-04 3.170e-03 -1.000 1.000e-03	0.235	0.935	0.944	0.379	-0.003	-0.372	-0.853	-1.245	-1.288
0.00065  1.20e+10  0.8150920868   0.746  1.834  3.7423  2.398    4  0.000  0.463     0.00     0.00 -1         0      0.00 7.000e-01 2.990e-01 1.100e-03 5.880e-04 3.170e-03 -1.000 1.000e-03	0.185	0.917	0.917	0.335	-0.054	-0.429	-0.920	-1.320	-1.365
0.00065  1.20e+10  0.8151262403   0.746  1.862  3.7375  2.351    4  0.000  0.463     0.00     0.00 -1         0      0.00 7.000e-01 2.990e-01 1.100e-03 5.880e-04 3.170e-03 -1.000 1.000e-03	0.116	0.892	0.879	0.276	-0.123	-0.507	-1.011	-1.423	-1.469
0.00065  1.20e+10  0.8151444793   0.746  1.894  3.7323  2.298    4  0.000  0.463     0.00     0.00 -1         0      0.00 7.000e-01 2.990e-01 1.100e-03 5.880e-04 3.170e-03 -1.000 1.000e-03	0.035	0.869	0.835	0.207	-0.204	-0.596	-1.114	-1.539	-1.587
0.00065  1.20e+10  0.8151537180   0.746  1.927  3.7276  2.246    4  0.000  0.463     0.00     0.00 -1         0      0.00 7.000e-01 2.990e-01 1.100e-03 5.880e-04 3.170e-03 -1.000 9.999e-04	-0.048	0.841	0.787	0.135	-0.285	-0.686	-1.218	-1.654	-1.704
0.00065  1.20e+10  0.8151587248   0.746  1.962  3.7229  2.192    4  0.000  0.463     0.00     0.00 -1         0      0.00 7.000e-01 2.990e-01 1.100e-03 5.880e-04 3.170e-03 -1.000 1.000e-03	-0.135	0.808	0.733	0.059	-0.371	-0.781	-1.326	-1.773	-1.825
0.00065  1.20e+10  0.8151613474   0.746  1.996  3.7189  2.142    4  0.000  0.463     0.00     0.00 -1         0      0.00 7.000e-01 2.990e-01 1.100e-03 5.880e-04 3.170e-03 -1.000 1.000e-03	-0.220	0.781	0.682	-0.014	-0.454	-0.870	-1.427	-1.885	-1.939
0.00065  1.20e+10  0.8151628971   0.746  2.029  3.7152  2.094    4  0.000  0.463     0.00     0.00 -1         0      0.00 7.000e-01 2.990e-01 1.100e-03 5.880e-04 3.170e-03 -1.000 1.000e-03	-0.304	0.749	0.628	-0.088	-0.535	-0.959	-1.527	-1.994	-2.050
0.00065  1.20e+10  0.8151633739   0.746  2.044  3.7136  2.073    4  0.000  0.463     0.00     0.00 -1         0      0.00 7.000e-01 2.990e-01 1.100e-03 5.880e-04 3.170e-03 -1.000 1.000e-03	-0.341	0.734	0.604	-0.121	-0.572	-0.998	-1.571	-2.042	-2.098
0.00065  1.20e+10  0.8151635528   0.746  2.049  3.7132  2.066    4  0.000  0.463     0.00     0.00 -1         0      0.00 7.000e-01 2.990e-01 1.100e-03 5.880e-04 3.170e-03 -1.000 1.000e-03	-0.353	0.729	0.596	-0.131	-0.583	-1.010	-1.584	-2.057	-2.113
0.00065  1.20e+10  0.8151646852   0.746  2.096  3.7089  2.002    4  0.000  0.463     0.00     0.00 -1         0      0.00 7.000e-01 2.990e-01 1.100e-03 5.880e-04 3.170e-03 -1.000 1.000e-03	-0.469	0.675	0.516	-0.235	-0.696	-1.132	-1.718	-2.202	-2.260
0.00065  1.20e+10  0.8151656389   0.746  2.132  3.7057  1.954    4  0.000  0.463     0.00     0.00 -1         0      0.00 7.000e-01 2.990e-01 1.100e-03 5.880e-04 3.170e-03 -1.000 1.000e-03	-0.559	0.638	0.455	-0.315	-0.784	-1.226	-1.821	-2.313	-2.373
0.00065  1.20e+10  0.8151665330   0.746  2.158  3.7035  1.919    4  0.000  0.463     0.00     0.00 -1         0      0.00 7.000e-01 2.990e-01 1.100e-03 5.880e-04 3.170e-03 -1.000 9.999e-04	-0.625	0.611	0.410	-0.373	-0.848	-1.294	-1.896	-2.393	-2.454
0.00065  1.20e+10  0.8151674867   0.746  2.182  3.7015  1.886    4  0.000  0.463     0.00     0.00 -1         0      0.00 7.000e-01 2.990e-01 1.100e-03 5.880e-04 3.170e-03 -1.000 1.000e-03	-0.686	0.585	0.368	-0.427	-0.907	-1.357	-1.965	-2.467	-2.529
0.00065  1.20e+10  0.8151698112   0.746  2.188  3.7011  1.879    4  0.000  0.463     0.00     0.00 -1         0      0.00 7.000e-01 2.990e-01 1.100e-03 5.880e-04 3.170e-03 -1.000 1.000e-03	-0.700	0.577	0.358	-0.440	-0.921	-1.372	-1.981	-2.484	-2.546
0.00065  1.20e+10  0.8151717186   0.746  2.170  3.7027  1.903    4  0.000  0.463     0.00     0.00 -1         0      0.00 7.000e-01 2.990e-01 1.100e-03 5.880e-04 3.170e-03 -1.000 1.000e-03	-0.655	0.595	0.388	-0.401	-0.877	-1.325	-1.930	-2.429	-2.490
0.00065  1.20e+10  0.8151770234   0.746  2.150  3.7045  1.930    4  0.000  0.463     0.00     0.00 -1         0      0.00 7.000e-01 2.990e-01 1.100e-03 5.880e-04 3.170e-03 -1.000 1.000e-03	-0.605	0.615	0.421	-0.356	-0.829	-1.273	-1.872	-2.367	-2.428
0.00065  1.20e+10  0.8152076602   0.746  2.167  3.7026  1.906    4  0.000  0.463     0.00     0.00 -1         0      0.00 7.000e-01 2.990e-01 1.100e-03 5.880e-04 3.170e-03 -1.000 1.000e-03	-0.648	0.603	0.396	-0.394	-0.870	-1.319	-1.924	-2.423	-2.484
0.00065  1.20e+10  0.8152260184   0.746  2.198  3.6998  1.864    4  0.000  0.463     0.00     0.00 -1         0      0.00 7.000e-01 2.990e-01 1.100e-03 5.880e-04 3.170e-03 -1.000 1.000e-03	-0.725	0.574	0.345	-0.461	-0.945	-1.399	-2.012	-2.519	-2.581
0.00065  1.20e+10  0.8152467012   0.746  2.242  3.6962  1.805    4  0.000  0.463     0.00     0.00 -1         0      0.00 7.000e-01 2.990e-01 1.100e-03 5.880e-04 3.170e-03 -1.000 1.000e-03	-0.835	0.529	0.271	-0.558	-1.051	-1.512	-2.137	-2.653	-2.717
0.00065  1.20e+10  0.8152657747   0.746  2.285  3.6927  1.749    4  0.000  0.463     0.00     0.00 -1         0      0.00 7.000e-01 2.990e-01 1.100e-03 5.880e-04 3.170e-03 -1.000 1.000e-03	-0.941	0.492	0.201	-0.651	-1.153	-1.621	-2.257	-2.782	-2.848
0.00065  1.20e+10  0.8152825236   0.746  2.327  3.6893  1.693    4  0.000  0.463     0.00     0.00 -1         0      0.00 7.000e-01 2.990e-01 1.100e-03 5.880e-04 3.170e-03 -1.000 1.000e-03	-1.046	0.457	0.132	-0.743	-1.253	-1.728	-2.375	-2.910	-2.976
0.00065  1.20e+10  0.8152973652   0.746  2.368  3.6860  1.638    4  0.000  0.463     0.00     0.00 -1         0      0.00 7.000e-01 2.990e-01 1.100e-03 5.880e-04 3.170e-03 -1.000 1.000e-03	-1.151	0.422	0.063	-0.834	-1.353	-1.834	-2.492	-3.036	-3.103
0.00065  1.20e+10  0.8153102994   0.746  2.410  3.6828  1.584    4  0.000  0.463     0.00     0.00 -1         0      0.00 7.000e-01 2.990e-01 1.100e-03 5.880e-04 3.170e-03 -1.000 1.000e-03	-1.254	0.388	-0.004	-0.924	-1.451	-1.940	-2.608	-3.161	-3.229
0.00065  1.20e+10  0.8153216839   0.746  2.451  3.6796  1.530    4  0.000  0.463     0.00     0.00 -1         0      0.00 7.000e-01 2.990e-01 1.100e-03 5.880e-04 3.170e-03 -1.000 1.000e-03	-1.357	0.358	-0.069	-1.011	-1.548	-2.043	-2.723	-3.285	-3.354
0.00065  1.20e+10  0.8153319359   0.746  2.492  3.6763  1.476    4  0.000  0.463     0.00     0.00 -1         0      0.00 7.000e-01 2.990e-01 1.100e-03 5.880e-04 3.170e-03 -1.000 1.000e-03	-1.460	0.333	-0.132	-1.098	-1.644	-2.146	-2.837	-3.409	-3.479
0.00065  1.20e+10  0.8153412342   0.746  2.533  3.6731  1.421    4  0.000  0.463     0.00     0.00 -1         0      0.00 7.000e-01 2.990e-01 1.100e-03 5.880e-04 3.170e-03 -1.000 1.000e-03	-1.564	0.313	-0.193	-1.184	-1.741	-2.250	-2.953	-3.534	-3.606
0.00065  1.20e+10  0.8153498173   0.746  2.575  3.6698  1.367    4  0.000  0.463     0.00     0.00 -1         0      0.00 7.000e-01 2.990e-01 1.100e-03 5.880e-04 3.170e-03 -1.000 1.000e-03	-1.667	0.295	-0.252	-1.270	-1.838	-2.354	-3.068	-3.659	-3.731
0.00065  1.20e+10  0.8153578043   0.746  2.617  3.6665  1.312    4  0.000  0.463     0.00     0.00 -1         0      0.00 7.000e-01 2.990e-01 1.100e-03 5.880e-04 3.170e-03 -1.000 1.000e-03	-1.772	0.282	-0.310	-1.355	-1.935	-2.459	-3.185	-3.785	-3.859
0.00065  1.20e+10  0.8153651953   0.746  2.658  3.6631  1.257    4  0.000  0.463     0.00     0.00 -1         0      0.00 7.000e-01 2.990e-01 1.100e-03 5.880e-04 3.170e-03 -1.000 1.000e-03	-1.876	0.275	-0.364	-1.438	-2.030	-2.561	-3.300	-3.911	-3.986
0.00065  1.20e+10  0.8153722882   0.746  2.700  3.6597  1.202    4  0.000  0.463     0.00     0.00 -1         0      0.00 7.000e-01 2.990e-01 1.100e-03 5.880e-04 3.170e-03 -1.000 1.000e-03	-1.980	0.272	-0.416	-1.521	-2.125	-2.664	-3.416	-4.037	-4.113
0.00065  1.20e+10  0.8153791428   0.746  2.742  3.6563  1.146    4  0.000  0.463     0.00     0.00 -1         0      0.00 7.000e-01 2.990e-01 1.100e-03 5.880e-04 3.170e-03 -1.000 1.000e-03	-2.084	0.273	-0.467	-1.603	-2.220	-2.768	-3.533	-4.163	-4.240
0.00065  1.20e+10  0.8153858185   0.746  2.784  3.6529  1.091    4  0.000  0.463     0.00     0.00 -1         0      0.00 7.000e-01 2.990e-01 1.100e-03 5.880e-04 3.170e-03 -1.000 1.000e-03	-2.189	0.279	-0.515	-1.684	-2.314	-2.870	-3.649	-4.290	-4.369
0.00065  1.20e+10  0.8153916597   0.746  2.825  3.6494  1.036    4  0.000  0.463     0.00     0.00 -1         0      0.00 7.000e-01 2.990e-01 1.100e-03 5.880e-04 3.170e-03 -1.000 1.000e-03	-2.292	0.292	-0.559	-1.759	-2.403	-2.969	-3.763	-4.414	-4.495
0.00065  1.20e+10  0.8153970838   0.746  2.867  3.6458  0.979    4  0.000  0.463     0.00     0.00 -1         0      0.00 7.000e-01 2.990e-01 1.100e-03 5.880e-04 3.170e-03 -1.000 1.000e-03	-2.398	0.314	-0.599	-1.835	-2.495	-3.071	-3.880	-4.543	-4.625
0.00065  1.20e+10  0.8154013753   0.746  2.909  3.6423  0.923    4  0.000  0.463     0.00     0.00 -1         0      0.00 7.000e-01 2.990e-01 1.100e-03 5.880e-04 3.170e-03 -1.000 1.000e-03	-2.502	0.346	-0.633	-1.907	-2.584	-3.171	-3.995	-4.669	-4.753
0.00065  1.20e+10  0.8154046535   0.746  2.949  3.6388  0.869    4  0.000  0.463     0.00     0.00 -1         0      0.00 7.000e-01 2.990e-01 1.100e-03 5.880e-04 3.170e-03 -1.000 1.000e-03	-2.602	0.384	-0.661	-1.974	-2.669	-3.266	-4.106	-4.791	-4.877
0.00065  1.20e+10  0.8154076338   0.746  2.989  3.6354  0.816    4  0.000  0.463     0.00     0.00 -1         0      0.00 7.000e-01 2.990e-01 1.100e-03 5.880e-04 3.170e-03 -1.000 1.000e-03	-2.702	0.427	-0.687	-2.038	-2.751	-3.359	-4.215	-4.911	-5.000
0.00065  1.20e+10  0.8154105544   0.746  3.029  3.6320  0.761    4  0.000  0.463     0.00     0.00 -1         0      0.00 7.000e-01 2.990e-01 1.100e-03 5.880e-04 3.170e-03 -1.000 1.000e-03	-2.803	0.475	-0.710	-2.102	-2.833	-3.454	-4.326	-5.033	-5.125
0.00065  1.20e+10  0.8154129982   0.746  3.067  3.6287  0.710    4  0.000  0.463     0.00     0.00 -1         0      0.00 7.000e-01 2.990e-01 1.100e-03 5.880e-04 3.170e-03 -1.000 1.000e-03	-2.898	0.525	-0.730	-2.161	-2.910	-3.542	-4.431	-5.149	-5.243
0.00065  1.20e+10  0.8154147863   0.746  3.105  3.6253  0.658    4  0.000  0.463     0.00     0.00 -1         0      0.00 7.000e-01 2.990e-01 1.100e-03 5.880e-04 3.170e-03 -1.000 1.000e-03	-2.994	0.581	-0.747	-2.218	-2.987	-3.631	-4.536	-5.265	-5.362
0.00065  1.20e+10  0.8154152036   0.746  3.138  3.6223  0.614    4  0.000  0.463     0.00     0.00 -1         0      0.00 7.000e-01 2.990e-01 1.100e-03 5.880e-04 3.170e-03 -1.000 1.000e-03	-3.074	0.632	-0.756	-2.262	-3.048	-3.703	-4.623	-5.363	-5.462
0.00065  1.20e+10  0.8154152632   0.746  3.142  3.6219  0.609    4  0.000  0.463     0.00     0.00 -1         0      0.00 7.000e-01 2.990e-01 1.100e-03 5.880e-04 3.170e-03 -1.000 1.000e-03	-3.084	0.639	-0.758	-2.268	-3.056	-3.712	-4.634	-5.375	-5.475
0.00065  1.20e+10  0.8154157400   0.746  3.162  3.6202  0.582    4  0.523  0.463     0.00     0.00 -1         0      0.00 7.000e-01 2.990e-01 1.100e-03 5.880e-04 3.170e-03 -1.000 1.000e-03	-3.134	0.669	-0.765	-2.296	-3.094	-3.757	-4.689	-5.436	-5.537
0.00065  1.20e+10  0.8154157996   0.746  3.162  3.6172  0.570    8  0.523  0.448    49.33    26.28  1 -2.14e-07      0.00 7.404e-01 2.590e-01 1.011e-04 6.036e-05 2.996e-04 -1.000 6.844e-04	-3.134	0.773	-0.707	-2.263	-3.075	-3.747	-4.694	-5.452	-5.557
0.00065  1.20e+10  0.8154158592   0.745  2.932  3.6369  0.878    8  0.523  0.450    25.36    14.78  1 -8.95e-08      0.00 7.404e-01 2.590e-01 1.011e-04 6.036e-05 2.996e-04 -1.000 6.844e-04	-2.559	0.476	-0.590	-1.914	-2.615	-3.218	-4.066	-4.758	-4.847
0.00065  1.20e+10  0.8154159784   0.744  2.780  3.6499  1.081    8  0.523  0.450    16.36    10.11  1  -5.4e-08      0.00 7.404e-01 2.590e-01 1.011e-04 6.036e-05 2.996e-04 -1.000 6.844e-04	-2.179	0.369	-0.461	-1.652	-2.292	-2.856	-3.647	-4.298	-4.379
0.00065  1.20e+10  0.8154161572   0.741  2.594  3.6657  1.328    8  0.523  0.450     9.61     6.37  1 -3.12e-08      0.00 7.404e-01 2.590e-01 1.011e-04 6.036e-05 2.996e-04 -1.000 6.844e-04	-1.716	0.348	-0.247	-1.296	-1.877	-2.402	-3.131	-3.734	-3.808
0.00065  1.20e+10  0.8154163957   0.737  2.605  3.6649  1.312    8  0.524  0.450     9.95     6.55  1 -3.23e-08      0.00 7.404e-01 2.590e-01 1.011e-04 6.036e-05 2.996e-04 -1.000 6.844e-04	-1.742	0.348	-0.260	-1.316	-1.900	-2.427	-3.159	-3.765	-3.839
0.00065  1.20e+10  0.8154167533   0.731  2.722  3.6547  1.151    8  0.524  0.450    14.09     8.82  1 -4.61e-08      0.00 7.404e-01 2.590e-01 1.011e-04 6.036e-05 2.996e-04 -1.000 6.844e-04	-2.036	0.356	-0.399	-1.546	-2.167	-2.718	-3.489	-4.124	-4.203
0.00065  1.20e+10  0.8154171705   0.725  2.905  3.6390  0.901    8  0.524  0.450    24.15    13.99  1 -8.47e-08      0.00 7.404e-01 2.590e-01 1.011e-04 6.036e-05 2.996e-04 -1.000 6.844e-04	-2.493	0.464	-0.565	-1.869	-2.560	-3.156	-3.995	-4.680	-4.766
0.00065  1.20e+10  0.8154176474   0.718  3.063  3.6253  0.684    8  0.524  0.450    38.58    20.87  1 -1.53e-07      0.00 7.404e-01 2.590e-01 1.011e-04 6.036e-05 2.996e-04 -1.000 6.844e-04	-2.888	0.662	-0.652	-2.116	-2.882	-3.524	-4.428	-5.158	-5.255
0.00065  1.20e+10  0.8154181838   0.710  3.170  3.6160  0.535    8  0.525  0.450    53.23    27.40  1 -2.38e-07      0.00 7.404e-01 2.590e-01 1.011e-04 6.036e-05 2.996e-04 -1.000 6.844e-04	-3.154	0.825	-0.689	-2.265	-3.087	-3.764	-4.718	-5.479	-5.585
0.00065  1.20e+10  0.8154188395   0.701  3.232  3.6104  0.445    8  0.525  0.450    64.71    32.22  1 -3.15e-07      0.00 7.404e-01 2.590e-01 1.011e-04 6.036e-05 2.996e-04 -1.000 6.844e-04	-3.310	0.940	-0.694	-2.342	-3.201	-3.903	-4.887	-5.668	-5.779
0.00065  1.20e+10  0.8154194951   0.691  3.268  3.6072  0.390    8  0.525  0.450    73.06    35.48  1 -3.77e-07      0.00 7.404e-01 2.590e-01 1.011e-04 6.036e-05 2.996e-04 -1.000 6.844e-04	-3.401	1.014	-0.689	-2.379	-3.264	-3.982	-4.985	-5.777	-5.892
0.00065  1.20e+10  0.8154202700   0.680  3.295  3.6047  0.346    8  0.526  0.448    80.46    38.19  1 -4.35e-07      0.00 7.404e-01 2.590e-01 1.011e-04 6.036e-05 2.996e-04 -1.000 6.844e-04	-3.468	1.074	-0.681	-2.406	-3.310	-4.041	-5.058	-5.859	-5.977
0.00065  1.20e+10  0.8154202700   0.680  3.116  3.6204  0.588    8  0.526  0.450    47.74    24.31  1 -2.05e-07      0.00 7.404e-01 2.590e-01 1.011e-04 6.036e-05 2.996e-04 -1.000 6.844e-04	-3.020	0.769	-0.658	-2.185	-2.982	-3.643	-4.574	-5.319	-5.421
0.00065  1.20e+10  0.8154203892   0.678  2.920  3.6379  0.852    8  0.526  0.450    27.01    14.83  1 -9.89e-08      0.00 7.404e-01 2.590e-01 1.011e-04 6.036e-05 2.996e-04 -1.000 6.844e-04	-2.531	0.496	-0.569	-1.893	-2.593	-3.193	-4.038	-4.725	-4.813
0.00065  1.20e+10  0.8154205084   0.675  2.732  3.6551  1.108    8  0.526  0.450    15.57     9.19  1 -5.36e-08      0.00 7.404e-01 2.590e-01 1.011e-04 6.036e-05 2.996e-04 -1.000 6.844e-04	-2.059	0.346	-0.419	-1.570	-2.192	-2.743	-3.513	-4.147	-4.224
0.00065  1.20e+10  0.8154206872   0.671  2.737  3.6555  1.102    8  0.526  0.450    15.80     9.27  1 -5.56e-08      0.00 7.404e-01 2.590e-01 1.011e-04 6.036e-05 2.996e-04 -1.000 6.845e-04	-2.073	0.324	-0.437	-1.586	-2.207	-2.757	-3.525	-4.157	-4.235
0.00065  1.20e+10  0.8154208660   0.666  2.847  3.6471  0.954    8  0.526  0.450    21.74    12.15  1 -8.14e-08      0.00 7.404e-01 2.590e-01 1.011e-04 6.036e-05 2.996e-04 -1.000 6.844e-04	-2.348	0.348	-0.559	-1.792	-2.450	-3.024	-3.828	-4.486	-4.568
0.00065  1.20e+10  0.8154211640   0.660  3.020  3.6334  0.723    8  0.526  0.450    35.87    18.60  1 -1.55e-07      0.00 7.404e-01 2.590e-01 1.011e-04 6.036e-05 2.996e-04 -1.000 6.845e-04	-2.780	0.487	-0.697	-2.088	-2.817	-3.436	-4.302	-5.003	-5.093
0.00065  1.20e+10  0.8154214621   0.652  3.167  3.6222  0.526    8  0.527  0.450    54.93    26.67  1 -2.87e-07      0.00 7.404e-01 2.590e-01 1.011e-04 6.036e-05 2.996e-04 -1.000 6.844e-04	-3.148	0.645	-0.791	-2.324	-3.120	-3.779	-4.702	-5.439	-5.538
0.00065  1.20e+10  0.8154218197   0.644  3.263  3.6158  0.400    8  0.527  0.450    72.42    33.53  1 -4.47e-07      0.00 7.404e-01 2.590e-01 1.011e-04 6.036e-05 2.996e-04 -1.000 6.844e-04	-3.386	0.749	-0.839	-2.466	-3.311	-4.000	-4.959	-5.716	-5.823
0.00065  1.20e+10  0.8154221773   0.635  3.313  3.6135  0.333    8  0.527  0.450    83.86    37.60  1 -5.82e-07      0.00 7.404e-01 2.590e-01 1.011e-04 6.036e-05 2.996e-04 -1.000 6.845e-04	-3.514	0.773	-0.881	-2.552	-3.419	-4.121	-5.095	-5.858	-5.967
0.00065  1.20e+10  0.8154226542   0.625  3.337  3.6138  0.304    8  0.527  0.450    89.84    39.32  1 -6.79e-07      0.00 7.404e-01 2.590e-01 1.011e-04 6.036e-05 2.996e-04 -1.000 6.845e-04	-3.573	0.738	-0.928	-2.608	-3.479	-4.183	-5.156	-5.917	-6.026
0.00065  1.20e+10  0.8154231310   0.615  3.351  3.6152  0.288    8  0.528  0.448    93.53    39.98  1 -7.61e-07      0.00 7.404e-01 2.590e-01 1.011e-04 6.036e-05 2.996e-04 -1.000 6.845e-04	-3.608	0.675	-0.979	-2.655	-3.522	-4.223	-5.189	-5.944	-6.051
0.00065  1.20e+10  0.8154231310   0.614  3.178  3.6304  0.522    8  0.528  0.450    56.50    25.84  1 -3.63e-07      0.00 7.404e-01 2.590e-01 1.011e-04 6.036e-05 2.996e-04 -1.000 6.845e-04	-3.175	0.360	-0.963	-2.433	-3.195	-3.831	-4.714	-5.420	-5.512
0.00065  1.20e+10  0.8154231906   0.613  2.982  3.6478  0.787    8  0.528  0.450    31.94    15.75  1  -1.7e-07      0.00 7.404e-01 2.590e-01 1.011e-04 6.036e-05 2.996e-04 -1.000 6.845e-04	-2.686	0.106	-0.858	-2.122	-2.791	-3.370	-4.171	-4.822	-4.903
0.00065  1.20e+10  0.8154232502   0.612  2.791  3.6650  1.045    8  0.528  0.450    18.32     9.71  1 -8.94e-08      0.00 7.404e-01 2.590e-01 1.011e-04 6.036e-05 2.996e-04 -1.000 6.844e-04	-2.208	-0.018	-0.690	-1.776	-2.371	-2.902	-3.634	-4.234	-4.308
0.00065  1.20e+10  0.8154233098   0.609  2.794  3.6654  1.042    8  0.528  0.450    18.47     9.73  1 -9.13e-08      0.00 7.404e-01 2.590e-01 1.011e-04 6.036e-05 2.996e-04 -1.000 6.845e-04	-2.215	-0.032	-0.701	-1.785	-2.378	-2.909	-3.639	-4.239	-4.312
0.00065  1.20e+10  0.8154234290   0.606  2.899  3.6569  0.901    8  0.528  0.450    25.14    12.63  1 -1.32e-07      0.00 7.404e-01 2.590e-01 1.011e-04 6.036e-05 2.996e-04 -1.000 6.845e-04	-2.479	-0.009	-0.819	-1.990	-2.619	-3.172	-3.935	-4.558	-4.635
0.00065  1.20e+10  0.8154235482   0.602  3.066  3.6432  0.677    8  0.528  0.450    40.86    19.06  1 -2.47e-07      0.00 7.404e-01 2.590e-01 1.011e-04 6.036e-05 2.996e-04 -1.000 6.845e-04	-2.894	0.112	-0.958	-2.284	-2.980	-3.575	-4.397	-5.061	-5.144
0.00065  1.20e+10  0.8154237270   0.598  3.206  3.6320  0.489    8  0.528  0.450    61.60    26.91  1 -4.43e-07      0.00 7.404e-01 2.590e-01 1.011e-04 6.036e-05 2.996e-04 -1.000 6.844e-04	-3.245	0.269	-1.046	-2.513	-3.273	-3.906	-4.783	-5.482	-5.573
0.00065  1.20e+10  0.8154239058   0.593  3.295  3.6255  0.370    8  0.528  0.450    80.01    33.33  1 -6.64e-07      0.00 7.404e-01 2.590e-01 1.011e-04 6.036e-05 2.996e-04 -1.000 6.844e-04	-3.467	0.388	-1.083	-2.647	-3.454	-4.116	-5.027	-5.745	-5.842
0.00065  1.20e+10  0.8154240847   0.588  3.339  3.6230  0.312    8  0.529  0.450    91.27    36.81  1 -8.29e-07      0.00 7.404e-01 2.590e-01 1.011e-04 6.036e-05 2.996e-04 -1.000 6.844e-04	-3.577	0.422	-1.113	-2.718	-3.545	-4.220	-5.145	-5.870	-5.969
0.00065  1.20e+10  0.8154243231   0.581  3.356  3.6231  0.291    8  0.529  0.450    96.32    37.87  0 -9.22e-07      0.00 7.404e-01 2.590e-01 1.011e-04 6.036e-05 2.996e-04 -1.000 6.844e-04	-3.619	0.400	-1.144	-2.756	-3.587	-4.263	-5.189	-5.912	-6.012
0.00065  1.20e+10  0.8154245615   0.575  3.362  3.6242  0.285    8  0.529  0.448    98.69    37.81  0  -9.8e-07      0.00 7.404e-01 2.590e-01 1.011e-04 6.036e-05 2.996e-04 -1.000 6.844e-04	-3.634	0.353	-1.177	-2.783	-3.609	-4.282	-5.202	-5.921	-6.019
0.00065  1.20e+10  0.8154245615   0.574  3.193  3.6392  0.513    8  0.529  0.450    60.31    24.66  1 -4.76e-07      0.00 7.404e-01 2.590e-01 1.011e-04 6.036e-05 2.996e-04 -1.000 6.844e-04	-3.212	0.045	-1.153	-2.552	-3.279	-3.891	-4.732	-5.405	-5.491
0.00065  1.20e+10  0.8154246211   0.573  2.997  3.6569  0.779    8  0.529  0.450    34.08    14.99  1 -2.24e-07      0.00 7.404e-01 2.590e-01 1.011e-04 6.036e-05 2.996e-04 -1.000 6.844e-04	-2.723	-0.184	-1.034	-2.227	-2.864	-3.421	-4.184	-4.804	-4.880
0.00065  1.20e+10  0.8154246807   0.572  2.805  3.6747  1.040    8  0.529  0.450    19.46     9.17  1 -1.17e-07      0.00 7.404e-01 2.590e-01 1.011e-04 6.036e-05 2.996e-04 -1.000 6.844e-04	-2.244	-0.278	-0.850	-1.866	-2.431	-2.942	-3.638	-4.208	-4.279
0.00065  1.20e+10  0.8154247999   0.569  2.807  3.6758  1.041    8  0.529  0.450    19.52     9.11  1 -1.21e-07      0.00 7.404e-01 2.590e-01 1.011e-04 6.036e-05 2.996e-04 -1.000 6.843e-04	-2.248	-0.309	-0.869	-1.876	-2.438	-2.947	-3.639	-4.205	-4.275
0.00065  1.20e+10  0.8154249787   0.566  2.911  3.6683  0.905    8  0.529  0.450    26.36    11.65  1 -1.75e-07      0.00 7.404e-01 2.590e-01 1.011e-04 6.036e-05 2.996e-04 -1.000 6.844e-04	-2.507	-0.338	-1.011	-2.091	-2.681	-3.209	-3.928	-4.514	-4.587
0.00065  1.20e+10  0.8154250979   0.562  3.074  3.6560  0.690    8  0.529  0.450    42.37    17.23  1 -3.28e-07      0.00 7.404e-01 2.590e-01 1.011e-04 6.036e-05 2.996e-04 -1.000 6.844e-04	-2.916	-0.298	-1.190	-2.408	-3.055	-3.617	-4.384	-5.004	-5.080
0.00065  1.20e+10  0.8154253364   0.558  3.212  3.6463  0.510    8  0.529  0.450    63.27    23.79  1 -5.88e-07      0.00 7.404e-01 2.590e-01 1.011e-04 6.036e-05 2.996e-04 -1.000 6.844e-04	-3.260	-0.226	-1.322	-2.660	-3.359	-3.952	-4.762	-5.411	-5.492
0.00065  1.20e+10  0.8154255748   0.553  3.298  3.6414  0.400    8  0.530  0.450    81.63    28.68  1  -8.8e-07      0.00 7.404e-01 2.590e-01 1.011e-04 6.036e-05 2.996e-04 -1.000 6.844e-04	-3.475	-0.188	-1.404	-2.818	-3.550	-4.164	-4.997	-5.658	-5.743
0.00065  1.20e+10  0.8154258132   0.548  3.340  3.6408  0.352    8  0.530  0.450    93.05    30.64  1  -1.1e-06      0.00 7.404e-01 2.590e-01 1.011e-04 6.036e-05 2.996e-04 -1.000 6.844e-04	-3.579	-0.227	-1.474	-2.909	-3.650	-4.268	-5.106	-5.767	-5.852
0.00065  1.20e+10  0.8154261112   0.542  3.354  3.6428  0.341    8  0.530  0.450    99.42    30.13  1 -1.23e-06      0.00 7.404e-01 2.590e-01 1.011e-04 6.036e-05 2.996e-04 -1.000 6.844e-04	-3.615	-0.324	-1.543	-2.961	-3.695	-4.309	-5.137	-5.790	-5.874
0.00065  1.20e+10  0.8154264092   0.535  3.357  3.6462  0.346    8  0.530  0.448   107.59    27.77  1 -1.32e-06      0.00 7.404e-01 2.590e-01 1.011e-04 6.036e-05 2.996e-04 -1.000 6.844e-04	-3.623	-0.453	-1.617	-3.001	-3.720	-4.323	-5.136	-5.778	-5.859
0.00065  1.20e+10  0.8154270649   0.535 -9.999  4.0476  2.008    9  0.535  0.019     0.00     0.00 -1         0      0.00 7.404e-01 2.590e-01 1.011e-04 6.036e-05 2.996e-04 -1.000 6.844e-04	29.767	29.859	30.273	30.339	30.340	30.352	30.448	30.460	30.484
