# File generated by CMD 2.8 (http://stev.oapd.inaf.it/cmd) on Wed May 18 12:29:09 CEST 2016
# PARSEC isochrones, release v1.2S
# Basic references: Bressan et al. (2012), MNRAS, 427, 127 + Chen et al. (2014, 2015), MNRAS, 444, 2525 + MNRAS, 452, 1068 + Tang et al. (2014), MNRAS, 445, 4287
# Warning: you choose not to include the TP-AGB phase!
# Photometric system: <i>UBVRIJHK</i> (cf. Maiz-Apellaniz 2006 + Bessell 1990)
# Using NBC version of bolometric corrections as in Chen et al. (2014), MNRAS, 444, 2525
# BCs of Carbon stars derive from Aringer et al. (2009, A&A 503, 913)
# O-rich circumstellar dust ignored
# C-rich circumstellar dust ignored
# IMF: Chabrier (2001) lognormal 
# On RGB, assumed Reimers mass loss with efficiency eta=0.2
# Kind of output: isochrone tables
#	Isochrone  Z = 0.00010	Y = 0.24900	[M/H] = -2.192	eta_R = 0.200	Age = 	1.2000e+10 yr
#      Z	log(age/yr)	M_ini   	M_act	logL/Lo	logTe	logG	mbol    U       B       V       R       I       J       H       K	int_IMF	stage
	0.000100	10.0792	0.10000000	0.1000	-2.7804	3.5588	5.4054	11.721	15.940	14.477	12.928	11.840	10.988	10.006	9.606	9.489	1.57040203	1
	0.000100	10.0792	0.10726259	0.1073	-2.6639	3.5707	5.3673	11.430	15.251	13.971	12.523	11.496	10.709	9.758	9.318	9.193	1.63883960	1
	0.000100	10.0792	0.12000000	0.1200	-2.4773	3.5899	5.3062	10.963	14.227	13.195	11.894	10.969	10.253	9.358	8.870	8.730	1.74782515	1
	0.000100	10.0792	0.14000000	0.1400	-2.2920	3.6039	5.2439	10.500	13.411	12.534	11.323	10.470	9.793	8.941	8.431	8.278	1.89584959	1
	0.000100	10.0792	0.15135908	0.1514	-2.2080	3.6090	5.2140	10.290	13.081	12.257	11.077	10.248	9.584	8.747	8.232	8.074	1.96939409	1
	0.000100	10.0792	0.16000000	0.1600	-2.1483	3.6126	5.1928	10.141	12.849	12.062	10.902	10.090	9.435	8.609	8.092	7.932	2.02115250	1
	0.000100	10.0792	0.20000000	0.2000	-1.9283	3.6244	5.1171	9.591	12.041	11.368	10.270	9.512	8.886	8.094	7.576	7.412	2.22178221	1
	0.000100	10.0792	0.25000000	0.2500	-1.7300	3.6350	5.0578	9.095	11.330	10.753	9.706	8.991	8.390	7.629	7.116	6.954	2.40809011	1
	0.000100	10.0792	0.30000001	0.3000	-1.5786	3.6436	5.0201	8.717	10.786	10.284	9.275	8.592	8.011	7.276	6.771	6.613	2.54750419	1
	0.000100	10.0792	0.34999999	0.3500	-1.4533	3.6516	4.9938	8.403	10.326	9.891	8.916	8.261	7.697	6.986	6.491	6.338	2.65552020	1
	0.000100	10.0792	0.40000001	0.4000	-1.3323	3.6596	4.9630	8.101	9.880	9.513	8.571	7.942	7.396	6.707	6.222	6.076	2.74133730	1
	0.000100	10.0792	0.44999999	0.4500	-1.1846	3.6731	4.9201	7.732	9.279	9.024	8.137	7.551	7.031	6.381	5.913	5.780	2.81098008	1
	0.000100	10.0792	0.50000000	0.4999	-1.0202	3.6877	4.8599	7.321	8.635	8.493	7.667	7.121	6.630	6.019	5.571	5.451	2.86847806	1
	0.000100	10.0792	0.55000001	0.5499	-0.8163	3.7071	4.7750	6.811	7.848	7.838	7.094	6.597	6.143	5.582	5.161	5.059	2.91663504	1
	0.000100	10.0792	0.60000002	0.5998	-0.6066	3.7320	4.7027	6.286	7.032	7.156	6.511	6.069	5.660	5.161	4.776	4.695	2.95739889	1
	0.000100	10.0792	0.60711247	0.6069	-0.5750	3.7362	4.6929	6.208	6.913	7.055	6.425	5.991	5.589	5.100	4.721	4.644	2.96269727	1
	0.000100	10.0792	0.61823237	0.6180	-0.5253	3.7427	4.6773	6.083	6.728	6.896	6.289	5.869	5.478	5.005	4.635	4.563	2.97075725	1
	0.000100	10.0792	0.62814373	0.6279	-0.4806	3.7485	4.6626	5.971	6.566	6.756	6.169	5.760	5.378	4.919	4.558	4.490	2.97772098	1
	0.000100	10.0792	0.63776845	0.6375	-0.4368	3.7541	4.6477	5.862	6.412	6.620	6.052	5.654	5.282	4.835	4.482	4.418	2.98429108	1
	0.000100	10.0792	0.64911073	0.6489	-0.3845	3.7606	4.6289	5.731	6.233	6.460	5.914	5.528	5.167	4.735	4.391	4.332	2.99179149	1
	0.000100	10.0792	0.64999998	0.6497	-0.3805	3.7611	4.6274	5.721	6.219	6.447	5.903	5.518	5.158	4.727	4.384	4.325	2.99236870	1
	0.000100	10.0792	0.65857422	0.6583	-0.3401	3.7657	4.6115	5.620	6.088	6.328	5.798	5.421	5.069	4.648	4.312	4.256	2.99785757	1
	0.000100	10.0792	0.66880959	0.6685	-0.2911	3.7713	4.5912	5.498	5.932	6.184	5.670	5.304	4.960	4.551	4.223	4.171	3.00423121	1
	0.000100	10.0792	0.67854553	0.6782	-0.2433	3.7764	4.5704	5.378	5.786	6.047	5.548	5.191	4.854	4.455	4.133	4.086	3.01012087	1
	0.000100	10.0792	0.68783975	0.6875	-0.1963	3.7813	4.5487	5.261	5.642	5.911	5.428	5.081	4.752	4.362	4.045	4.002	3.01559210	1
	0.000100	10.0792	0.69608760	0.6957	-0.1531	3.7856	4.5278	5.153	5.509	5.783	5.320	4.984	4.663	4.281	3.966	3.929	3.02032900	1
	0.000100	10.0792	0.69999999	0.6996	-0.1323	3.7876	4.5175	5.101	5.445	5.722	5.267	4.937	4.620	4.241	3.928	3.894	3.02253795	1
	0.000100	10.0792	0.70791566	0.7075	-0.0883	3.7915	4.4938	4.991	5.315	5.595	5.156	4.835	4.526	4.154	3.845	3.815	3.02693510	1
	0.000100	10.0792	0.71644825	0.7159	-0.0385	3.7956	4.4657	4.866	5.173	5.452	5.029	4.718	4.416	4.052	3.749	3.723	3.03156924	1
	0.000100	10.0792	0.72393781	0.7234	0.0075	3.7992	4.4385	4.751	5.043	5.321	4.912	4.609	4.314	3.957	3.658	3.636	3.03554964	1
	0.000100	10.0792	0.73290062	0.7323	0.0662	3.8033	4.4018	4.605	4.886	5.158	4.761	4.466	4.178	3.831	3.540	3.520	3.04020929	1
	0.000100	10.0792	0.73969877	0.7390	0.1140	3.8064	4.3702	4.485	4.760	5.027	4.638	4.349	4.066	3.726	3.442	3.423	3.04367042	1
	0.000100	10.0792	0.74790925	0.7472	0.1769	3.8099	4.3261	4.328	4.596	4.856	4.477	4.194	3.917	3.585	3.309	3.291	3.04776931	1
	0.000100	10.0792	0.75000000	0.7492	0.1935	3.8108	4.3142	4.286	4.553	4.811	4.434	4.153	3.878	3.548	3.273	3.256	3.04879928	1
	0.000100	10.0792	0.75127256	0.7505	0.2035	3.8114	4.3073	4.261	4.527	4.783	4.408	4.128	3.854	3.526	3.252	3.235	3.04942346	1
	0.000100	10.0792	0.75938821	0.7585	0.2757	3.8149	4.2539	4.081	4.343	4.588	4.222	3.949	3.682	3.362	3.097	3.080	3.05335593	1
	0.000100	10.0792	0.76477367	0.7638	0.3284	3.8169	4.2122	3.949	4.210	4.447	4.087	3.818	3.554	3.240	2.979	2.963	3.05592084	1
	0.000100	10.0792	0.76987982	0.7689	0.3810	3.8184	4.1684	3.817	4.078	4.307	3.952	3.687	3.426	3.115	2.859	2.842	3.05832052	1
	0.000100	10.0792	0.77405447	0.7730	0.4276	3.8189	4.1263	3.701	3.963	4.186	3.833	3.570	3.310	3.000	2.746	2.729	3.06025982	1
	0.000100	10.0792	0.77815568	0.7770	0.4805	3.8177	4.0709	3.569	3.836	4.054	3.700	3.435	3.174	2.862	2.606	2.589	3.06214523	1
	0.000100	10.0792	0.78157145	0.7803	0.5316	3.8146	4.0091	3.441	3.718	3.933	3.573	3.303	3.038	2.718	2.456	2.438	3.06370091	1
	0.000100	10.0792	0.78285325	0.7816	0.5528	3.8129	3.9817	3.388	3.670	3.884	3.521	3.249	2.981	2.657	2.391	2.373	3.06428123	2
	0.000100	10.0792	0.78395075	0.7826	0.5736	3.8103	3.9512	3.336	3.624	3.839	3.470	3.194	2.922	2.592	2.321	2.302	3.06477666	2
	0.000100	10.0792	0.78574401	0.7844	0.6113	3.8045	3.8913	3.242	3.547	3.762	3.380	3.094	2.813	2.470	2.187	2.166	3.06558347	2
	0.000100	10.0792	0.78714037	0.7857	0.6459	3.7973	3.8285	3.155	3.484	3.700	3.299	3.000	2.708	2.347	2.051	2.027	3.06620908	2
	0.000100	10.0792	0.78825790	0.7868	0.6780	3.7887	3.7627	3.075	3.437	3.655	3.227	2.910	2.602	2.223	1.913	1.882	3.06670833	2
	0.000100	10.0792	0.78918177	0.7877	0.7081	3.7792	3.6951	3.000	3.403	3.626	3.162	2.822	2.497	2.099	1.776	1.735	3.06711984	2
	0.000100	10.0792	0.78998160	0.7884	0.7376	3.7701	3.6297	2.926	3.371	3.587	3.097	2.740	2.402	1.983	1.644	1.598	3.06747556	2
	0.000100	10.0792	0.79069585	0.7891	0.7688	3.7617	3.5652	2.848	3.336	3.542	3.030	2.658	2.307	1.868	1.512	1.463	3.06779265	2
	0.000100	10.0792	0.79126459	0.7896	0.8008	3.7554	3.5082	2.768	3.293	3.490	2.959	2.576	2.214	1.760	1.393	1.339	3.06804466	2
	0.000100	10.0792	0.79183620	0.7901	0.8412	3.7499	3.4461	2.667	3.227	3.413	2.866	2.472	2.102	1.634	1.256	1.200	3.06829739	2
	0.000100	10.0792	0.79230195	0.7905	0.8812	3.7463	3.3918	2.567	3.154	3.330	2.772	2.372	1.995	1.517	1.133	1.074	3.06850338	2
	0.000100	10.0792	0.79254711	0.7907	0.9040	3.7446	3.3623	2.510	3.109	3.281	2.717	2.315	1.935	1.453	1.065	1.005	3.06861162	3
	0.000100	10.0792	0.79284233	0.7910	0.9343	3.7430	3.3257	2.434	3.045	3.212	2.644	2.239	1.857	1.370	0.979	0.917	3.06874180	3
	0.000100	10.0792	0.79322940	0.7913	0.9757	3.7409	3.2763	2.331	2.957	3.118	2.544	2.135	1.750	1.257	0.861	0.799	3.06891251	3
	0.000100	10.0792	0.79361933	0.7917	1.0197	3.7390	3.2248	2.221	2.862	3.017	2.438	2.025	1.637	1.139	0.739	0.675	3.06908417	3
	0.000100	10.0792	0.79399282	0.7920	1.0644	3.7374	3.1737	2.109	2.764	2.913	2.329	1.914	1.522	1.020	0.616	0.551	3.06924868	3
	0.000100	10.0792	0.79438972	0.7923	1.1151	3.7356	3.1162	1.982	2.652	2.795	2.206	1.788	1.393	0.885	0.477	0.412	3.06942296	3
	0.000100	10.0792	0.79472280	0.7925	1.1605	3.7341	3.0649	1.869	2.550	2.689	2.095	1.674	1.277	0.765	0.353	0.287	3.06956935	3
	0.000100	10.0792	0.79505974	0.7927	1.2104	3.7326	3.0091	1.744	2.438	2.571	1.974	1.550	1.151	0.634	0.217	0.151	3.06971717	3
	0.000100	10.0792	0.79539031	0.7929	1.2636	3.7309	2.9494	1.611	2.319	2.446	1.844	1.417	1.015	0.493	0.073	0.006	3.06986213	3
	0.000100	10.0792	0.79565710	0.7930	1.3104	3.7295	2.8967	1.494	2.215	2.336	1.729	1.300	0.896	0.370	-0.053	-0.121	3.06997919	3
	0.000100	10.0792	0.79591447	0.7931	1.3595	3.7280	2.8418	1.371	2.106	2.220	1.609	1.178	0.771	0.241	-0.186	-0.254	3.07009172	3
	0.000100	10.0792	0.79614562	0.7932	1.4076	3.7265	2.7878	1.251	2.000	2.108	1.492	1.058	0.649	0.115	-0.315	-0.384	3.07019281	3
	0.000100	10.0792	0.79635513	0.7933	1.4552	3.7250	2.7340	1.132	1.895	1.997	1.376	0.940	0.528	-0.011	-0.444	-0.514	3.07028461	3
	0.000100	10.0792	0.79654253	0.7933	1.5020	3.7235	2.6813	1.015	1.792	1.887	1.263	0.823	0.409	-0.134	-0.571	-0.641	3.07036638	3
	0.000100	10.0792	0.79671991	0.7932	1.5505	3.7219	2.6266	0.894	1.684	1.774	1.145	0.702	0.286	-0.261	-0.702	-0.773	3.07044387	3
	0.000100	10.0792	0.79687738	0.7932	1.5976	3.7203	2.5730	0.776	1.580	1.664	1.030	0.585	0.166	-0.385	-0.830	-0.902	3.07051277	3
	0.000100	10.0792	0.79701734	0.7931	1.6433	3.7188	2.5211	0.662	1.480	1.559	0.920	0.472	0.051	-0.506	-0.954	-1.026	3.07057381	3
	0.000100	10.0792	0.79714411	0.7930	1.6884	3.7173	2.4700	0.549	1.385	1.455	0.810	0.360	-0.064	-0.625	-1.077	-1.150	3.07062912	3
	0.000100	10.0792	0.79726297	0.7928	1.7344	3.7157	2.4174	0.434	1.289	1.350	0.699	0.245	-0.182	-0.747	-1.203	-1.276	3.07068086	3
	0.000100	10.0792	0.79736793	0.7926	1.7788	3.7141	2.3665	0.323	1.198	1.249	0.591	0.134	-0.295	-0.865	-1.325	-1.399	3.07072663	3
	0.000100	10.0792	0.79746491	0.7924	1.8234	3.7125	2.3157	0.212	1.106	1.147	0.483	0.023	-0.409	-0.984	-1.446	-1.522	3.07076907	3
	0.000100	10.0792	0.79755396	0.7922	1.8677	3.7109	2.2649	0.101	1.015	1.047	0.376	-0.087	-0.522	-1.102	-1.568	-1.644	3.07080793	3
	0.000100	10.0792	0.79763305	0.7919	1.9102	3.7093	2.2158	-0.005	0.929	0.952	0.274	-0.193	-0.630	-1.215	-1.685	-1.762	3.07084227	3
	0.000100	10.0792	0.79770613	0.7916	1.9527	3.7078	2.1670	-0.112	0.843	0.856	0.172	-0.298	-0.738	-1.328	-1.802	-1.880	3.07087421	3
	0.000100	10.0792	0.79777634	0.7913	1.9969	3.7062	2.1161	-0.222	0.754	0.757	0.066	-0.408	-0.851	-1.445	-1.924	-2.002	3.07090473	3
	0.000100	10.0792	0.79783648	0.7909	2.0379	3.7045	2.0684	-0.325	0.673	0.667	-0.031	-0.509	-0.955	-1.554	-2.038	-2.117	3.07093096	3
	0.000100	10.0792	0.79789203	0.7906	2.0787	3.7030	2.0213	-0.427	0.592	0.576	-0.129	-0.610	-1.058	-1.663	-2.150	-2.230	3.07095504	3
	0.000100	10.0792	0.79794520	0.7901	2.1210	3.7014	1.9725	-0.533	0.508	0.482	-0.231	-0.715	-1.166	-1.775	-2.267	-2.347	3.07097840	3
	0.000100	10.0792	0.79799151	0.7897	2.1610	3.6998	1.9255	-0.632	0.434	0.395	-0.326	-0.814	-1.269	-1.883	-2.378	-2.459	3.07099843	3
	0.000100	10.0792	0.79803497	0.7892	2.2005	3.6982	1.8796	-0.731	0.360	0.310	-0.420	-0.912	-1.369	-1.988	-2.487	-2.569	3.07101727	3
	0.000100	10.0792	0.79808015	0.7886	2.2406	3.6967	1.8329	-0.832	0.285	0.223	-0.516	-1.011	-1.472	-2.095	-2.597	-2.680	3.07103705	3
	0.000100	10.0792	0.79813021	0.7878	2.2684	3.6956	1.8004	-0.901	0.234	0.162	-0.582	-1.080	-1.542	-2.169	-2.674	-2.757	3.07105875	3
	0.000100	10.0792	0.79815358	0.7874	2.2630	3.6960	1.8074	-0.887	0.241	0.172	-0.570	-1.067	-1.528	-2.153	-2.658	-2.741	3.07106900	3
	0.000100	10.0792	0.79816085	0.7873	2.2713	3.6957	1.7975	-0.908	0.226	0.154	-0.589	-1.088	-1.550	-2.176	-2.681	-2.764	3.07107210	3
	0.000100	10.0792	0.79819423	0.7867	2.3128	3.6939	1.7486	-1.012	0.151	0.066	-0.688	-1.190	-1.655	-2.287	-2.796	-2.880	3.07108665	3
	0.000100	10.0792	0.79822701	0.7860	2.3560	3.6923	1.6985	-1.120	0.070	-0.028	-0.790	-1.297	-1.765	-2.402	-2.915	-3.000	3.07110095	3
	0.000100	10.0792	0.79825610	0.7853	2.3967	3.6904	1.6501	-1.222	-0.001	-0.113	-0.886	-1.397	-1.869	-2.511	-3.029	-3.115	3.07111359	3
	0.000100	10.0792	0.79828346	0.7846	2.4377	3.6886	1.6015	-1.324	-0.072	-0.199	-0.982	-1.497	-1.973	-2.621	-3.144	-3.230	3.07112551	3
	0.000100	10.0792	0.79830998	0.7837	2.4806	3.6869	1.5511	-1.432	-0.147	-0.289	-1.083	-1.602	-2.082	-2.735	-3.262	-3.350	3.07113695	3
	0.000100	10.0792	0.79833239	0.7828	2.5194	3.6851	1.5046	-1.528	-0.211	-0.367	-1.173	-1.697	-2.180	-2.839	-3.371	-3.459	3.07114673	3
	0.000100	10.0792	0.79835427	0.7818	2.5600	3.6833	1.4564	-1.630	-0.278	-0.450	-1.267	-1.796	-2.284	-2.948	-3.484	-3.573	3.07115626	3
	0.000100	10.0792	0.79837519	0.7807	2.6014	3.6815	1.4070	-1.734	-0.346	-0.535	-1.364	-1.898	-2.389	-3.059	-3.600	-3.690	3.07116532	3
	0.000100	10.0792	0.79839736	0.7793	2.6485	3.6793	1.3502	-1.851	-0.419	-0.628	-1.472	-2.012	-2.509	-3.186	-3.732	-3.824	3.07117510	3
	0.000100	10.0792	0.79841518	0.7780	2.6897	3.6776	1.3015	-1.954	-0.485	-0.711	-1.567	-2.112	-2.613	-3.296	-3.847	-3.939	3.07118273	3
	0.000100	10.0792	0.79843062	0.7767	2.7280	3.6757	1.2549	-2.050	-0.540	-0.784	-1.653	-2.204	-2.709	-3.399	-3.954	-4.047	3.07118940	3
	0.000100	10.0792	0.79844844	0.7749	2.7750	3.6734	1.1979	-2.167	-0.609	-0.875	-1.760	-2.318	-2.828	-3.525	-4.087	-4.181	3.07119727	3
	0.000100	10.0792	0.79846239	0.7732	2.8148	3.6716	1.1497	-2.267	-0.668	-0.952	-1.850	-2.414	-2.929	-3.632	-4.198	-4.294	3.07120323	3
	0.000100	10.0792	0.79847652	0.7713	2.8579	3.6693	1.0967	-2.375	-0.726	-1.032	-1.946	-2.518	-3.037	-3.749	-4.321	-4.417	3.07120943	3
	0.000100	10.0792	0.79848886	0.7693	2.8981	3.6675	1.0478	-2.475	-0.782	-1.108	-2.036	-2.614	-3.138	-3.856	-4.434	-4.531	3.07121491	3
	0.000100	10.0792	0.79850107	0.7670	2.9409	3.6653	0.9949	-2.582	-0.834	-1.186	-2.131	-2.716	-3.246	-3.972	-4.555	-4.653	3.07122016	3
	0.000100	10.0792	0.79851109	0.7648	2.9782	3.6633	0.9486	-2.676	-0.860	-1.247	-2.213	-2.807	-3.342	-4.074	-4.660	-4.759	3.07122445	3
	0.000100	10.0792	0.79852211	0.7619	3.0220	3.6611	0.8944	-2.785	-0.891	-1.319	-2.309	-2.913	-3.455	-4.193	-4.783	-4.883	3.07122922	3
	0.000100	10.0792	0.79853255	0.7588	3.0663	3.6588	0.8388	-2.896	-0.914	-1.388	-2.404	-3.019	-3.569	-4.315	-4.909	-5.009	3.07123375	3
	0.000100	10.0792	0.79854184	0.7554	3.1086	3.6566	0.7859	-3.001	-0.934	-1.452	-2.494	-3.120	-3.677	-4.430	-5.028	-5.129	3.07123780	3
	0.000100	10.0792	0.79855067	0.7517	3.1510	3.6542	0.7319	-3.108	-0.949	-1.514	-2.584	-3.221	-3.785	-4.546	-5.148	-5.249	3.07124162	3
	0.000100	10.0792	0.79855877	0.7477	3.1923	3.6520	0.6795	-3.211	-0.962	-1.573	-2.670	-3.319	-3.890	-4.659	-5.265	-5.366	3.07124519	3
	0.000100	10.0792	0.79856640	0.7434	3.2315	3.6498	0.6290	-3.309	-0.971	-1.627	-2.752	-3.412	-3.991	-4.767	-5.376	-5.478	3.07124853	3
	0.000100	10.0792	0.79856974	0.7413	3.2473	3.6490	0.6085	-3.348	-0.972	-1.648	-2.784	-3.449	-4.031	-4.810	-5.421	-5.523	3.07124996	4
	0.000100	10.0792	0.79856974	0.7412	1.6581	3.9473	3.3912	0.625	0.796	0.749	0.731	0.712	0.684	0.640	0.621	0.616	3.07124996	4
	0.000100	10.0792	0.79857200	0.7412	1.6768	3.9365	3.3291	0.578	0.752	0.684	0.653	0.624	0.584	0.524	0.496	0.489	3.07125092	4
	0.000100	10.0792	0.79861957	0.7412	1.6858	3.9326	3.3046	0.556	0.731	0.657	0.620	0.587	0.543	0.476	0.445	0.437	3.07127166	4
	0.000100	10.0792	0.79866505	0.7412	1.6856	3.9330	3.3063	0.556	0.731	0.657	0.621	0.589	0.545	0.479	0.448	0.440	3.07129145	4
	0.000100	10.0792	0.79871130	0.7412	1.6856	3.9332	3.3072	0.556	0.731	0.658	0.622	0.590	0.547	0.481	0.450	0.442	3.07131147	4
	0.000100	10.0792	0.79875833	0.7412	1.6856	3.9332	3.3074	0.556	0.731	0.658	0.622	0.590	0.547	0.481	0.450	0.442	3.07133198	4
	0.000100	10.0792	0.79880595	0.7412	1.6857	3.9330	3.3062	0.556	0.731	0.657	0.621	0.588	0.545	0.479	0.448	0.440	3.07135272	4
	0.000100	10.0792	0.79885405	0.7412	1.6861	3.9324	3.3036	0.555	0.730	0.656	0.619	0.585	0.542	0.474	0.443	0.435	3.07137346	4
	0.000100	10.0792	0.79890215	0.7413	1.6866	3.9315	3.2994	0.554	0.730	0.653	0.615	0.581	0.536	0.467	0.435	0.427	3.07139444	4
	0.000100	10.0792	0.79895031	0.7413	1.6873	3.9303	3.2940	0.552	0.729	0.650	0.610	0.575	0.528	0.458	0.424	0.416	3.07141542	4
	0.000100	10.0792	0.79899985	0.7413	1.6884	3.9285	3.2857	0.549	0.727	0.646	0.603	0.566	0.517	0.444	0.409	0.400	3.07143688	4
	0.000100	10.0792	0.79904503	0.7413	1.6897	3.9266	3.2765	0.546	0.725	0.642	0.596	0.556	0.505	0.428	0.391	0.382	3.07145643	4
	0.000100	10.0792	0.79909164	0.7413	1.6915	3.9240	3.2643	0.541	0.722	0.637	0.586	0.543	0.489	0.408	0.368	0.358	3.07147670	4
	0.000100	10.0792	0.79913634	0.7413	1.6934	3.9212	3.2513	0.536	0.719	0.631	0.576	0.529	0.471	0.385	0.343	0.332	3.07149625	4
	0.000100	10.0792	0.79916984	0.7413	1.6951	3.9187	3.2395	0.532	0.717	0.627	0.567	0.517	0.456	0.366	0.320	0.309	3.07151079	4
	0.000100	10.0792	0.79918498	0.7413	1.6960	3.9174	3.2337	0.530	0.716	0.625	0.563	0.512	0.448	0.356	0.309	0.298	3.07151723	4
	0.000100	10.0792	0.79923052	0.7413	1.6987	3.9134	3.2151	0.523	0.712	0.619	0.550	0.493	0.424	0.324	0.273	0.261	3.07153702	4
	0.000100	10.0792	0.79927415	0.7413	1.7016	3.9092	3.1950	0.516	0.708	0.614	0.537	0.473	0.398	0.291	0.234	0.222	3.07155585	4
	0.000100	10.0792	0.79931861	0.7413	1.7049	3.9044	3.1727	0.508	0.704	0.610	0.523	0.452	0.370	0.254	0.190	0.178	3.07157516	4
	0.000100	10.0792	0.79936445	0.7413	1.7088	3.8987	3.1459	0.498	0.700	0.607	0.507	0.427	0.336	0.209	0.138	0.125	3.07159519	4
	0.000100	10.0792	0.79941118	0.7413	1.7130	3.8926	3.1172	0.487	0.697	0.607	0.492	0.402	0.301	0.163	0.083	0.069	3.07161546	4
	0.000100	10.0792	0.79945523	0.7413	1.7175	3.8860	3.0867	0.476	0.693	0.611	0.479	0.376	0.264	0.113	0.023	0.008	3.07163453	4
	0.000100	10.0792	0.79949868	0.7413	1.7222	3.8793	3.0551	0.465	0.691	0.618	0.467	0.351	0.227	0.063	-0.039	-0.054	3.07165337	4
	0.000100	10.0792	0.79954505	0.7413	1.7271	3.8723	3.0223	0.452	0.688	0.626	0.456	0.327	0.191	0.011	-0.103	-0.118	3.07167339	4
	0.000100	10.0792	0.79959065	0.7413	1.7323	3.8648	2.9868	0.439	0.686	0.637	0.446	0.302	0.152	-0.044	-0.172	-0.188	3.07169318	4
	0.000100	10.0792	0.79963666	0.7413	1.7378	3.8569	2.9499	0.426	0.684	0.649	0.439	0.279	0.113	-0.100	-0.243	-0.261	3.07171321	4
	0.000100	10.0792	0.79968172	0.7413	1.7437	3.8484	2.9099	0.411	0.682	0.663	0.433	0.255	0.073	-0.160	-0.320	-0.339	3.07173276	4
	0.000100	10.0792	0.79972905	0.7413	1.7502	3.8392	2.8667	0.395	0.681	0.680	0.426	0.231	0.031	-0.223	-0.404	-0.424	3.07175326	4
	0.000100	10.0792	0.79977369	0.7412	1.7564	3.8304	2.8252	0.379	0.681	0.697	0.420	0.207	-0.009	-0.283	-0.484	-0.504	3.07177258	4
	0.000100	10.0792	0.79981804	0.7412	1.7629	3.8217	2.7839	0.363	0.684	0.715	0.416	0.185	-0.048	-0.342	-0.562	-0.585	3.07179189	4
	0.000100	10.0792	0.79986316	0.7412	1.7696	3.8130	2.7422	0.346	0.688	0.733	0.411	0.163	-0.086	-0.402	-0.642	-0.666	3.07181144	4
	0.000100	10.0792	0.79990840	0.7411	1.7767	3.8044	2.7007	0.328	0.693	0.751	0.406	0.140	-0.124	-0.462	-0.722	-0.747	3.07183099	4
	0.000100	10.0792	0.79995608	0.7411	1.7861	3.7944	2.6512	0.305	0.700	0.777	0.401	0.113	-0.170	-0.533	-0.815	-0.844	3.07185149	4
	0.000100	10.0792	0.80000454	0.7410	1.7974	3.7850	2.6024	0.277	0.703	0.806	0.395	0.084	-0.218	-0.604	-0.908	-0.943	3.07187271	4
	0.000100	10.0792	0.80003667	0.7410	1.8085	3.7777	2.5620	0.249	0.703	0.821	0.384	0.056	-0.260	-0.665	-0.986	-1.026	3.07188654	4
	0.000100	10.0792	0.80005860	0.7409	1.8215	3.7713	2.5233	0.216	0.700	0.819	0.362	0.023	-0.305	-0.728	-1.065	-1.106	3.07189608	4
	0.000100	10.0792	0.80007696	0.7409	1.8355	3.7652	2.4851	0.181	0.694	0.813	0.338	-0.014	-0.352	-0.790	-1.142	-1.186	3.07190394	4
	0.000100	10.0792	0.80009079	0.7409	1.8553	3.7582	2.4372	0.132	0.679	0.798	0.301	-0.064	-0.414	-0.871	-1.239	-1.286	3.07190990	4
	0.000100	10.0792	0.80010068	0.7409	1.8778	3.7513	2.3870	0.076	0.662	0.775	0.258	-0.121	-0.483	-0.957	-1.340	-1.390	3.07191420	4
	0.000100	10.0792	0.80010653	0.7408	1.9027	3.7446	2.3354	0.013	0.641	0.746	0.208	-0.183	-0.557	-1.048	-1.446	-1.499	3.07191682	4
	0.000100	10.0792	0.80010974	0.7408	1.9293	3.7385	2.2844	-0.053	0.617	0.713	0.154	-0.250	-0.634	-1.141	-1.552	-1.609	3.07191825	4
	0.000100	10.0792	0.80011165	0.7408	1.9594	3.7328	2.2316	-0.128	0.589	0.670	0.091	-0.325	-0.719	-1.241	-1.665	-1.724	3.07191896	4
	0.000100	10.0792	0.80011255	0.7408	1.9652	3.7319	2.2219	-0.143	0.582	0.662	0.078	-0.339	-0.735	-1.260	-1.686	-1.746	3.07191944	4
	0.000100	10.0792	0.80011255	0.7408	1.9840	3.7292	2.1925	-0.190	0.559	0.630	0.037	-0.386	-0.786	-1.319	-1.750	-1.812	3.07191944	7
	0.000100	10.0792	0.80011284	0.7408	1.9930	3.7281	2.1789	-0.213	0.547	0.615	0.017	-0.408	-0.810	-1.346	-1.780	-1.842	3.07191944	7
	0.000100	10.0792	0.80011368	0.7408	2.0307	3.7241	2.1254	-0.307	0.490	0.544	-0.068	-0.502	-0.911	-1.457	-1.900	-1.964	3.07191992	7
	0.000100	10.0792	0.80011451	0.7408	2.0716	3.7204	2.0697	-0.409	0.422	0.464	-0.162	-0.603	-1.018	-1.575	-2.026	-2.092	3.07192016	7
	0.000100	10.0792	0.80011529	0.7408	2.1116	3.7172	2.0167	-0.509	0.358	0.386	-0.254	-0.702	-1.123	-1.689	-2.147	-2.215	3.07192063	7
	0.000100	10.0792	0.80011618	0.7408	2.1524	3.7142	1.9641	-0.611	0.291	0.306	-0.348	-0.803	-1.230	-1.803	-2.268	-2.338	3.07192087	7
	0.000100	10.0792	0.80011827	0.7408	2.1807	3.7125	1.9288	-0.682	0.242	0.247	-0.414	-0.873	-1.304	-1.882	-2.350	-2.422	3.07192183	7
	0.000100	10.0792	0.80012041	0.7408	2.1508	3.7147	1.9676	-0.607	0.290	0.306	-0.345	-0.799	-1.225	-1.797	-2.261	-2.331	3.07192278	7
	0.000100	10.0792	0.80014199	0.7405	2.1516	3.7140	1.9641	-0.609	0.295	0.309	-0.345	-0.801	-1.228	-1.802	-2.267	-2.338	3.07193208	7
	0.000100	10.0792	0.80015481	0.7404	2.1891	3.7112	1.9152	-0.703	0.235	0.235	-0.432	-0.894	-1.326	-1.908	-2.379	-2.451	3.07193756	7
	0.000100	10.0792	0.80017322	0.7401	2.2365	3.7081	1.8550	-0.821	0.158	0.140	-0.542	-1.011	-1.449	-2.040	-2.518	-2.592	3.07194567	7
	0.000100	10.0792	0.80018979	0.7399	2.2774	3.7055	1.8038	-0.923	0.091	0.057	-0.637	-1.112	-1.555	-2.153	-2.637	-2.713	3.07195282	7
	0.000100	10.0792	0.80020487	0.7396	2.3185	3.7031	1.7527	-1.026	0.023	-0.026	-0.733	-1.213	-1.661	-2.266	-2.756	-2.833	3.07195926	7
	0.000100	10.0792	0.80021834	0.7393	2.3596	3.7007	1.7019	-1.129	-0.046	-0.110	-0.828	-1.315	-1.767	-2.379	-2.874	-2.953	3.07196522	7
	0.000100	10.0792	0.80023032	0.7390	2.4012	3.6983	1.6508	-1.233	-0.115	-0.194	-0.925	-1.417	-1.873	-2.493	-2.993	-3.073	3.07197046	7
	0.000100	10.0792	0.80024087	0.7387	2.4427	3.6960	1.5998	-1.337	-0.182	-0.277	-1.021	-1.519	-1.980	-2.606	-3.112	-3.193	3.07197499	7
	0.000100	10.0792	0.80025023	0.7383	2.4839	3.6938	1.5494	-1.440	-0.250	-0.360	-1.117	-1.620	-2.085	-2.718	-3.230	-3.312	3.07197905	7
	0.000100	10.0792	0.80025876	0.7380	2.5251	3.6915	1.4991	-1.543	-0.317	-0.443	-1.212	-1.721	-2.191	-2.830	-3.348	-3.431	3.07198262	7
	0.000100	10.0792	0.80026650	0.7376	2.5662	3.6893	1.4488	-1.646	-0.382	-0.525	-1.307	-1.821	-2.296	-2.942	-3.465	-3.549	3.07198596	7
	0.000100	10.0792	0.80027366	0.7372	2.6069	3.6871	1.3991	-1.747	-0.443	-0.604	-1.400	-1.920	-2.400	-3.053	-3.581	-3.666	3.07198906	7
	0.000100	10.0792	0.80028039	0.7367	2.6481	3.6849	1.3488	-1.850	-0.504	-0.683	-1.494	-2.020	-2.505	-3.165	-3.698	-3.785	3.07199192	7
	0.000100	10.0792	0.80028671	0.7363	2.6886	3.6827	1.2991	-1.952	-0.564	-0.761	-1.586	-2.118	-2.608	-3.275	-3.814	-3.902	3.07199478	7
	0.000100	10.0792	0.80029285	0.7357	2.7295	3.6805	1.2491	-2.054	-0.623	-0.840	-1.679	-2.218	-2.713	-3.387	-3.930	-4.020	3.07199740	7
	0.000100	10.0792	0.80029863	0.7351	2.7706	3.6782	1.1987	-2.157	-0.680	-0.917	-1.772	-2.316	-2.817	-3.498	-4.048	-4.138	3.07200003	7
	0.000100	10.0792	0.80030411	0.7344	2.8134	3.6759	1.1461	-2.263	-0.737	-0.996	-1.867	-2.419	-2.925	-3.614	-4.170	-4.262	3.07200241	7
	0.000100	10.0792	0.80030870	0.7337	2.8561	3.6735	1.0934	-2.370	-0.793	-1.074	-1.962	-2.522	-3.033	-3.730	-4.292	-4.385	3.07200432	7
	0.000100	10.0792	0.80031258	0.7331	2.8983	3.6711	1.0413	-2.476	-0.848	-1.151	-2.056	-2.623	-3.139	-3.845	-4.413	-4.507	3.07200599	7
	0.000100	10.0792	0.80031586	0.7324	2.9391	3.6688	0.9908	-2.578	-0.893	-1.222	-2.145	-2.720	-3.242	-3.956	-4.530	-4.626	3.07200742	7
	0.000100	10.0792	0.80031902	0.7317	2.9784	3.6665	0.9418	-2.676	-0.917	-1.284	-2.230	-2.815	-3.344	-4.065	-4.642	-4.739	3.07200885	7
	0.000100	10.0792	0.80032218	0.7308	3.0218	3.6639	0.8878	-2.784	-0.941	-1.352	-2.324	-2.919	-3.455	-4.184	-4.766	-4.864	3.07201004	7
	0.000100	10.0792	0.80032516	0.7299	3.0705	3.6611	0.8272	-2.906	-0.965	-1.426	-2.428	-3.036	-3.581	-4.318	-4.906	-5.004	3.07201147	7
	0.000100	10.0792	0.80032587	0.7296	3.1266	3.6575	0.7566	-3.046	-0.980	-1.504	-2.544	-3.169	-3.724	-4.474	-5.068	-5.168	3.07201171	7
	0.000100	10.0792	0.80032599	0.7296	3.1645	3.6551	0.7091	-3.141	-0.986	-1.554	-2.622	-3.258	-3.820	-4.578	-5.177	-5.277	3.07201171	7
	0.000100	10.0792	0.80032623	0.7295	3.1989	3.6529	0.6657	-3.227	-0.988	-1.598	-2.692	-3.339	-3.908	-4.674	-5.277	-5.377	3.07201195	7
	0.000100	10.0792	0.80032665	0.7292	3.2372	3.6504	0.6171	-3.323	-0.988	-1.646	-2.769	-3.428	-4.006	-4.780	-5.388	-5.489	3.07201195	7
	0.000100	10.0792	0.80032700	0.7290	3.2592	3.6489	0.5890	-3.378	-0.985	-1.672	-2.812	-3.479	-4.062	-4.841	-5.452	-5.553	3.07201219	7
	0.000100	10.0792	0.80032718	0.7288	3.2618	3.6487	0.5856	-3.385	-0.984	-1.674	-2.817	-3.485	-4.068	-4.848	-5.459	-5.561	3.07201219	8
