# File generated by CMD 2.9 (http://stev.oapd.inaf.it/cmd) on Wed Feb  1 10:11:03 CET 2017
# isochrones PARSEC release v1.2S + COLIBRI release PR16, as in Marigo et al. 2017
# Basic reference: Marigo et al. (2017), ApJ, 835, 77
# Photometric system: <i>UBVRIJHK</i> (cf. Maiz-Apellaniz 2006 + Bessell 1990)
# Kind of output: isochrone tables
# Zini Age Mini  Mass   logL    logTe  logg  label   McoreTP C_O period0 period1 pmode  Mloss  tau1m  X   Y   Xc  Xn  Xo  Cexcess  Z	mbolmag  Umag    Bmag    Vmag    Rmag    Imag    Jmag    Hmag    Kmag 
0.00034  1.20e+10  0.0900000036   0.090 -3.190  3.4803  5.456    0  0.000  0.463     0.00     0.00 -1  5.07e-17      0.00 7.000e-01 2.990e-01 1.100e-03 5.880e-04 3.170e-03 -1.000 1.000e-03	12.745	21.164	17.290	15.061	13.605	12.112	10.840	10.404	10.357
0.00034  1.20e+10  0.0958920196   0.096 -2.993  3.5089  5.400    0  0.000  0.463     0.00     0.00 -1  8.24e-17      0.00 7.000e-01 2.990e-01 1.100e-03 5.880e-04 3.170e-03 -1.000 9.999e-04	12.252	19.069	16.135	14.081	12.849	11.625	10.446	9.921	9.795
0.00034  1.20e+10  0.1000000015   0.100 -2.863  3.5278  5.364    0  0.000  0.463     0.00     0.00 -1  1.14e-16      0.00 7.000e-01 2.990e-01 1.100e-03 5.880e-04 3.170e-03 -1.000 1.000e-03	11.926	17.821	15.408	13.493	12.362	11.297	10.179	9.620	9.459
0.00034  1.20e+10  0.1199999973   0.120 -2.573  3.5587  5.277    0  0.000  0.463     0.00     0.00 -1  2.23e-16      0.00 7.000e-01 2.990e-01 1.100e-03 5.880e-04 3.170e-03 -1.000 1.000e-03	11.203	15.878	14.090	12.434	11.417	10.560	9.546	8.968	8.775
0.00034  1.20e+10  0.1400000006   0.140 -2.390  3.5738  5.222    0  0.000  0.463     0.00     0.00 -1  3.35e-16      0.00 7.000e-01 2.990e-01 1.100e-03 5.880e-04 3.170e-03 -1.000 1.000e-03	10.746	14.939	13.387	11.848	10.880	10.091	9.123	8.547	8.350
0.00034  1.20e+10  0.1599999964   0.160 -2.247  3.5837  5.176    0  0.000  0.463     0.00     0.00 -1         0      0.00 7.000e-01 2.990e-01 1.100e-03 5.880e-04 3.170e-03 -1.000 1.000e-03	10.388	14.247	12.889	11.416	10.476	9.718	8.770	8.198	8.008
0.00034  1.20e+10  0.2000000179   0.200 -2.026  3.5965  5.103    0  0.000  0.463     0.00     0.00 -1         0      0.00 7.000e-01 2.990e-01 1.100e-03 5.880e-04 3.170e-03 -1.000 1.000e-03	9.835	12.945	12.000	10.687	9.834	9.137	8.249	7.678	7.502
0.00034  1.20e+10  0.2023554742   0.202 -2.015  3.5971  5.100    0  0.000  0.463     0.00     0.00 -1         0      0.00 7.000e-01 2.990e-01 1.100e-03 5.880e-04 3.170e-03 -1.000 1.000e-03	9.808	12.885	11.959	10.652	9.804	9.109	8.224	7.653	7.478
0.00034  1.20e+10  0.2500000000   0.250 -1.823  3.6076  5.042    0  0.000  0.463     0.00     0.00 -1         0      0.00 7.000e-01 2.990e-01 1.100e-03 5.880e-04 3.170e-03 -1.000 1.000e-03	9.328	12.171	11.339	10.096	9.292	8.625	7.773	7.204	7.032
0.00034  1.20e+10  0.3000000417   0.300 -1.668  3.6164  5.001    0  0.000  0.463     0.00     0.00 -1         0      0.00 7.000e-01 2.990e-01 1.100e-03 5.880e-04 3.170e-03 -1.000 1.000e-03	8.941	11.621	10.847	9.652	8.881	8.236	7.410	6.844	6.675
0.00034  1.20e+10  0.3369693160   0.337 -1.573  3.6222  4.980    0  0.000  0.463     0.00     0.00 -1         0      0.00 7.000e-01 2.990e-01 1.100e-03 5.880e-04 3.170e-03 -1.000 1.000e-03	8.703	11.276	10.541	9.376	8.629	7.998	7.189	6.623	6.457
0.00034  1.20e+10  0.3499999940   0.350 -1.542  3.6241  4.973    0  0.000  0.463     0.00     0.00 -1  1.99e-15      0.00 7.000e-01 2.990e-01 1.100e-03 5.880e-04 3.170e-03 -1.000 1.000e-03	8.625	11.164	10.441	9.286	8.547	7.921	7.117	6.551	6.386
0.00034  1.20e+10  0.3772597313   0.377 -1.466  3.6300  4.952    0  0.000  0.463     0.00     0.00 -1  2.34e-15      0.00 7.000e-01 2.990e-01 1.100e-03 5.880e-04 3.170e-03 -1.000 1.000e-03	8.434	10.868	10.184	9.057	8.341	7.729	6.941	6.378	6.219
0.00034  1.20e+10  0.4000000060   0.400 -1.406  3.6345  4.936    0  0.000  0.463     0.00     0.00 -1  2.66e-15      0.00 7.000e-01 2.990e-01 1.100e-03 5.880e-04 3.170e-03 -1.000 1.000e-03	8.284	10.638	9.984	8.878	8.179	7.579	6.804	6.244	6.090
0.00034  1.20e+10  0.4500000179   0.450 -1.238  3.6520  4.889    0  0.000  0.463     0.00     0.00 -1  3.89e-15      0.00 7.000e-01 2.990e-01 1.100e-03 5.880e-04 3.170e-03 -1.000 1.000e-03	7.866	9.918	9.379	8.352	7.717	7.160	6.433	5.890	5.755
0.00034  1.20e+10  0.5000000000   0.500 -1.051  3.6749  4.840    0  0.000  0.463     0.00     0.00 -1  6.02e-15      0.00 7.000e-01 2.990e-01 1.100e-03 5.880e-04 3.170e-03 -1.000 1.000e-03	7.397	9.049	8.691	7.764	7.203	6.697	6.036	5.530	5.417
0.00034  1.20e+10  0.5500000715   0.550 -0.840  3.6982  4.762    0  0.000  0.463     0.00     0.00 -1  1.02e-14      0.00 7.000e-01 2.990e-01 1.100e-03 5.880e-04 3.170e-03 -1.000 1.000e-03	6.869	8.131	7.965	7.140	6.643	6.184	5.589	5.127	5.034
0.00034  1.20e+10  0.6000000238   0.600 -0.630  3.7250  4.698    0  0.000  0.463     0.00     0.00 -1   1.7e-14      0.00 7.000e-01 2.990e-01 1.100e-03 5.880e-04 3.170e-03 -1.000 1.000e-03	6.345	7.220	7.249	6.547	6.108	5.696	5.174	4.760	4.687
0.00034  1.20e+10  0.6099808216   0.610 -0.586  3.7311  4.686    0  0.000  0.463     0.00     0.00 -1  1.89e-14      0.00 7.000e-01 2.990e-01 1.100e-03 5.880e-04 3.170e-03 -1.000 1.000e-03	6.235	7.036	7.102	6.427	6.001	5.598	5.091	4.687	4.619
0.00034  1.20e+10  0.6210694909   0.621 -0.537  3.7379  4.671    0  0.000  0.463     0.00     0.00 -1         0      0.00 7.000e-01 2.990e-01 1.100e-03 5.880e-04 3.170e-03 -1.000 1.000e-03	6.113	6.831	6.937	6.293	5.881	5.489	4.999	4.605	4.542
0.00034  1.20e+10  0.6317951083   0.632 -0.489  3.7443  4.657    0  0.000  0.463     0.00     0.00 -1         0      0.00 7.000e-01 2.990e-01 1.100e-03 5.880e-04 3.170e-03 -1.000 1.000e-03	5.993	6.647	6.783	6.167	5.767	5.385	4.910	4.525	4.468
0.00034  1.20e+10  0.6417614222   0.642 -0.445  3.7501  4.642    0  0.000  0.463     0.00     0.00 -1         0      0.00 7.000e-01 2.990e-01 1.100e-03 5.880e-04 3.170e-03 -1.000 1.000e-03	5.882	6.477	6.640	6.049	5.660	5.288	4.825	4.450	4.397
0.00034  1.20e+10  0.6499999762   0.650 -0.407  3.7549  4.630    0  0.000  0.463     0.00     0.00 -1  2.95e-14      0.00 7.000e-01 2.990e-01 1.100e-03 5.880e-04 3.170e-03 -1.000 1.000e-03	5.788	6.341	6.522	5.951	5.571	5.206	4.755	4.386	4.337
0.00034  1.20e+10  0.6575469375   0.657 -0.373  3.7590  4.617    0  0.000  0.463     0.00     0.00 -1  3.22e-14      0.00 7.000e-01 2.990e-01 1.100e-03 5.880e-04 3.170e-03 -1.000 1.000e-03	5.702	6.220	6.417	5.861	5.489	5.131	4.688	4.326	4.279
0.00034  1.20e+10  0.6696094275   0.670 -0.317  3.7654  4.594    0  0.000  0.463     0.00     0.00 -1  3.73e-14      0.00 7.000e-01 2.990e-01 1.100e-03 5.880e-04 3.170e-03 -1.000 1.000e-03	5.561	6.027	6.246	5.716	5.355	5.007	4.579	4.226	4.184
0.00034  1.20e+10  0.6806909442   0.681 -0.264  3.7711  4.571    0  0.000  0.463     0.00     0.00 -1         0      0.00 7.000e-01 2.990e-01 1.100e-03 5.880e-04 3.170e-03 -1.000 1.000e-03	5.429	5.857	6.089	5.580	5.230	4.890	4.475	4.131	4.093
0.00034  1.20e+10  0.6912570000   0.691 -0.212  3.7765  4.547    0  0.000  0.463     0.00     0.00 -1         0      0.00 7.000e-01 2.990e-01 1.100e-03 5.880e-04 3.170e-03 -1.000 1.000e-03	5.300	5.692	5.937	5.447	5.106	4.775	4.371	4.036	4.002
0.00034  1.20e+10  0.6999999881   0.700 -0.167  3.7809  4.526    0  0.000  0.463     0.00     0.00 -1  5.56e-14      0.00 7.000e-01 2.990e-01 1.100e-03 5.880e-04 3.170e-03 -1.000 1.000e-03	5.189	5.555	5.807	5.333	5.000	4.676	4.282	3.953	3.922
0.00034  1.20e+10  0.7018488050   0.702 -0.158  3.7817  4.521    0  0.000  0.463     0.00     0.00 -1   5.7e-14      0.00 7.000e-01 2.990e-01 1.100e-03 5.880e-04 3.170e-03 -1.000 1.000e-03	5.165	5.527	5.780	5.309	4.977	4.654	4.262	3.936	3.904
0.00034  1.20e+10  0.7114919424   0.711 -0.106  3.7863  4.493    0  0.000  0.463     0.00     0.00 -1  6.58e-14      0.00 7.000e-01 2.990e-01 1.100e-03 5.880e-04 3.170e-03 -1.000 1.000e-03	5.036	5.377	5.634	5.177	4.853	4.538	4.156	3.837	3.808
0.00034  1.20e+10  0.7199561596   0.720 -0.059  3.7902  4.467    0  0.000  0.463     0.00     0.00 -1  7.53e-14      0.00 7.000e-01 2.990e-01 1.100e-03 5.880e-04 3.170e-03 -1.000 9.999e-04	4.917	5.241	5.500	5.055	4.738	4.429	4.056	3.744	3.717
0.00034  1.20e+10  0.7283135056   0.728 -0.009  3.7939  4.437    0  0.000  0.463     0.00     0.00 -1  8.67e-14      0.00 7.000e-01 2.990e-01 1.100e-03 5.880e-04 3.170e-03 -1.000 1.000e-03	4.793	5.102	5.361	4.928	4.618	4.315	3.950	3.645	3.621
0.00034  1.20e+10  0.7354913950   0.735  0.036  3.7970  4.409    0  0.000  0.463     0.00     0.00 -1         0      0.00 7.000e-01 2.990e-01 1.100e-03 5.880e-04 3.170e-03 -1.000 1.000e-03	4.681	4.981	5.238	4.814	4.509	4.211	3.853	3.555	3.531
0.00034  1.20e+10  0.7424451709   0.742  0.081  3.7999  4.379    0  0.000  0.463     0.00     0.00 -1         0      0.00 7.000e-01 2.990e-01 1.100e-03 5.880e-04 3.170e-03 -1.000 1.000e-03	4.567	4.859	5.112	4.696	4.397	4.104	3.753	3.460	3.438
0.00034  1.20e+10  0.7493994832   0.749  0.130  3.8026  4.345    0  0.000  0.463     0.00     0.00 -1         0      0.00 7.000e-01 2.990e-01 1.100e-03 5.880e-04 3.170e-03 -1.000 1.000e-03	4.445	4.731	4.979	4.572	4.278	3.989	3.644	3.357	3.336
0.00034  1.20e+10  0.7500000000   0.750  0.134  3.8028  4.342    0  0.000  0.463     0.00     0.00 -1  1.33e-13      0.00 7.000e-01 2.990e-01 1.100e-03 5.880e-04 3.170e-03 -1.000 1.000e-03	4.434	4.719	4.967	4.560	4.267	3.979	3.634	3.348	3.327
0.00034  1.20e+10  0.7542557716   0.754  0.166  3.8046  4.320    0  0.000  0.463     0.00     0.00 -1  1.46e-13      0.00 7.000e-01 2.990e-01 1.100e-03 5.880e-04 3.170e-03 -1.000 1.000e-03	4.356	4.637	4.882	4.481	4.191	3.905	3.565	3.282	3.261
0.00034  1.20e+10  0.7608130574   0.760  0.217  3.8070  4.282    0  0.000  0.463     0.00     0.00 -1  1.71e-13      0.00 7.000e-01 2.990e-01 1.100e-03 5.880e-04 3.170e-03 -1.000 1.000e-03	4.227	4.502	4.742	4.349	4.063	3.782	3.448	3.170	3.150
0.00034  1.20e+10  0.7668131590   0.766  0.268  3.8089  4.242    0  0.000  0.463     0.00     0.00 -1     2e-13      0.00 7.000e-01 2.990e-01 1.100e-03 5.880e-04 3.170e-03 -1.000 1.000e-03	4.099	4.372	4.606	4.218	3.937	3.659	3.329	3.056	3.037
0.00034  1.20e+10  0.7724024057   0.772  0.319  3.8103  4.200    0  0.000  0.463     0.00     0.00 -1  2.35e-13      0.00 7.000e-01 2.990e-01 1.100e-03 5.880e-04 3.170e-03 -1.000 1.000e-03	3.973	4.245	4.473	4.089	3.811	3.536	3.209	2.939	2.920
0.00034  1.20e+10  0.7762316465   0.775  0.355  3.8109  4.168    0  0.000  0.463     0.00     0.00 -1  2.66e-13      0.00 7.000e-01 2.990e-01 1.100e-03 5.880e-04 3.170e-03 -1.000 1.000e-03	3.882	4.154	4.377	3.996	3.719	3.445	3.120	2.852	2.833
0.00034  1.20e+10  0.7775849104   0.777  0.370  3.8108  4.154    0  0.000  0.463     0.00     0.00 -1  2.79e-13      0.00 7.000e-01 2.990e-01 1.100e-03 5.880e-04 3.170e-03 -1.000 1.000e-03	3.846	4.119	4.341	3.960	3.683	3.409	3.084	2.816	2.797
0.00034  1.20e+10  0.7828398347   0.782  0.429  3.8094  4.092    0  0.000  0.463     0.00     0.00 -1   3.4e-13      0.00 7.000e-01 2.990e-01 1.100e-03 5.880e-04 3.170e-03 -1.000 1.000e-03	3.698	3.978	4.194	3.812	3.533	3.258	2.929	2.659	2.639
0.00034  1.20e+10  0.7868295908   0.786  0.480  3.8063  4.030    0  0.000  0.463     0.00     0.00 -1   4.1e-13      0.00 7.000e-01 2.990e-01 1.100e-03 5.880e-04 3.170e-03 -1.000 1.000e-03	3.569	3.860	4.073	3.684	3.400	3.120	2.785	2.508	2.488
0.00034  1.20e+10  0.7875092030   0.786  0.490  3.8055  4.018    0  0.000  0.463     0.00     0.00 -1  4.28e-13      0.00 7.000e-01 2.990e-01 1.100e-03 5.880e-04 3.170e-03 -1.000 1.000e-03	3.545	3.839	4.051	3.660	3.376	3.094	2.757	2.479	2.458
0.00034  1.20e+10  0.7881819606   0.787  0.500  3.8044  4.003    0  0.000  0.463     0.00     0.00 -1  4.46e-13      0.00 7.000e-01 2.990e-01 1.100e-03 5.880e-04 3.170e-03 -1.000 9.999e-04	3.519	3.817	4.028	3.635	3.348	3.065	2.725	2.445	2.424
0.00034  1.20e+10  0.7904408574   0.789  0.538  3.7995  3.947    0  0.000  0.463     0.00     0.00 -1  5.15e-13      0.00 7.000e-01 2.990e-01 1.100e-03 5.880e-04 3.170e-03 -1.000 1.000e-03	3.425	3.739	3.948	3.543	3.249	2.958	2.606	2.316	2.294
0.00034  1.20e+10  0.7921655774   0.791  0.571  3.7936  3.891    0  0.000  0.463     0.00     0.00 -1  5.92e-13      0.00 7.000e-01 2.990e-01 1.100e-03 5.880e-04 3.170e-03 -1.000 1.000e-03	3.341	3.676	3.884	3.464	3.160	2.860	2.494	2.192	2.168
0.00034  1.20e+10  0.7935141921   0.792  0.602  3.7864  3.833    0  0.000  0.463     0.00     0.00 -1  6.78e-13      0.00 7.000e-01 2.990e-01 1.100e-03 5.880e-04 3.170e-03 -1.000 1.000e-03	3.266	3.632	3.834	3.395	3.078	2.767	2.384	2.067	2.040
0.00034  1.20e+10  0.7946001291   0.793  0.628  3.7789  3.777    0  0.000  0.463     0.00     0.00 -1         0      0.00 7.000e-01 2.990e-01 1.100e-03 5.880e-04 3.170e-03 -1.000 1.000e-03	3.200	3.599	3.797	3.336	3.007	2.684	2.281	1.950	1.919
0.00034  1.20e+10  0.7955101728   0.794  0.652  3.7712  3.723    0  0.000  0.463     0.00     0.00 -1         0      0.00 7.000e-01 2.990e-01 1.100e-03 5.880e-04 3.170e-03 -1.000 1.000e-03	3.139	3.581	3.768	3.283	2.941	2.606	2.185	1.838	1.804
0.00034  1.20e+10  0.7963123322   0.795  0.677  3.7639  3.669    0  0.000  0.463     0.00     0.00 -1         0      0.00 7.000e-01 2.990e-01 1.100e-03 5.880e-04 3.170e-03 -1.000 1.000e-03	3.078	3.563	3.738	3.230	2.875	2.528	2.090	1.727	1.690
0.00034  1.20e+10  0.7970233560   0.796  0.704  3.7572  3.616    0  0.000  0.463     0.00     0.00 -1         0      0.00 7.000e-01 2.990e-01 1.100e-03 5.880e-04 3.170e-03 -1.000 1.000e-03	3.011	3.541	3.703	3.172	2.804	2.446	1.991	1.614	1.574
0.00034  1.20e+10  0.7977269888   0.796  0.739  3.7510  3.556    0  0.000  0.463     0.00     0.00 -1         0      0.00 7.000e-01 2.990e-01 1.100e-03 5.880e-04 3.170e-03 -1.000 1.000e-03	2.924	3.498	3.645	3.093	2.714	2.346	1.875	1.485	1.442
0.00034  1.20e+10  0.7982819676   0.797  0.774  3.7467  3.504    0  0.000  0.463     0.00     0.00 -1         0      0.00 7.000e-01 2.990e-01 1.100e-03 5.880e-04 3.170e-03 -1.000 1.000e-03	2.835	3.444	3.579	3.010	2.624	2.249	1.767	1.368	1.322
0.00034  1.20e+10  0.7986611724   0.797  0.802  3.7441  3.466    0  0.000  0.463     0.00     0.00 -1         0      0.00 7.000e-01 2.990e-01 1.100e-03 5.880e-04 3.170e-03 -1.000 1.000e-03	2.766	3.397	3.523	2.945	2.554	2.175	1.686	1.282	1.235
0.00034  1.20e+10  0.7988360524   0.797  0.816  3.7432  3.448    0  0.000  0.463     0.00     0.00 -1         0      0.00 7.000e-01 2.990e-01 1.100e-03 5.880e-04 3.170e-03 -1.000 1.000e-03	2.729	3.369	3.491	2.909	2.517	2.136	1.645	1.239	1.191
0.00034  1.20e+10  0.7993055582   0.798  0.858  3.7408  3.397    0  0.000  0.463     0.00     0.00 -1         0      0.00 7.000e-01 2.990e-01 1.100e-03 5.880e-04 3.170e-03 -1.000 1.000e-03	2.626	3.286	3.399	2.809	2.413	2.028	1.531	1.120	1.071
0.00034  1.20e+10  0.7998193502   0.798  0.907  3.7385  3.339    0  0.000  0.463     0.00     0.00 -1         0      0.00 7.000e-01 2.990e-01 1.100e-03 5.880e-04 3.170e-03 -1.000 1.000e-03	2.503	3.183	3.288	2.689	2.289	1.901	1.397	0.981	0.932
0.00034  1.20e+10  0.8000000119   0.798  0.925  3.7377  3.318    0  0.000  0.463     0.00     0.00 -1  2.57e-12      0.00 7.000e-01 2.990e-01 1.100e-03 5.880e-04 3.170e-03 -1.000 1.000e-03	2.457	3.143	3.245	2.644	2.242	1.853	1.347	0.930	0.880
0.00034  1.20e+10  0.8002570271   0.798  0.952  3.7367  3.287    0  0.000  0.463     0.00     0.00 -1  2.83e-12      0.00 7.000e-01 2.990e-01 1.100e-03 5.880e-04 3.170e-03 -1.000 9.999e-04	2.391	3.089	3.185	2.580	2.176	1.785	1.277	0.857	0.807
0.00034  1.20e+10  0.8006761074   0.799  0.998  3.7350  3.235    0  0.000  0.463     0.00     0.00 -1  3.34e-12      0.00 7.000e-01 2.990e-01 1.100e-03 5.880e-04 3.170e-03 -1.000 1.000e-03	2.276	2.992	3.079	2.468	2.061	1.668	1.154	0.730	0.680
0.00034  1.20e+10  0.8011017442   0.799  1.048  3.7334  3.178    0  0.000  0.463     0.00     0.00 -1     4e-12      0.00 7.000e-01 2.990e-01 1.100e-03 5.880e-04 3.170e-03 -1.000 1.000e-03	2.150	2.884	2.962	2.345	1.935	1.539	1.021	0.593	0.542
0.00034  1.20e+10  0.8014928699   0.799  1.098  3.7319  3.123    0  0.000  0.463     0.00     0.00 -1  4.78e-12      0.00 7.000e-01 2.990e-01 1.100e-03 5.880e-04 3.170e-03 -1.000 1.000e-03	2.026	2.776	2.846	2.223	1.810	1.412	0.890	0.458	0.406
0.00034  1.20e+10  0.8018440008   0.800  1.146  3.7304  3.068    0  0.000  0.463     0.00     0.00 -1  5.69e-12      0.00 7.000e-01 2.990e-01 1.100e-03 5.880e-04 3.170e-03 -1.000 1.000e-03	1.904	2.670	2.733	2.104	1.689	1.288	0.762	0.327	0.274
0.00034  1.20e+10  0.8021510243   0.800  1.192  3.7290  3.017    0  0.000  0.463     0.00     0.00 -1  6.71e-12      0.00 7.000e-01 2.990e-01 1.100e-03 5.880e-04 3.170e-03 -1.000 1.000e-03	1.790	2.570	2.626	1.992	1.575	1.171	0.641	0.202	0.149
0.00034  1.20e+10  0.8024500012   0.800  1.241  3.7275  2.962    0  0.000  0.463     0.00     0.00 -1     8e-12      0.00 7.000e-01 2.990e-01 1.100e-03 5.880e-04 3.170e-03 -1.000 1.000e-03	1.668	2.465	2.512	1.872	1.452	1.046	0.512	0.070	0.016
0.00034  1.20e+10  0.8027368784   0.800  1.292  3.7259  2.905    0  0.000  0.463     0.00     0.00 -1  9.61e-12      0.00 7.000e-01 2.990e-01 1.100e-03 5.880e-04 3.170e-03 -1.000 1.000e-03	1.540	2.355	2.393	1.747	1.324	0.916	0.377	-0.069	-0.123
0.00034  1.20e+10  0.8029773831   0.800  1.339  3.7244  2.852    0  0.000  0.463     0.00     0.00 -1  1.14e-11      0.00 7.000e-01 2.990e-01 1.100e-03 5.880e-04 3.170e-03 -1.000 1.000e-03	1.423	2.256	2.285	1.633	1.207	0.796	0.253	-0.196	-0.251
0.00034  1.20e+10  0.8031966686   0.800  1.385  3.7229  2.800    0  0.000  0.463     0.00     0.00 -1  1.34e-11      0.00 7.000e-01 2.990e-01 1.100e-03 5.880e-04 3.170e-03 -1.000 1.000e-03	1.307	2.160	2.179	1.520	1.091	0.677	0.130	-0.322	-0.378
0.00034  1.20e+10  0.8034029603   0.800  1.433  3.7214  2.746    0  0.000  0.463     0.00     0.00 -1   1.6e-11      0.00 7.000e-01 2.990e-01 1.100e-03 5.880e-04 3.170e-03 -1.000 1.000e-03	1.188	2.062	2.070	1.404	0.972	0.556	0.004	-0.452	-0.508
0.00034  1.20e+10  0.8035852909   0.800  1.479  3.7197  2.694    0  0.000  0.463     0.00     0.00 -1  1.88e-11      0.00 7.000e-01 2.990e-01 1.100e-03 5.880e-04 3.170e-03 -1.000 9.999e-04	1.073	1.970	1.966	1.293	0.858	0.439	-0.118	-0.578	-0.635
0.00034  1.20e+10  0.8037587404   0.800  1.527  3.7181  2.639    0  0.000  0.463     0.00     0.00 -1  2.24e-11      0.00 7.000e-01 2.990e-01 1.100e-03 5.880e-04 3.170e-03 -1.000 1.000e-03	0.953	1.873	1.858	1.177	0.738	0.316	-0.245	-0.709	-0.766
0.00034  1.20e+10  0.8039115667   0.800  1.573  3.7164  2.586    0  0.000  0.463     0.00     0.00 -1  2.65e-11      0.00 7.000e-01 2.990e-01 1.100e-03 5.880e-04 3.170e-03 -1.000 1.000e-03	0.838	1.780	1.754	1.066	0.623	0.199	-0.368	-0.836	-0.894
0.00034  1.20e+10  0.8040476441   0.800  1.617  3.7148  2.535    0  0.000  0.463     0.00     0.00 -1  3.11e-11      0.00 7.000e-01 2.990e-01 1.100e-03 5.880e-04 3.170e-03 -1.000 1.000e-03	0.726	1.691	1.655	0.958	0.512	0.085	-0.486	-0.959	-1.018
0.00034  1.20e+10  0.8041772246   0.800  1.664  3.7130  2.481    0  0.000  0.463     0.00     0.00 -1  3.69e-11      0.00 7.000e-01 2.990e-01 1.100e-03 5.880e-04 3.170e-03 -1.000 1.000e-03	0.610	1.598	1.551	0.846	0.397	-0.034	-0.610	-1.087	-1.146
0.00034  1.20e+10  0.8042945266   0.800  1.710  3.7113  2.429    0  0.000  0.463     0.00     0.00 -1  4.35e-11      0.00 7.000e-01 2.990e-01 1.100e-03 5.880e-04 3.170e-03 -1.000 1.000e-03	0.496	1.510	1.450	0.736	0.283	-0.152	-0.733	-1.213	-1.274
0.00034  1.20e+10  0.8043978810   0.800  1.754  3.7096  2.378    0  0.000  0.463     0.00     0.00 -1  5.11e-11      0.00 7.000e-01 2.990e-01 1.100e-03 5.880e-04 3.170e-03 -1.000 9.999e-04	0.386	1.426	1.353	0.631	0.173	-0.264	-0.850	-1.335	-1.396
0.00034  1.20e+10  0.8044927716   0.800  1.797  3.7078  2.327    0  0.000  0.463     0.00     0.00 -1  5.99e-11      0.00 7.000e-01 2.990e-01 1.100e-03 5.880e-04 3.170e-03 -1.000 1.000e-03	0.276	1.346	1.259	0.526	0.065	-0.376	-0.967	-1.456	-1.518
0.00034  1.20e+10  0.8045845628   0.800  1.843  3.7060  2.274    0  0.000  0.463     0.00     0.00 -1  7.08e-11      0.00 7.000e-01 2.990e-01 1.100e-03 5.880e-04 3.170e-03 -1.000 1.000e-03	0.162	1.263	1.160	0.417	-0.048	-0.493	-1.089	-1.583	-1.645
0.00034  1.20e+10  0.8046649694   0.799  1.887  3.7041  2.223    0  0.000  0.463     0.00     0.00 -1   8.3e-11      0.00 7.000e-01 2.990e-01 1.100e-03 5.880e-04 3.170e-03 -1.000 1.000e-03	0.054	1.184	1.067	0.314	-0.156	-0.604	-1.206	-1.704	-1.767
0.00034  1.20e+10  0.8047389388   0.799  1.930  3.7023  2.172    0  0.000  0.463     0.00     0.00 -1  9.71e-11      0.00 7.000e-01 2.990e-01 1.100e-03 5.880e-04 3.170e-03 -1.000 1.000e-03	-0.054	1.107	0.975	0.212	-0.262	-0.713	-1.321	-1.824	-1.888
0.00034  1.20e+10  0.8048089147   0.799  1.973  3.7005  2.121    0  0.000  0.463     0.00     0.00 -1  1.14e-10      0.00 7.000e-01 2.990e-01 1.100e-03 5.880e-04 3.170e-03 -1.000 1.000e-03	-0.163	1.029	0.882	0.108	-0.371	-0.825	-1.438	-1.946	-2.011
0.00034  1.20e+10  0.8048705459   0.798  2.014  3.6986  2.073    0  0.000  0.463     0.00     0.00 -1  1.32e-10      0.00 7.000e-01 2.990e-01 1.100e-03 5.880e-04 3.170e-03 -1.000 1.000e-03	-0.265	0.958	0.797	0.012	-0.471	-0.930	-1.548	-2.060	-2.126
0.00034  1.20e+10  0.8049298525   0.798  2.054  3.6968  2.025    0  0.000  0.463     0.00     0.00 -1  1.53e-10      0.00 7.000e-01 2.990e-01 1.100e-03 5.880e-04 3.170e-03 -1.000 1.000e-03	-0.365	0.887	0.713	-0.083	-0.570	-1.032	-1.656	-2.173	-2.239
0.00034  1.20e+10  0.8049914241   0.798  2.093  3.6951  1.980    0  0.000  0.463     0.00     0.00 -1  1.77e-10      0.00 7.000e-01 2.990e-01 1.100e-03 5.880e-04 3.170e-03 -1.000 1.000e-03	-0.462	0.823	0.633	-0.173	-0.665	-1.130	-1.759	-2.280	-2.348
0.00034  1.20e+10  0.8050464988   0.797  2.117  3.6941  1.951    0  0.000  0.463     0.00     0.00 -1  1.94e-10      0.00 7.000e-01 2.990e-01 1.100e-03 5.880e-04 3.170e-03 -1.000 1.000e-03	-0.523	0.785	0.583	-0.230	-0.725	-1.192	-1.825	-2.348	-2.416
0.00034  1.20e+10  0.8050850034   0.797  2.105  3.6949  1.966    0  0.000  0.463     0.00     0.00 -1  1.87e-10      0.00 7.000e-01 2.990e-01 1.100e-03 5.880e-04 3.170e-03 -1.000 1.000e-03	-0.493	0.798	0.604	-0.203	-0.696	-1.162	-1.792	-2.313	-2.381
0.00034  1.20e+10  0.8050901294   0.797  2.104  3.6950  1.968    0  0.000  0.463     0.00     0.00 -1  1.86e-10      0.00 7.000e-01 2.990e-01 1.100e-03 5.880e-04 3.170e-03 -1.000 1.000e-03	-0.489	0.800	0.607	-0.200	-0.692	-1.158	-1.787	-2.308	-2.376
0.00034  1.20e+10  0.8051185012   0.796  2.130  3.6938  1.937    0  0.000  0.463     0.00     0.00 -1  2.03e-10      0.00 7.000e-01 2.990e-01 1.100e-03 5.880e-04 3.170e-03 -1.000 1.000e-03	-0.554	0.760	0.555	-0.261	-0.756	-1.225	-1.858	-2.382	-2.450
0.00034  1.20e+10  0.8051616549   0.796  2.172  3.6918  1.886    0  0.000  0.463     0.00     0.00 -1  2.36e-10      0.00 7.000e-01 2.990e-01 1.100e-03 5.880e-04 3.170e-03 -1.000 1.000e-03	-0.659	0.699	0.471	-0.358	-0.859	-1.331	-1.971	-2.500	-2.569
0.00034  1.20e+10  0.8052017689   0.796  2.213  3.6898  1.837    0  0.000  0.463     0.00     0.00 -1  2.75e-10      0.00 7.000e-01 2.990e-01 1.100e-03 5.880e-04 3.170e-03 -1.000 1.000e-03	-0.763	0.639	0.389	-0.454	-0.960	-1.437	-2.083	-2.618	-2.687
0.00034  1.20e+10  0.8052387834   0.795  2.255  3.6877  1.787    0  0.000  0.463     0.00     0.00 -1  3.21e-10      0.00 7.000e-01 2.990e-01 1.100e-03 5.880e-04 3.170e-03 -1.000 1.000e-03	-0.866	0.580	0.309	-0.549	-1.061	-1.542	-2.195	-2.735	-2.804
0.00034  1.20e+10  0.8052713275   0.794  2.293  3.6857  1.740    0  0.000  0.463     0.00     0.00 -1  3.71e-10      0.00 7.000e-01 2.990e-01 1.100e-03 5.880e-04 3.170e-03 -1.000 1.000e-03	-0.963	0.528	0.234	-0.638	-1.156	-1.641	-2.300	-2.845	-2.916
0.00034  1.20e+10  0.8053029776   0.794  2.334  3.6837  1.691    0  0.000  0.463     0.00     0.00 -1  4.31e-10      0.00 7.000e-01 2.990e-01 1.100e-03 5.880e-04 3.170e-03 -1.000 1.000e-03	-1.065	0.471	0.156	-0.731	-1.255	-1.744	-2.410	-2.960	-3.032
0.00034  1.20e+10  0.8053308725   0.793  2.372  3.6816  1.644    0  0.000  0.463     0.00     0.00 -1  4.97e-10      0.00 7.000e-01 2.990e-01 1.100e-03 5.880e-04 3.170e-03 -1.000 1.000e-03	-1.160	0.424	0.086	-0.817	-1.347	-1.842	-2.514	-3.070	-3.142
0.00034  1.20e+10  0.8053578734   0.793  2.412  3.6796  1.596    0  0.000  0.463     0.00     0.00 -1  5.75e-10      0.00 7.000e-01 2.990e-01 1.100e-03 5.880e-04 3.170e-03 -1.000 1.000e-03	-1.259	0.376	0.012	-0.906	-1.442	-1.941	-2.621	-3.182	-3.255
0.00034  1.20e+10  0.8053818941   0.792  2.449  3.6775  1.549    0  0.000  0.463     0.00     0.00 -1  6.62e-10      0.00 7.000e-01 2.990e-01 1.100e-03 5.880e-04 3.170e-03 -1.000 1.000e-03	-1.354	0.335	-0.055	-0.990	-1.533	-2.036	-2.723	-3.290	-3.364
0.00034  1.20e+10  0.8054098487   0.791  2.497  3.6749  1.491    0  0.000  0.463     0.00     0.00 -1  7.89e-10      0.00 7.000e-01 2.990e-01 1.100e-03 5.880e-04 3.170e-03 -1.000 1.000e-03	-1.471	0.285	-0.139	-1.094	-1.646	-2.155	-2.850	-3.425	-3.500
0.00034  1.20e+10  0.8054347038   0.790  2.542  3.6723  1.435    0  0.000  0.463     0.00     0.00 -1  9.35e-10      0.00 7.000e-01 2.990e-01 1.100e-03 5.880e-04 3.170e-03 -1.000 1.000e-03	-1.585	0.245	-0.215	-1.194	-1.754	-2.270	-2.974	-3.556	-3.631
0.00034  1.20e+10  0.8054542542   0.789  2.580  3.6702  1.387    0  0.000  0.463     0.00     0.00 -1  1.08e-09      0.00 7.000e-01 2.990e-01 1.100e-03 5.880e-04 3.170e-03 -1.000 9.999e-04	-1.681	0.212	-0.280	-1.278	-1.846	-2.367	-3.079	-3.666	-3.743
0.00034  1.20e+10  0.8054749966   0.787  2.624  3.6676  1.333    0  0.000  0.463     0.00     0.00 -1  1.27e-09      0.00 7.000e-01 2.990e-01 1.100e-03 5.880e-04 3.170e-03 -1.000 1.000e-03	-1.790	0.180	-0.350	-1.372	-1.950	-2.477	-3.198	-3.792	-3.870
0.00034  1.20e+10  0.8054916263   0.786  2.661  3.6654  1.286    0  0.000  0.463     0.00     0.00 -1  1.47e-09      0.00 7.000e-01 2.990e-01 1.100e-03 5.880e-04 3.170e-03 -1.000 1.000e-03	-1.884	0.157	-0.408	-1.451	-2.038	-2.571	-3.300	-3.900	-3.978
0.00034  1.20e+10  0.8055090904   0.785  2.704  3.6628  1.232    0  0.000  0.463     0.00     0.00 -1  1.72e-09      0.00 7.000e-01 2.990e-01 1.100e-03 5.880e-04 3.170e-03 -1.000 1.000e-03	-1.989	0.139	-0.469	-1.539	-2.137	-2.677	-3.415	-4.023	-4.102
0.00034  1.20e+10  0.8055258989   0.783  2.747  3.6601  1.177    0  0.000  0.463     0.00     0.00 -1  2.02e-09      0.00 7.000e-01 2.990e-01 1.100e-03 5.880e-04 3.170e-03 -1.000 1.000e-03	-2.098	0.121	-0.532	-1.630	-2.239	-2.786	-3.534	-4.149	-4.229
0.00034  1.20e+10  0.8055415750   0.782  2.791  3.6574  1.122    0  0.000  0.463     0.00     0.00 -1  2.39e-09      0.00 7.000e-01 2.990e-01 1.100e-03 5.880e-04 3.170e-03 -1.000 1.000e-03	-2.207	0.107	-0.592	-1.720	-2.341	-2.895	-3.654	-4.276	-4.357
0.00034  1.20e+10  0.8055551648   0.780  2.831  3.6548  1.070    0  0.000  0.463     0.00     0.00 -1  2.79e-09      0.00 7.000e-01 2.990e-01 1.100e-03 5.880e-04 3.170e-03 -1.000 9.999e-04	-2.308	0.099	-0.646	-1.803	-2.435	-2.997	-3.766	-4.395	-4.477
0.00034  1.20e+10  0.8055684566   0.778  2.874  3.6521  1.015    0  0.000  0.463     0.00     0.00 -1  3.28e-09      0.00 7.000e-01 2.990e-01 1.100e-03 5.880e-04 3.170e-03 -1.000 1.000e-03	-2.414	0.096	-0.700	-1.887	-2.532	-3.102	-3.882	-4.519	-4.602
0.00034  1.20e+10  0.8055800200   0.776  2.913  3.6495  0.964    0  0.000  0.463     0.00     0.00 -1  3.81e-09      0.00 7.000e-01 2.990e-01 1.100e-03 5.880e-04 3.170e-03 -1.000 1.000e-03	-2.514	0.105	-0.743	-1.962	-2.621	-3.199	-3.990	-4.635	-4.719
0.00034  1.20e+10  0.8055912256   0.773  2.954  3.6468  0.911    0  0.000  0.463     0.00     0.00 -1  4.46e-09      0.00 7.000e-01 2.990e-01 1.100e-03 5.880e-04 3.170e-03 -1.000 1.000e-03	-2.616	0.121	-0.785	-2.038	-2.711	-3.298	-4.101	-4.755	-4.840
0.00034  1.20e+10  0.8056017160   0.771  2.995  3.6441  0.858    0  0.000  0.463     0.00     0.00 -1  5.22e-09      0.00 7.000e-01 2.990e-01 1.100e-03 5.880e-04 3.170e-03 -1.000 1.000e-03	-2.718	0.139	-0.824	-2.113	-2.802	-3.398	-4.213	-4.874	-4.960
0.00034  1.20e+10  0.8056108952   0.768  3.033  3.6415  0.808    0  0.000  0.463     0.00     0.00 -1  6.05e-09      0.00 7.000e-01 2.990e-01 1.100e-03 5.880e-04 3.170e-03 -1.000 1.000e-03	-2.813	0.164	-0.856	-2.180	-2.885	-3.491	-4.317	-4.986	-5.074
0.00034  1.20e+10  0.8056197762   0.765  3.072  3.6388  0.757    0  0.000  0.463     0.00     0.00 -1  7.03e-09      0.00 7.000e-01 2.990e-01 1.100e-03 5.880e-04 3.170e-03 -1.000 1.000e-03	-2.910	0.194	-0.887	-2.248	-2.969	-3.585	-4.424	-5.101	-5.190
0.00034  1.20e+10  0.8056281209   0.762  3.111  3.6361  0.706    0  0.000  0.463     0.00     0.00 -1  8.17e-09      0.00 7.000e-01 2.990e-01 1.100e-03 5.880e-04 3.170e-03 -1.000 1.000e-03	-3.007	0.225	-0.916	-2.314	-3.052	-3.678	-4.530	-5.215	-5.305
0.00034  1.20e+10  0.8056356907   0.758  3.148  3.6335  0.656    0  0.000  0.463     0.00     0.00 -1  9.45e-09      0.00 7.000e-01 2.990e-01 1.100e-03 5.880e-04 3.170e-03 -1.000 1.000e-03	-3.101	0.262	-0.939	-2.375	-3.130	-3.767	-4.632	-5.325	-5.417
0.00034  1.20e+10  0.8056432009   0.754  3.188  3.6308  0.603    0  0.000  0.463     0.00     0.00 -1   1.1e-08      0.00 7.000e-01 2.990e-01 1.100e-03 5.880e-04 3.170e-03 -1.000 1.000e-03	-3.199	0.300	-0.965	-2.440	-3.213	-3.861	-4.739	-5.440	-5.534
0.00034  1.20e+10  0.8056499362   0.750  3.224  3.6282  0.554    0  0.000  0.463     0.00     0.00 -1  1.27e-08      0.00 7.000e-01 2.990e-01 1.100e-03 5.880e-04 3.170e-03 -1.000 1.000e-03	-3.291	0.342	-0.985	-2.499	-3.290	-3.948	-4.839	-5.549	-5.644
0.00034  1.20e+10  0.8056564331   0.746  3.261  3.6256  0.504    0  0.000  0.463     0.00     0.00 -1  1.47e-08      0.00 7.000e-01 2.990e-01 1.100e-03 5.880e-04 3.170e-03 -1.000 1.000e-03	-3.384	0.386	-1.004	-2.558	-3.367	-4.036	-4.940	-5.658	-5.755
0.00034  1.20e+10  0.8056619167   0.741  1.707  3.8130  2.805    4  0.000  0.463     0.00     0.00 -1         0      0.00 7.000e-01 2.990e-01 1.100e-03 5.880e-04 3.170e-03 -1.000 1.000e-03	0.503	0.840	0.880	0.548	0.299	0.048	-0.265	-0.503	-0.527
0.00034  1.20e+10  0.8056651950   0.741  1.713  3.8109  2.790    4  0.000  0.463     0.00     0.00 -1         0      0.00 7.000e-01 2.990e-01 1.100e-03 5.880e-04 3.170e-03 -1.000 1.000e-03	0.488	0.831	0.873	0.535	0.282	0.028	-0.291	-0.533	-0.558
0.00034  1.20e+10  0.8057203293   0.741  1.727  3.8066  2.760    4  0.000  0.463     0.00     0.00 -1         0      0.00 7.000e-01 2.990e-01 1.100e-03 5.880e-04 3.170e-03 -1.000 1.000e-03	0.453	0.809	0.855	0.506	0.244	-0.018	-0.346	-0.598	-0.624
0.00034  1.20e+10  0.8057761192   0.741  1.728  3.8071  2.760    4  0.000  0.463     0.00     0.00 -1         0      0.00 7.000e-01 2.990e-01 1.100e-03 5.880e-04 3.170e-03 -1.000 1.000e-03	0.450	0.804	0.850	0.502	0.241	-0.020	-0.347	-0.598	-0.624
0.00034  1.20e+10  0.8058331013   0.741  1.729  3.8080  2.763    4  0.000  0.463     0.00     0.00 -1         0      0.00 7.000e-01 2.990e-01 1.100e-03 5.880e-04 3.170e-03 -1.000 1.000e-03	0.448	0.800	0.844	0.499	0.241	-0.019	-0.344	-0.593	-0.618
0.00034  1.20e+10  0.8058895469   0.741  1.729  3.8092  2.768    4  0.000  0.463     0.00     0.00 -1         0      0.00 7.000e-01 2.990e-01 1.100e-03 5.880e-04 3.170e-03 -1.000 1.000e-03	0.448	0.797	0.839	0.497	0.241	-0.016	-0.339	-0.585	-0.609
0.00034  1.20e+10  0.8059426546   0.741  1.728  3.8105  2.774    4  0.000  0.463     0.00     0.00 -1         0      0.00 7.000e-01 2.990e-01 1.100e-03 5.880e-04 3.170e-03 -1.000 1.000e-03	0.449	0.794	0.835	0.496	0.243	-0.012	-0.332	-0.575	-0.599
0.00034  1.20e+10  0.8059948683   0.742  1.728  3.8119  2.780    4  0.000  0.463     0.00     0.00 -1         0      0.00 7.000e-01 2.990e-01 1.100e-03 5.880e-04 3.170e-03 -1.000 1.000e-03	0.450	0.791	0.830	0.495	0.245	-0.007	-0.323	-0.563	-0.587
0.00034  1.20e+10  0.8060476780   0.742  1.727  3.8135  2.787    4  0.000  0.463     0.00     0.00 -1         0      0.00 7.000e-01 2.990e-01 1.100e-03 5.880e-04 3.170e-03 -1.000 1.000e-03	0.452	0.788	0.825	0.495	0.247	-0.002	-0.314	-0.550	-0.574
0.00034  1.20e+10  0.8061028719   0.742  1.727  3.8151  2.794    4  0.000  0.463     0.00     0.00 -1         0      0.00 7.000e-01 2.990e-01 1.100e-03 5.880e-04 3.170e-03 -1.000 1.000e-03	0.454	0.786	0.820	0.494	0.250	0.004	-0.304	-0.536	-0.560
0.00034  1.20e+10  0.8061573505   0.742  1.726  3.8166  2.801    4  0.000  0.463     0.00     0.00 -1         0      0.00 7.000e-01 2.990e-01 1.100e-03 5.880e-04 3.170e-03 -1.000 1.000e-03	0.455	0.783	0.815	0.494	0.253	0.009	-0.295	-0.524	-0.548
0.00034  1.20e+10  0.8062133789   0.742  1.726  3.8179  2.806    4  0.000  0.463     0.00     0.00 -1         0      0.00 7.000e-01 2.990e-01 1.100e-03 5.880e-04 3.170e-03 -1.000 1.000e-03	0.456	0.781	0.811	0.493	0.254	0.014	-0.288	-0.514	-0.537
0.00034  1.20e+10  0.8062689900   0.742  1.725  3.8188  2.810    4  0.000  0.463     0.00     0.00 -1         0      0.00 7.000e-01 2.990e-01 1.100e-03 5.880e-04 3.170e-03 -1.000 1.000e-03	0.457	0.779	0.808	0.492	0.256	0.017	-0.282	-0.506	-0.529
0.00034  1.20e+10  0.8063238859   0.742  1.725  3.8194  2.813    4  0.000  0.463     0.00     0.00 -1         0      0.00 7.000e-01 2.990e-01 1.100e-03 5.880e-04 3.170e-03 -1.000 9.999e-04	0.457	0.778	0.806	0.492	0.256	0.018	-0.280	-0.502	-0.525
0.00034  1.20e+10  0.8063771129   0.742  1.726  3.8195  2.813    4  0.000  0.463     0.00     0.00 -1         0      0.00 7.000e-01 2.990e-01 1.100e-03 5.880e-04 3.170e-03 -1.000 1.000e-03	0.456	0.777	0.805	0.491	0.255	0.018	-0.280	-0.502	-0.525
0.00034  1.20e+10  0.8064003587   0.742  1.726  3.8195  2.813    4  0.000  0.463     0.00     0.00 -1         0      0.00 7.000e-01 2.990e-01 1.100e-03 5.880e-04 3.170e-03 -1.000 1.000e-03	0.456	0.776	0.804	0.491	0.255	0.017	-0.280	-0.503	-0.525
0.00034  1.20e+10  0.8064124584   0.742  1.726  3.8194  2.812    4  0.000  0.463     0.00     0.00 -1         0      0.00 7.000e-01 2.990e-01 1.100e-03 5.880e-04 3.170e-03 -1.000 1.000e-03	0.455	0.776	0.804	0.490	0.255	0.017	-0.281	-0.504	-0.527
0.00034  1.20e+10  0.8064656854   0.742  1.727  3.8186  2.808    4  0.000  0.463     0.00     0.00 -1         0      0.00 7.000e-01 2.990e-01 1.100e-03 5.880e-04 3.170e-03 -1.000 1.000e-03	0.453	0.776	0.805	0.489	0.252	0.013	-0.287	-0.512	-0.535
0.00034  1.20e+10  0.8065196276   0.742  1.728  3.8173  2.802    4  0.000  0.463     0.00     0.00 -1         0      0.00 7.000e-01 2.990e-01 1.100e-03 5.880e-04 3.170e-03 -1.000 1.000e-03	0.450	0.777	0.808	0.488	0.248	0.006	-0.297	-0.524	-0.548
0.00034  1.20e+10  0.8065724969   0.742  1.729  3.8154  2.793    4  0.000  0.463     0.00     0.00 -1         0      0.00 7.000e-01 2.990e-01 1.100e-03 5.880e-04 3.170e-03 -1.000 1.000e-03	0.446	0.778	0.811	0.487	0.243	-0.003	-0.310	-0.542	-0.566
0.00034  1.20e+10  0.8066247106   0.742  1.731  3.8130  2.781    4  0.000  0.463     0.00     0.00 -1         0      0.00 7.000e-01 2.990e-01 1.100e-03 5.880e-04 3.170e-03 -1.000 1.000e-03	0.441	0.780	0.816	0.485	0.237	-0.013	-0.327	-0.564	-0.588
0.00034  1.20e+10  0.8066766858   0.742  1.734  3.8100  2.767    4  0.000  0.463     0.00     0.00 -1         0      0.00 7.000e-01 2.990e-01 1.100e-03 5.880e-04 3.170e-03 -1.000 1.000e-03	0.435	0.782	0.823	0.483	0.229	-0.027	-0.348	-0.592	-0.616
0.00034  1.20e+10  0.8067282438   0.742  1.737  3.8065  2.750    4  0.000  0.463     0.00     0.00 -1         0      0.00 7.000e-01 2.990e-01 1.100e-03 5.880e-04 3.170e-03 -1.000 1.000e-03	0.428	0.785	0.830	0.481	0.220	-0.043	-0.372	-0.624	-0.649
0.00034  1.20e+10  0.8067799807   0.742  1.740  3.8026  2.731    4  0.000  0.463     0.00     0.00 -1         0      0.00 7.000e-01 2.990e-01 1.100e-03 5.880e-04 3.170e-03 -1.000 1.000e-03	0.421	0.790	0.839	0.478	0.210	-0.060	-0.398	-0.659	-0.685
0.00034  1.20e+10  0.8067848682   0.742  1.740  3.8022  2.729    4  0.000  0.463     0.00     0.00 -1         0      0.00 7.000e-01 2.990e-01 1.100e-03 5.880e-04 3.170e-03 -1.000 1.000e-03	0.420	0.790	0.840	0.478	0.209	-0.061	-0.401	-0.663	-0.689
0.00034  1.20e+10  0.8067934513   0.742  1.741  3.8015  2.726    4  0.000  0.463     0.00     0.00 -1         0      0.00 7.000e-01 2.990e-01 1.100e-03 5.880e-04 3.170e-03 -1.000 1.000e-03	0.418	0.791	0.842	0.478	0.207	-0.065	-0.406	-0.670	-0.696
0.00034  1.20e+10  0.8068442941   0.742  1.744  3.7972  2.705    4  0.000  0.463     0.00     0.00 -1         0      0.00 7.000e-01 2.990e-01 1.100e-03 5.880e-04 3.170e-03 -1.000 1.000e-03	0.409	0.796	0.851	0.475	0.195	-0.084	-0.436	-0.710	-0.737
0.00034  1.20e+10  0.8068938255   0.743  1.748  3.7929  2.684    4  0.000  0.463     0.00     0.00 -1         0      0.00 7.000e-01 2.990e-01 1.100e-03 5.880e-04 3.170e-03 -1.000 1.000e-03	0.399	0.801	0.860	0.471	0.183	-0.104	-0.466	-0.750	-0.778
0.00034  1.20e+10  0.8069468737   0.743  1.753  3.7880  2.659    4  0.000  0.463     0.00     0.00 -1         0      0.00 7.000e-01 2.990e-01 1.100e-03 5.880e-04 3.170e-03 -1.000 1.000e-03	0.387	0.809	0.871	0.467	0.169	-0.127	-0.502	-0.797	-0.826
0.00034  1.20e+10  0.8069972396   0.743  1.758  3.7832  2.635    4  0.000  0.463     0.00     0.00 -1         0      0.00 7.000e-01 2.990e-01 1.100e-03 5.880e-04 3.170e-03 -1.000 1.000e-03	0.374	0.816	0.880	0.461	0.154	-0.150	-0.537	-0.843	-0.874
0.00034  1.20e+10  0.8070455790   0.743  1.763  3.7792  2.614    4  0.000  0.463     0.00     0.00 -1         0      0.00 7.000e-01 2.990e-01 1.100e-03 5.880e-04 3.170e-03 -1.000 1.000e-03	0.361	0.820	0.886	0.455	0.140	-0.172	-0.569	-0.884	-0.916
0.00034  1.20e+10  0.8070954680   0.743  1.769  3.7750  2.592    4  0.000  0.463     0.00     0.00 -1         0      0.00 7.000e-01 2.990e-01 1.100e-03 5.880e-04 3.170e-03 -1.000 1.000e-03	0.347	0.828	0.893	0.448	0.125	-0.195	-0.602	-0.928	-0.961
0.00034  1.20e+10  0.8071443439   0.743  1.775  3.7714  2.572    4  0.000  0.463     0.00     0.00 -1         0      0.00 7.000e-01 2.990e-01 1.100e-03 5.880e-04 3.170e-03 -1.000 1.000e-03	0.333	0.832	0.896	0.439	0.109	-0.216	-0.633	-0.967	-1.001
0.00034  1.20e+10  0.8071938157   0.743  1.781  3.7681  2.553    4  0.000  0.463     0.00     0.00 -1         0      0.00 7.000e-01 2.990e-01 1.100e-03 5.880e-04 3.170e-03 -1.000 1.000e-03	0.318	0.835	0.898	0.430	0.094	-0.238	-0.663	-1.005	-1.040
0.00034  1.20e+10  0.8072432876   0.743  1.787  3.7650  2.534    4  0.000  0.463     0.00     0.00 -1         0      0.00 7.000e-01 2.990e-01 1.100e-03 5.880e-04 3.170e-03 -1.000 1.000e-03	0.302	0.836	0.898	0.419	0.077	-0.260	-0.694	-1.044	-1.080
0.00034  1.20e+10  0.8072931170   0.743  1.796  3.7616  2.512    4  0.000  0.463     0.00     0.00 -1         0      0.00 7.000e-01 2.990e-01 1.100e-03 5.880e-04 3.170e-03 -1.000 1.000e-03	0.281	0.837	0.896	0.405	0.055	-0.288	-0.731	-1.088	-1.126
0.00034  1.20e+10  0.8073030114   0.743  1.792  3.7630  2.521    4  0.000  0.463     0.00     0.00 -1         0      0.00 7.000e-01 2.990e-01 1.100e-03 5.880e-04 3.170e-03 -1.000 1.000e-03	0.289	0.837	0.897	0.411	0.064	-0.276	-0.715	-1.070	-1.106
0.00034  1.20e+10  0.8073541522   0.743  1.805  3.7584  2.490    4  0.000  0.463     0.00     0.00 -1         0      0.00 7.000e-01 2.990e-01 1.100e-03 5.880e-04 3.170e-03 -1.000 1.000e-03	0.259	0.836	0.891	0.388	0.033	-0.316	-0.767	-1.132	-1.171
0.00034  1.20e+10  0.8074044585   0.743  1.821  3.7537  2.455    4  0.000  0.463     0.00     0.00 -1         0      0.00 7.000e-01 2.990e-01 1.100e-03 5.880e-04 3.170e-03 -1.000 1.000e-03	0.218	0.827	0.876	0.356	-0.009	-0.366	-0.829	-1.205	-1.246
0.00034  1.20e+10  0.8074468374   0.743  1.851  3.7468  2.397    4  0.000  0.463     0.00     0.00 -1         0      0.00 7.000e-01 2.990e-01 1.100e-03 5.880e-04 3.170e-03 -1.000 1.000e-03	0.142	0.804	0.840	0.293	-0.085	-0.454	-0.936	-1.328	-1.371
0.00034  1.20e+10  0.8074697852   0.743  1.888  3.7396  2.331    4  0.000  0.463     0.00     0.00 -1         0      0.00 7.000e-01 2.990e-01 1.100e-03 5.880e-04 3.170e-03 -1.000 1.000e-03	0.049	0.770	0.790	0.214	-0.180	-0.562	-1.062	-1.472	-1.517
0.00034  1.20e+10  0.8074801564   0.743  1.928  3.7330  2.265    4  0.000  0.463     0.00     0.00 -1         0      0.00 7.000e-01 2.990e-01 1.100e-03 5.880e-04 3.170e-03 -1.000 1.000e-03	-0.049	0.738	0.735	0.130	-0.277	-0.671	-1.190	-1.615	-1.664
0.00034  1.20e+10  0.8074847460   0.743  1.968  3.7272  2.202    4  0.000  0.463     0.00     0.00 -1         0      0.00 7.000e-01 2.990e-01 1.100e-03 5.880e-04 3.170e-03 -1.000 1.000e-03	-0.149	0.699	0.675	0.043	-0.376	-0.781	-1.315	-1.755	-1.806
0.00034  1.20e+10  0.8074869514   0.743  2.006  3.7225  2.146    4  0.000  0.463     0.00     0.00 -1         0      0.00 7.000e-01 2.990e-01 1.100e-03 5.880e-04 3.170e-03 -1.000 1.000e-03	-0.244	0.658	0.615	-0.040	-0.470	-0.882	-1.430	-1.881	-1.934
0.00034  1.20e+10  0.8074877858   0.743  2.028  3.7200  2.113    4  0.000  0.463     0.00     0.00 -1         0      0.00 7.000e-01 2.990e-01 1.100e-03 5.880e-04 3.170e-03 -1.000 1.000e-03	-0.300	0.634	0.578	-0.090	-0.525	-0.942	-1.497	-1.954	-2.009
0.00034  1.20e+10  0.8074878454   0.743  2.029  3.7200  2.112    4  0.000  0.463     0.00     0.00 -1         0      0.00 7.000e-01 2.990e-01 1.100e-03 5.880e-04 3.170e-03 -1.000 1.000e-03	-0.302	0.634	0.577	-0.091	-0.526	-0.944	-1.499	-1.956	-2.010
0.00034  1.20e+10  0.8074889183   0.743  2.069  3.7163  2.058    4  0.000  0.463     0.00     0.00 -1         0      0.00 7.000e-01 2.990e-01 1.100e-03 5.880e-04 3.170e-03 -1.000 1.000e-03	-0.402	0.584	0.506	-0.181	-0.624	-1.049	-1.614	-2.080	-2.136
0.00034  1.20e+10  0.8074898720   0.743  2.106  3.7132  2.008    4  0.000  0.463     0.00     0.00 -1         0      0.00 7.000e-01 2.990e-01 1.100e-03 5.880e-04 3.170e-03 -1.000 1.000e-03	-0.494	0.534	0.439	-0.265	-0.715	-1.145	-1.720	-2.194	-2.252
0.00034  1.20e+10  0.8074907660   0.743  2.133  3.7111  1.973    4  0.000  0.463     0.00     0.00 -1         0      0.00 7.000e-01 2.990e-01 1.100e-03 5.880e-04 3.170e-03 -1.000 1.000e-03	-0.561	0.497	0.389	-0.326	-0.781	-1.216	-1.797	-2.276	-2.334
0.00034  1.20e+10  0.8074917197   0.743  2.152  3.7096  1.948    4  0.000  0.463     0.00     0.00 -1         0      0.00 7.000e-01 2.990e-01 1.100e-03 5.880e-04 3.170e-03 -1.000 1.000e-03	-0.610	0.470	0.353	-0.371	-0.829	-1.267	-1.851	-2.334	-2.393
0.00034  1.20e+10  0.8074931502   0.743  2.164  3.7088  1.932    4  0.000  0.463     0.00     0.00 -1         0      0.00 7.000e-01 2.990e-01 1.100e-03 5.880e-04 3.170e-03 -1.000 1.000e-03	-0.640	0.454	0.330	-0.398	-0.859	-1.298	-1.885	-2.370	-2.429
0.00034  1.20e+10  0.8074957728   0.743  2.154  3.7096  1.946    4  0.000  0.463     0.00     0.00 -1         0      0.00 7.000e-01 2.990e-01 1.100e-03 5.880e-04 3.170e-03 -1.000 1.000e-03	-0.615	0.466	0.348	-0.375	-0.834	-1.271	-1.856	-2.339	-2.398
0.00034  1.20e+10  0.8075001836   0.743  2.138  3.7109  1.967    4  0.000  0.463     0.00     0.00 -1         0      0.00 7.000e-01 2.990e-01 1.100e-03 5.880e-04 3.170e-03 -1.000 1.000e-03	-0.574	0.488	0.379	-0.338	-0.794	-1.229	-1.810	-2.290	-2.348
0.00034  1.20e+10  0.8075265884   0.743  2.155  3.7093  1.943    4  0.000  0.463     0.00     0.00 -1         0      0.00 7.000e-01 2.990e-01 1.100e-03 5.880e-04 3.170e-03 -1.000 1.000e-03	-0.617	0.469	0.350	-0.376	-0.836	-1.274	-1.860	-2.343	-2.403
0.00034  1.20e+10  0.8075426817   0.743  2.176  3.7075  1.915    4  0.000  0.463     0.00     0.00 -1         0      0.00 7.000e-01 2.990e-01 1.100e-03 5.880e-04 3.170e-03 -1.000 1.000e-03	-0.670	0.445	0.313	-0.424	-0.888	-1.329	-1.920	-2.408	-2.469
0.00034  1.20e+10  0.8075622320   0.743  2.218  3.7042  1.860    4  0.000  0.463     0.00     0.00 -1         0      0.00 7.000e-01 2.990e-01 1.100e-03 5.880e-04 3.170e-03 -1.000 1.000e-03	-0.775	0.395	0.238	-0.519	-0.990	-1.439	-2.040	-2.535	-2.597
0.00034  1.20e+10  0.8075820804   0.743  2.266  3.7008  1.798    4  0.000  0.463     0.00     0.00 -1         0      0.00 7.000e-01 2.990e-01 1.100e-03 5.880e-04 3.170e-03 -1.000 1.000e-03	-0.895	0.334	0.151	-0.627	-1.107	-1.563	-2.174	-2.679	-2.742
0.00034  1.20e+10  0.8075999618   0.743  2.311  3.6976  1.741    4  0.000  0.463     0.00     0.00 -1         0      0.00 7.000e-01 2.990e-01 1.100e-03 5.880e-04 3.170e-03 -1.000 1.000e-03	-1.007	0.277	0.070	-0.728	-1.217	-1.679	-2.300	-2.812	-2.877
0.00034  1.20e+10  0.8076158166   0.743  2.354  3.6946  1.686    4  0.000  0.463     0.00     0.00 -1         0      0.00 7.000e-01 2.990e-01 1.100e-03 5.880e-04 3.170e-03 -1.000 1.000e-03	-1.114	0.226	-0.007	-0.825	-1.321	-1.789	-2.419	-2.939	-3.006
0.00034  1.20e+10  0.8076298237   0.743  2.396  3.6917  1.632    4  0.000  0.463     0.00     0.00 -1         0      0.00 7.000e-01 2.990e-01 1.100e-03 5.880e-04 3.170e-03 -1.000 1.000e-03	-1.220	0.182	-0.081	-0.919	-1.423	-1.898	-2.537	-3.065	-3.132
0.00034  1.20e+10  0.8076421022   0.743  2.438  3.6888  1.579    4  0.000  0.463     0.00     0.00 -1         0      0.00 7.000e-01 2.990e-01 1.100e-03 5.880e-04 3.170e-03 -1.000 1.000e-03	-1.325	0.139	-0.153	-1.012	-1.524	-2.005	-2.653	-3.189	-3.257
0.00034  1.20e+10  0.8076530099   0.743  2.479  3.6860  1.526    4  0.000  0.463     0.00     0.00 -1         0      0.00 7.000e-01 2.990e-01 1.100e-03 5.880e-04 3.170e-03 -1.000 1.000e-03	-1.428	0.097	-0.224	-1.103	-1.624	-2.111	-2.769	-3.311	-3.381
0.00034  1.20e+10  0.8076629043   0.743  2.521  3.6831  1.473    4  0.000  0.463     0.00     0.00 -1         0      0.00 7.000e-01 2.990e-01 1.100e-03 5.880e-04 3.170e-03 -1.000 1.000e-03	-1.533	0.058	-0.294	-1.195	-1.725	-2.218	-2.885	-3.435	-3.506
0.00034  1.20e+10  0.8076719642   0.743  2.563  3.6802  1.419    4  0.000  0.463     0.00     0.00 -1         0      0.00 7.000e-01 2.990e-01 1.100e-03 5.880e-04 3.170e-03 -1.000 1.000e-03	-1.638	0.026	-0.361	-1.286	-1.825	-2.324	-3.001	-3.559	-3.631
0.00034  1.20e+10  0.8076804280   0.743  2.605  3.6773  1.365    4  0.000  0.463     0.00     0.00 -1         0      0.00 7.000e-01 2.990e-01 1.100e-03 5.880e-04 3.170e-03 -1.000 1.000e-03	-1.744	0.000	-0.427	-1.376	-1.925	-2.432	-3.118	-3.684	-3.757
0.00034  1.20e+10  0.8076882362   0.743  2.648  3.6743  1.311    4  0.000  0.463     0.00     0.00 -1         0      0.00 7.000e-01 2.990e-01 1.100e-03 5.880e-04 3.170e-03 -1.000 1.000e-03	-1.849	-0.022	-0.490	-1.466	-2.025	-2.539	-3.236	-3.810	-3.884
0.00034  1.20e+10  0.8076958060   0.743  2.691  3.6713  1.256    4  0.000  0.463     0.00     0.00 -1         0      0.00 7.000e-01 2.990e-01 1.100e-03 5.880e-04 3.170e-03 -1.000 1.000e-03	-1.956	-0.042	-0.552	-1.556	-2.126	-2.647	-3.355	-3.937	-4.012
0.00034  1.20e+10  0.8077029586   0.743  2.733  3.6683  1.202    4  0.000  0.463     0.00     0.00 -1         0      0.00 7.000e-01 2.990e-01 1.100e-03 5.880e-04 3.170e-03 -1.000 1.000e-03	-2.061	-0.059	-0.612	-1.643	-2.225	-2.753	-3.471	-4.062	-4.138
0.00034  1.20e+10  0.8077098131   0.743  2.775  3.6652  1.148    4  0.000  0.463     0.00     0.00 -1         0      0.00 7.000e-01 2.990e-01 1.100e-03 5.880e-04 3.170e-03 -1.000 1.000e-03	-2.166	-0.067	-0.667	-1.729	-2.322	-2.859	-3.588	-4.187	-4.264
0.00034  1.20e+10  0.8077160120   0.743  2.817  3.6622  1.093    4  0.000  0.463     0.00     0.00 -1         0      0.00 7.000e-01 2.990e-01 1.100e-03 5.880e-04 3.170e-03 -1.000 1.000e-03	-2.272	-0.070	-0.721	-1.814	-2.420	-2.964	-3.705	-4.313	-4.391
0.00034  1.20e+10  0.8077211976   0.743  2.856  3.6592  1.042    4  0.000  0.463     0.00     0.00 -1         0      0.00 7.000e-01 2.990e-01 1.100e-03 5.880e-04 3.170e-03 -1.000 1.000e-03	-2.371	-0.069	-0.769	-1.893	-2.511	-3.064	-3.816	-4.431	-4.511
0.00034  1.20e+10  0.8077255487   0.743  2.896  3.6563  0.990    4  0.000  0.463     0.00     0.00 -1         0      0.00 7.000e-01 2.990e-01 1.100e-03 5.880e-04 3.170e-03 -1.000 1.000e-03	-2.470	-0.063	-0.814	-1.971	-2.603	-3.163	-3.927	-4.550	-4.630
0.00034  1.20e+10  0.8077292442   0.743  2.936  3.6532  0.938    4  0.000  0.463     0.00     0.00 -1         0      0.00 7.000e-01 2.990e-01 1.100e-03 5.880e-04 3.170e-03 -1.000 1.000e-03	-2.571	-0.045	-0.854	-2.047	-2.693	-3.263	-4.039	-4.670	-4.752
0.00034  1.20e+10  0.8077328205   0.743  2.979  3.6499  0.882    4  0.000  0.463     0.00     0.00 -1         0      0.00 7.000e-01 2.990e-01 1.100e-03 5.880e-04 3.170e-03 -1.000 1.000e-03	-2.678	-0.017	-0.890	-2.123	-2.787	-3.367	-4.157	-4.799	-4.882
0.00034  1.20e+10  0.8077363372   0.743  3.025  3.6464  0.822    4  0.000  0.463     0.00     0.00 -1         0      0.00 7.000e-01 2.990e-01 1.100e-03 5.880e-04 3.170e-03 -1.000 1.000e-03	-2.792	0.019	-0.925	-2.202	-2.885	-3.478	-4.283	-4.935	-5.020
0.00034  1.20e+10  0.8077394962   0.743  3.073  3.6426  0.758    4  0.000  0.463     0.00     0.00 -1         0      0.00 7.000e-01 2.990e-01 1.100e-03 5.880e-04 3.170e-03 -1.000 1.000e-03	-2.913	0.066	-0.958	-2.285	-2.990	-3.595	-4.417	-5.081	-5.168
0.00034  1.20e+10  0.8077406287   0.743  3.101  3.6403  0.721    4  0.000  0.463     0.00     0.00 -1         0      0.00 7.000e-01 2.990e-01 1.100e-03 5.880e-04 3.170e-03 -1.000 1.000e-03	-2.984	0.100	-0.974	-2.331	-3.050	-3.663	-4.496	-5.166	-5.254
0.00034  1.20e+10  0.8077408075   0.743  3.119  3.6390  0.698    4  0.000  0.463     0.00     0.00 -1         0      0.00 7.000e-01 2.990e-01 1.100e-03 5.880e-04 3.170e-03 -1.000 1.000e-03	-3.027	0.118	-0.985	-2.360	-3.086	-3.705	-4.544	-5.218	-5.307
0.00034  1.20e+10  0.8077411056   0.743  3.142  3.6371  0.667    4  0.000  0.463     0.00     0.00 -1         0      0.00 7.000e-01 2.990e-01 1.100e-03 5.880e-04 3.170e-03 -1.000 1.000e-03	-3.086	0.145	-0.998	-2.398	-3.135	-3.761	-4.608	-5.289	-5.378
0.00034  1.20e+10  0.8077415824   0.743  3.173  3.6347  0.627    4  0.000  0.463     0.00     0.00 -1         0      0.00 7.000e-01 2.990e-01 1.100e-03 5.880e-04 3.170e-03 -1.000 1.000e-03	-3.163	0.185	-1.012	-2.445	-3.198	-3.833	-4.692	-5.381	-5.472
0.00034  1.20e+10  0.8077418208   0.744  3.187  3.6301  0.595    8  0.522  0.437    46.70    25.05  1 -2.76e-07      0.00 7.450e-01 2.546e-01 5.330e-05 3.517e-05 1.616e-04 -1.000 3.620e-04	-3.197	0.335	-0.945	-2.429	-3.207	-3.857	-4.739	-5.443	-5.537
0.00034  1.20e+10  0.8077418804   0.742  2.961  3.6478  0.891    8  0.522  0.440    24.67    14.42  1 -1.16e-07      0.00 7.450e-01 2.546e-01 5.330e-05 3.517e-05 1.616e-04 -1.000 3.620e-04	-2.632	0.088	-0.811	-2.060	-2.732	-3.317	-4.116	-4.765	-4.850
0.00034  1.20e+10  0.8077419996   0.740  2.807  3.6598  1.091    8  0.522  0.440    16.00     9.91  1 -6.92e-08      0.00 7.450e-01 2.546e-01 5.330e-05 3.517e-05 1.616e-04 -1.000 3.620e-04	-2.248	0.016	-0.663	-1.775	-2.389	-2.939	-3.689	-4.303	-4.383
0.00034  1.20e+10  0.8077421784   0.736  2.611  3.6753  1.348    8  0.522  0.440     9.21     6.13  1 -3.82e-08      0.00 7.450e-01 2.546e-01 5.330e-05 3.517e-05 1.616e-04 -1.000 3.620e-04	-1.756	0.037	-0.413	-1.378	-1.934	-2.445	-3.138	-3.710	-3.784
0.00034  1.20e+10  0.8077424765   0.731  2.618  3.6747  1.334    8  0.523  0.440     9.47     6.26  1 -3.94e-08      0.00 7.450e-01 2.546e-01 5.330e-05 3.517e-05 1.616e-04 -1.000 3.621e-04	-1.775	0.035	-0.424	-1.394	-1.952	-2.464	-3.160	-3.733	-3.807
0.00034  1.20e+10  0.8077428937   0.724  2.722  3.6665  1.193    8  0.523  0.440    12.85     8.11  1 -5.45e-08      0.00 7.450e-01 2.546e-01 5.330e-05 3.517e-05 1.616e-04 -1.000 3.620e-04	-2.036	0.013	-0.562	-1.607	-2.195	-2.727	-3.452	-4.047	-4.125
0.00034  1.20e+10  0.8077433109   0.716  2.908  3.6518  0.944    8  0.523  0.440    22.02    12.84  1 -1.02e-07      0.00 7.450e-01 2.546e-01 5.330e-05 3.517e-05 1.616e-04 -1.000 3.620e-04	-2.500	0.063	-0.762	-1.965	-2.617	-3.190	-3.971	-4.608	-4.690
0.00034  1.20e+10  0.8077438474   0.706  3.071  3.6388  0.723    8  0.523  0.440    35.49    19.27  1 -1.89e-07      0.00 7.450e-01 2.546e-01 5.330e-05 3.517e-05 1.616e-04 -1.000 3.620e-04	-2.908	0.221	-0.873	-2.242	-2.967	-3.584	-4.423	-5.099	-5.187
0.00034  1.20e+10  0.8077444434   0.695  3.181  3.6300  0.571    8  0.524  0.440    49.32    25.39  1 -2.99e-07      0.00 7.450e-01 2.546e-01 5.330e-05 3.517e-05 1.616e-04 -1.000 3.620e-04	-3.182	0.373	-0.919	-2.411	-3.192	-3.843	-4.726	-5.429	-5.523
0.00034  1.20e+10  0.8077450991   0.683  3.244  3.6248  0.480    8  0.524  0.440    60.16    29.84  1    -4e-07      0.00 7.450e-01 2.546e-01 5.330e-05 3.517e-05 1.616e-04 -1.000 3.621e-04	-3.340	0.480	-0.931	-2.500	-3.317	-3.990	-4.899	-5.620	-5.717
0.00034  1.20e+10  0.8077458739   0.670  3.279  3.6219  0.425    8  0.525  0.440    67.92    32.73  1  -4.8e-07      0.00 7.450e-01 2.546e-01 5.330e-05 3.517e-05 1.616e-04 -1.000 3.621e-04	-3.427	0.550	-0.925	-2.540	-3.381	-4.070	-4.995	-5.725	-5.825
0.00034  1.20e+10  0.8077467084   0.656  3.303  3.6198  0.383    8  0.525  0.437    74.70    35.00  1 -5.53e-07      0.00 7.450e-01 2.546e-01 5.330e-05 3.517e-05 1.616e-04 -1.000 3.621e-04	-3.488	0.607	-0.916	-2.565	-3.425	-4.125	-5.063	-5.800	-5.901
0.00034  1.20e+10  0.8077467680   0.655  3.130  3.6343  0.614    8  0.525  0.440    45.42    22.73  1 -2.68e-07      0.00 7.450e-01 2.546e-01 5.330e-05 3.517e-05 1.616e-04 -1.000 3.621e-04	-3.054	0.319	-0.890	-2.330	-3.087	-3.724	-4.585	-5.275	-5.366
0.00034  1.20e+10  0.8077468872   0.651  2.934  3.6513  0.875    8  0.525  0.440    25.88    13.92  1  -1.3e-07      0.00 7.450e-01 2.546e-01 5.330e-05 3.517e-05 1.616e-04 -1.000 3.621e-04	-2.565	0.061	-0.796	-2.019	-2.679	-3.256	-4.040	-4.677	-4.760
0.00034  1.20e+10  0.8077471256   0.645  2.735  3.6692  1.141    8  0.525  0.440    14.60     8.43  1 -6.92e-08      0.00 7.450e-01 2.546e-01 5.330e-05 3.517e-05 1.616e-04 -1.000 3.621e-04	-2.068	-0.065	-0.623	-1.654	-2.235	-2.762	-3.477	-4.064	-4.140
0.00034  1.20e+10  0.8077474236   0.637  2.741  3.6712  1.139    8  0.525  0.440    14.73     8.40  1 -7.38e-08      0.00 7.450e-01 2.546e-01 5.330e-05 3.517e-05 1.616e-04 -1.000 3.621e-04	-2.082	-0.126	-0.663	-1.678	-2.253	-2.776	-3.484	-4.064	-4.140
0.00034  1.20e+10  0.8077477813   0.627  2.841  3.6663  1.012    8  0.526  0.440    19.46    10.54  1 -1.09e-07      0.00 7.450e-01 2.546e-01 5.330e-05 3.517e-05 1.616e-04 -1.000 3.621e-04	-2.333	-0.207	-0.829	-1.897	-2.493	-3.030	-3.755	-4.349	-4.425
0.00034  1.20e+10  0.8077481985   0.616  3.020  3.6556  0.782    8  0.526  0.440    32.15    15.96  1  -2.2e-07      0.00 7.450e-01 2.546e-01 5.330e-05 3.517e-05 1.616e-04 -1.000 3.621e-04	-2.779	-0.227	-1.057	-2.260	-2.910	-3.480	-4.246	-4.867	-4.947
0.00034  1.20e+10  0.8077487350   0.602  3.175  3.6474  0.584    8  0.526  0.440    49.83    22.71  1 -4.39e-07      0.00 7.450e-01 2.546e-01 5.330e-05 3.517e-05 1.616e-04 -1.000 3.620e-04	-3.169	-0.221	-1.242	-2.564	-3.266	-3.866	-4.668	-5.311	-5.394
0.00034  1.20e+10  0.8077493906   0.587  3.279  3.6442  0.457    8  0.527  0.440    66.62    28.14  1  -7.4e-07      0.00 7.450e-01 2.546e-01 5.330e-05 3.517e-05 1.616e-04 -1.000 3.620e-04	-3.427	-0.270	-1.391	-2.778	-3.507	-4.124	-4.942	-5.592	-5.677
0.00034  1.20e+10  0.8077500463   0.570  3.335  3.6454  0.392    8  0.527  0.440    78.59    30.74  1 -1.05e-06      0.00 7.450e-01 2.546e-01 5.330e-05 3.517e-05 1.616e-04 -1.000 3.620e-04	-3.569	-0.402	-1.529	-2.921	-3.653	-4.271	-5.085	-5.728	-5.812
0.00034  1.20e+10  0.8077508211   0.552  3.364  3.6496  0.366    8  0.528  0.440    87.37    30.67  1 -1.33e-06      0.00 7.450e-01 2.546e-01 5.330e-05 3.517e-05 1.616e-04 -1.000 3.620e-04	-3.640	-0.606	-1.674	-3.028	-3.744	-4.350	-5.146	-5.774	-5.856
0.00034  1.20e+10  0.8077516556   0.533  3.382  3.6552  0.356    8  0.528  0.437   105.09    27.29  1 -1.63e-06      0.00 7.450e-01 2.546e-01 5.330e-05 3.517e-05 1.616e-04 -1.000 3.620e-04	-3.685	-0.851	-1.831	-3.125	-3.814	-4.404	-5.174	-5.784	-5.863
0.00034  1.20e+10  0.8077523708   0.533 -9.999  4.0362  1.970    9  0.533  0.031     0.00     0.00 -1         0      0.00 7.450e-01 2.546e-01 5.330e-05 3.517e-05 1.616e-04 -1.000 3.621e-04	29.767	29.851	30.225	30.287	30.285	30.292	30.375	30.383	30.405
