# File generated by CMD 2.8 (http://stev.oapd.inaf.it/cmd) on Wed May 18 12:12:30 CEST 2016
# PARSEC isochrones, release v1.2S
# Basic references: Bressan et al. (2012), MNRAS, 427, 127 + Chen et al. (2014, 2015), MNRAS, 444, 2525 + MNRAS, 452, 1068 + Tang et al. (2014), MNRAS, 445, 4287
# Warning: you choose not to include the TP-AGB phase!
# Photometric system: <i>UBVRIJHK</i> (cf. Maiz-Apellaniz 2006 + Bessell 1990)
# Using NBC version of bolometric corrections as in Chen et al. (2014), MNRAS, 444, 2525
# BCs of Carbon stars derive from Aringer et al. (2009, A&A 503, 913)
# O-rich circumstellar dust ignored
# C-rich circumstellar dust ignored
# IMF: Chabrier (2001) lognormal 
# On RGB, assumed Reimers mass loss with efficiency eta=0.2
# Kind of output: isochrone tables
#	Isochrone  Z = 0.01700	Y = 0.27900	[M/H] = 0.067	eta_R = 0.200	Age = 	4.0000e+09 yr
#      Z	log(age/yr)	M_ini   	M_act	logL/Lo	logTe	logG	mbol    U       B       V       R       I       J       H       K	int_IMF	stage
	0.017000	9.6021	0.09000000	0.0900	-3.4299	3.3590	5.2100	13.345	25.983	22.308	20.253	17.361	14.644	11.144	10.554	10.234	1.46765435	1
	0.017000	9.6021	0.09293532	0.0929	-3.3756	3.3665	5.1999	13.209	25.385	21.863	19.840	17.050	14.399	11.026	10.436	10.115	1.49888921	1
	0.017000	9.6021	0.10000000	0.1000	-3.2515	3.3838	5.1769	12.899	24.024	20.847	18.899	16.338	13.839	10.758	10.167	9.843	1.57040203	1
	0.017000	9.6021	0.12000000	0.1200	-2.9934	3.4170	5.1307	12.253	21.377	18.852	17.043	14.920	12.710	10.194	9.598	9.272	1.74782515	1
	0.017000	9.6021	0.13891454	0.1389	-2.8157	3.4375	5.0986	11.809	19.777	17.613	15.891	14.021	11.983	9.798	9.200	8.876	1.88845956	1
	0.017000	9.6021	0.14000000	0.1400	-2.8062	3.4386	5.0969	11.786	19.698	17.550	15.833	13.976	11.946	9.777	9.178	8.855	1.89584959	1
	0.017000	9.6021	0.15552387	0.1555	-2.6954	3.4493	5.0745	11.508	18.898	16.900	15.230	13.487	11.542	9.524	8.925	8.605	1.99476147	1
	0.017000	9.6021	0.16000000	0.1600	-2.6654	3.4522	5.0684	11.434	18.687	16.728	15.067	13.355	11.436	9.456	8.856	8.538	2.02115250	1
	0.017000	9.6021	0.16490664	0.1649	-2.6362	3.4548	5.0625	11.361	18.494	16.571	14.917	13.232	11.336	9.390	8.789	8.472	2.04903960	1
	0.017000	9.6021	0.20000000	0.2000	-2.4496	3.4710	5.0244	10.894	17.327	15.599	13.998	12.470	10.713	8.962	8.358	8.052	2.22178221	1
	0.017000	9.6021	0.25000000	0.2500	-2.2443	3.4875	4.9825	10.381	16.203	14.631	13.069	11.679	10.071	8.489	7.882	7.590	2.40809011	1
	0.017000	9.6021	0.30000001	0.3000	-2.0826	3.4988	4.9450	9.976	15.444	13.959	12.428	11.116	9.597	8.111	7.500	7.219	2.54750419	1
	0.017000	9.6021	0.34211737	0.3421	-1.9491	3.5062	4.8982	9.643	14.894	13.464	11.957	10.692	9.226	7.795	7.179	6.906	2.64017248	1
	0.017000	9.6021	0.34999999	0.3500	-1.9254	3.5075	4.8895	9.583	14.799	13.377	11.875	10.617	9.160	7.739	7.122	6.850	2.65552020	1
	0.017000	9.6021	0.40000001	0.4000	-1.7828	3.5188	4.8501	9.227	14.172	12.801	11.327	10.130	8.753	7.409	6.785	6.524	2.74133730	1
	0.017000	9.6021	0.44999999	0.4500	-1.6354	3.5308	4.8019	8.858	13.563	12.228	10.782	9.642	8.341	7.070	6.434	6.187	2.81098008	1
	0.017000	9.6021	0.50000000	0.5000	-1.4828	3.5450	4.7516	8.477	12.956	11.634	10.217	9.132	7.916	6.724	6.075	5.842	2.86847806	1
	0.017000	9.6021	0.55000001	0.5500	-1.3190	3.5635	4.7033	8.067	12.308	10.974	9.577	8.553	7.460	6.364	5.700	5.486	2.91663504	1
	0.017000	9.6021	0.60000002	0.6000	-1.1549	3.5865	4.6691	7.657	11.648	10.279	8.905	7.941	7.009	6.017	5.334	5.151	2.95739889	1
	0.017000	9.6021	0.64999998	0.6500	-0.9892	3.6143	4.6491	7.243	10.956	9.541	8.230	7.331	6.563	5.668	4.979	4.840	2.99236870	1
	0.017000	9.6021	0.69999999	0.7000	-0.8291	3.6434	4.6377	6.843	10.138	8.769	7.568	6.751	6.144	5.341	4.681	4.581	3.02253795	1
	0.017000	9.6021	0.73317367	0.7331	-0.7254	3.6633	4.6336	6.583	9.439	8.242	7.137	6.394	5.871	5.139	4.534	4.450	3.04034948	1
	0.017000	9.6021	0.75000000	0.7499	-0.6742	3.6730	4.6312	6.456	9.085	7.992	6.933	6.231	5.738	5.041	4.467	4.388	3.04879928	1
	0.017000	9.6021	0.79906392	0.7990	-0.5370	3.6938	4.6049	6.113	8.286	7.413	6.451	5.833	5.390	4.765	4.257	4.187	3.07146478	1
	0.017000	9.6021	0.80000001	0.7999	-0.5345	3.6942	4.6044	6.106	8.272	7.403	6.442	5.826	5.384	4.760	4.253	4.183	3.07187057	1
	0.017000	9.6021	0.81402421	0.8139	-0.4960	3.7000	4.5964	6.010	8.054	7.247	6.312	5.718	5.288	4.684	4.193	4.127	3.07783771	1
	0.017000	9.6021	0.85000002	0.8499	-0.3991	3.7142	4.5754	5.768	7.538	6.875	5.998	5.453	5.050	4.493	4.043	3.983	3.09222293	1
	0.017000	9.6021	0.87678778	0.8767	-0.3281	3.7241	4.5574	5.590	7.181	6.617	5.779	5.264	4.878	4.352	3.930	3.873	3.10214901	1
	0.017000	9.6021	0.89999998	0.8999	-0.2676	3.7324	4.5414	5.439	6.888	6.402	5.596	5.105	4.733	4.232	3.833	3.779	3.11026096	1
	0.017000	9.6021	0.93523431	0.9351	-0.1764	3.7439	4.5130	5.211	6.471	6.087	5.330	4.871	4.518	4.052	3.681	3.631	3.12178659	1
	0.017000	9.6021	0.94999999	0.9498	-0.1385	3.7486	4.5006	5.116	6.304	5.960	5.221	4.775	4.430	3.977	3.617	3.570	3.12635612	1
	0.017000	9.6021	0.96108216	0.9609	-0.1101	3.7518	4.4901	5.045	6.186	5.868	5.142	4.703	4.363	3.920	3.567	3.521	3.12969136	1
	0.017000	9.6021	0.98085433	0.9806	-0.0595	3.7575	4.4710	4.919	5.983	5.706	5.002	4.576	4.244	3.817	3.478	3.433	3.13545012	1
	0.017000	9.6021	0.99925935	0.9990	-0.0127	3.7625	4.4524	4.802	5.800	5.558	4.873	4.460	4.135	3.722	3.394	3.351	3.14060092	1
	0.017000	9.6021	1.00000000	0.9998	-0.0108	3.7627	4.4516	4.797	5.792	5.552	4.868	4.455	4.131	3.718	3.391	3.348	3.14080405	1
	0.017000	9.6021	1.00846756	1.0082	0.0107	3.7649	4.4423	4.743	5.711	5.484	4.809	4.401	4.080	3.674	3.351	3.309	3.14310455	1
	0.017000	9.6021	1.02696121	1.0267	0.0577	3.7694	4.4214	4.626	5.537	5.339	4.682	4.285	3.971	3.577	3.265	3.224	3.14798641	1
	0.017000	9.6021	1.04426110	1.0440	0.1015	3.7735	4.4011	4.516	5.377	5.203	4.565	4.178	3.871	3.488	3.185	3.146	3.15238428	1
	0.017000	9.6021	1.04999995	1.0497	0.1159	3.7748	4.3943	4.480	5.325	5.159	4.526	4.143	3.838	3.459	3.158	3.120	3.15380883	1
	0.017000	9.6021	1.05361664	1.0533	0.1250	3.7756	4.3898	4.457	5.293	5.131	4.502	4.121	3.817	3.440	3.141	3.103	3.15469790	1
	0.017000	9.6021	1.07109237	1.0708	0.1692	3.7792	4.3672	4.347	5.138	4.998	4.384	4.013	3.715	3.348	3.057	3.021	3.15890241	1
	0.017000	9.6021	1.08760631	1.0873	0.2107	3.7824	4.3451	4.243	4.990	4.873	4.277	3.915	3.623	3.263	2.978	2.943	3.16274166	1
	0.017000	9.6021	1.10000002	1.0996	0.2415	3.7846	4.3280	4.166	4.881	4.782	4.197	3.843	3.554	3.199	2.917	2.884	3.16554141	1
	0.017000	9.6021	1.11090136	1.1105	0.2682	3.7863	4.3126	4.099	4.789	4.703	4.128	3.780	3.494	3.142	2.864	2.832	3.16794825	1
	0.017000	9.6021	1.12595093	1.1256	0.3038	3.7883	4.2909	4.010	4.671	4.601	4.037	3.695	3.413	3.065	2.790	2.760	3.17118835	1
	0.017000	9.6021	1.13987207	1.1395	0.3355	3.7898	4.2704	3.931	4.571	4.512	3.956	3.619	3.339	2.995	2.722	2.693	3.17410350	1
	0.017000	9.6021	1.14999998	1.1496	0.3588	3.7907	4.2547	3.873	4.502	4.448	3.897	3.563	3.284	2.942	2.671	2.643	3.17617631	1
	0.017000	9.6021	1.15713620	1.1567	0.3750	3.7912	4.2430	3.832	4.457	4.404	3.856	3.523	3.245	2.904	2.634	2.606	3.17761326	1
	0.017000	9.6021	1.17489481	1.1744	0.4129	3.7916	4.2132	3.738	4.358	4.306	3.760	3.429	3.152	2.812	2.542	2.514	3.18110752	1
	0.017000	9.6021	1.18627429	1.1858	0.4351	3.7913	4.1940	3.682	4.307	4.252	3.705	3.373	3.096	2.754	2.485	2.457	3.18328738	1
	0.017000	9.6021	1.19042349	1.1899	0.4511	3.7922	4.1833	3.642	4.256	4.206	3.663	3.334	3.059	2.720	2.452	2.424	3.18407083	1
	0.017000	9.6021	1.19389343	1.1934	0.4677	3.7935	4.1729	3.601	4.201	4.157	3.621	3.295	3.021	2.685	2.419	2.392	3.18472171	1
	0.017000	9.6021	1.19627094	1.1957	0.4813	3.7947	4.1650	3.567	4.154	4.115	3.585	3.263	2.991	2.658	2.394	2.368	3.18516517	1
	0.017000	9.6021	1.19793618	1.1974	0.4941	3.7958	4.1575	3.535	4.109	4.076	3.552	3.233	2.963	2.632	2.371	2.345	3.18547487	1
	0.017000	9.6021	1.19852507	1.1980	0.4999	3.7964	4.1541	3.520	4.089	4.059	3.537	3.219	2.950	2.621	2.360	2.335	3.18558407	2
	0.017000	9.6021	1.20000005	1.1995	0.5038	3.7965	4.1510	3.510	4.078	4.048	3.527	3.210	2.941	2.612	2.351	2.326	3.18585706	2
	0.017000	9.6021	1.22289848	1.2223	0.5700	3.7966	4.0935	3.345	3.913	3.880	3.360	3.044	2.776	2.447	2.187	2.162	3.19000602	2
	0.017000	9.6021	1.24336922	1.2428	0.6257	3.7949	4.0382	3.206	3.794	3.748	3.222	2.902	2.631	2.298	2.036	2.010	3.19357538	2
	0.017000	9.6021	1.25000000	1.2494	0.6441	3.7940	4.0185	3.160	3.758	3.707	3.177	2.854	2.582	2.247	1.984	1.957	3.19470429	2
	0.017000	9.6021	1.26741183	1.2667	0.6872	3.7899	3.9650	3.052	3.697	3.622	3.073	2.740	2.462	2.116	1.846	1.817	3.19760823	2
	0.017000	9.6021	1.28228331	1.2816	0.7244	3.7835	3.9075	2.959	3.691	3.568	2.986	2.634	2.346	1.986	1.707	1.672	3.20001793	2
	0.017000	9.6021	1.29471445	1.2940	0.7444	3.7722	3.8463	2.909	3.765	3.589	2.955	2.575	2.267	1.878	1.573	1.534	3.20198417	2
	0.017000	9.6021	1.29999995	1.2992	0.7385	3.7625	3.8153	2.924	3.881	3.661	2.991	2.590	2.266	1.849	1.522	1.480	3.20280719	2
	0.017000	9.6021	1.30132699	1.3006	0.7309	3.7583	3.8066	2.943	3.948	3.706	3.019	2.610	2.279	1.850	1.513	1.470	3.20301270	2
	0.017000	9.6021	1.30408359	1.3033	0.7025	3.7470	3.7905	3.014	4.158	3.850	3.119	2.684	2.335	1.874	1.508	1.462	3.20343804	2
	0.017000	9.6021	1.30598497	1.3052	0.6776	3.7380	3.7802	3.076	4.341	3.971	3.206	2.750	2.388	1.900	1.511	1.462	3.20373011	2
	0.017000	9.6021	1.30777621	1.3070	0.6544	3.7293	3.7691	3.134	4.527	4.092	3.293	2.816	2.438	1.923	1.512	1.460	3.20400453	2
	0.017000	9.6021	1.30991769	1.3091	0.6372	3.7198	3.7490	3.177	4.720	4.207	3.370	2.869	2.475	1.930	1.493	1.438	3.20433140	2
	0.017000	9.6021	1.31274843	1.3120	0.6424	3.7105	3.7074	3.164	4.862	4.268	3.396	2.869	2.460	1.882	1.419	1.360	3.20476151	2
	0.017000	9.6021	1.31565106	1.3149	0.6728	3.7043	3.6533	3.088	4.891	4.244	3.347	2.804	2.383	1.785	1.304	1.243	3.20520067	3
	0.017000	9.6021	1.31831253	1.3175	0.7142	3.7009	3.5990	2.984	4.842	4.169	3.259	2.706	2.279	1.670	1.178	1.116	3.20560122	3
	0.017000	9.6021	1.32091677	1.3201	0.7608	3.6983	3.5432	2.868	4.765	4.074	3.154	2.596	2.164	1.545	1.046	0.982	3.20599127	3
	0.017000	9.6021	1.32362437	1.3228	0.8143	3.6963	3.4822	2.734	4.666	3.959	3.030	2.467	2.031	1.404	0.899	0.835	3.20639515	3
	0.017000	9.6021	1.32594645	1.3251	0.8642	3.6946	3.4263	2.610	4.572	3.850	2.913	2.346	1.906	1.274	0.763	0.699	3.20673990	3
	0.017000	9.6021	1.32811046	1.3273	0.9149	3.6930	3.3698	2.483	4.475	3.739	2.794	2.222	1.780	1.141	0.626	0.561	3.20706010	3
	0.017000	9.6021	1.33004141	1.3292	0.9645	3.6913	3.3143	2.359	4.380	3.631	2.677	2.102	1.656	1.011	0.491	0.426	3.20734477	3
	0.017000	9.6021	1.33187354	1.3310	1.0164	3.6894	3.2555	2.229	4.285	3.520	2.556	1.976	1.527	0.875	0.350	0.284	3.20761395	3
	0.017000	9.6021	1.33341527	1.3325	1.0647	3.6877	3.2007	2.108	4.198	3.418	2.445	1.860	1.407	0.748	0.218	0.151	3.20783997	3
	0.017000	9.6021	1.33485353	1.3339	1.1143	3.6857	3.1436	1.984	4.112	3.314	2.331	1.741	1.283	0.617	0.082	0.014	3.20805001	3
	0.017000	9.6021	1.33612144	1.3352	1.1626	3.6837	3.0876	1.863	4.030	3.214	2.221	1.626	1.163	0.490	-0.051	-0.120	3.20823503	3
	0.017000	9.6021	1.33725214	1.3363	1.2101	3.6816	3.0323	1.745	3.951	3.117	2.113	1.512	1.045	0.364	-0.183	-0.252	3.20839953	3
	0.017000	9.6021	1.33825946	1.3372	1.2566	3.6795	2.9777	1.628	3.877	3.022	2.008	1.402	0.930	0.241	-0.312	-0.383	3.20854568	3
	0.017000	9.6021	1.33915770	1.3381	1.3020	3.6774	2.9242	1.515	3.807	2.931	1.907	1.295	0.818	0.121	-0.439	-0.510	3.20867610	3
	0.017000	9.6021	1.33998859	1.3389	1.3476	3.6752	2.8700	1.401	3.739	2.841	1.807	1.187	0.706	0.001	-0.566	-0.639	3.20879626	3
	0.017000	9.6021	1.34075534	1.3396	1.3932	3.6730	2.8156	1.287	3.672	2.751	1.706	1.080	0.594	-0.120	-0.694	-0.768	3.20890713	3
	0.017000	9.6021	1.34143591	1.3403	1.4367	3.6707	2.7632	1.178	3.610	2.666	1.610	0.978	0.487	-0.236	-0.817	-0.892	3.20900559	3
	0.017000	9.6021	1.34208000	1.3409	1.4806	3.6684	2.7102	1.068	3.550	2.582	1.515	0.876	0.379	-0.352	-0.940	-1.017	3.20909834	3
	0.017000	9.6021	1.34268332	1.3414	1.5230	3.6661	2.6589	0.963	3.494	2.502	1.424	0.778	0.276	-0.464	-1.059	-1.138	3.20918536	3
	0.017000	9.6021	1.34330940	1.3420	1.5619	3.6639	2.6117	0.865	3.442	2.428	1.340	0.688	0.181	-0.568	-1.169	-1.249	3.20927548	3
	0.017000	9.6021	1.34385324	1.3425	1.5843	3.6627	2.5846	0.809	3.412	2.386	1.292	0.636	0.126	-0.627	-1.232	-1.313	3.20935369	3
	0.017000	9.6021	1.34431565	1.3429	1.5643	3.6642	2.6104	0.859	3.431	2.420	1.333	0.681	0.175	-0.573	-1.174	-1.254	3.20942020	3
	0.017000	9.6021	1.34464681	1.3432	1.5325	3.6663	2.6509	0.939	3.464	2.475	1.398	0.753	0.252	-0.487	-1.082	-1.160	3.20946765	3
	0.017000	9.6021	1.34471989	1.3433	1.5372	3.6660	2.6450	0.927	3.458	2.466	1.388	0.742	0.240	-0.500	-1.095	-1.174	3.20947814	3
	0.017000	9.6021	1.34520102	1.3437	1.5824	3.6634	2.5894	0.814	3.403	2.383	1.292	0.638	0.130	-0.621	-1.224	-1.304	3.20954728	3
	0.017000	9.6021	1.34569645	1.3441	1.6277	3.6608	2.5339	0.701	3.345	2.299	1.196	0.534	0.020	-0.741	-1.352	-1.434	3.20961833	3
	0.017000	9.6021	1.34615970	1.3445	1.6727	3.6581	2.4784	0.588	3.299	2.219	1.102	0.431	-0.090	-0.861	-1.480	-1.564	3.20968461	3
	0.017000	9.6021	1.34657943	1.3449	1.7167	3.6555	2.4240	0.478	3.265	2.147	1.011	0.331	-0.198	-0.979	-1.606	-1.691	3.20974469	3
	0.017000	9.6021	1.34697676	1.3452	1.7617	3.6527	2.3679	0.366	3.233	2.074	0.919	0.228	-0.308	-1.100	-1.735	-1.822	3.20980167	3
	0.017000	9.6021	1.34733725	1.3455	1.8060	3.6499	2.3126	0.255	3.203	2.003	0.829	0.128	-0.416	-1.219	-1.862	-1.951	3.20985317	3
	0.017000	9.6021	1.34766328	1.3457	1.8494	3.6472	2.2586	0.147	3.176	1.934	0.742	0.031	-0.521	-1.335	-1.986	-2.077	3.20989966	3
	0.017000	9.6021	1.34797335	1.3459	1.8935	3.6444	2.2030	0.036	3.153	1.867	0.655	-0.067	-0.628	-1.453	-2.112	-2.205	3.20994401	3
	0.017000	9.6021	1.34825337	1.3461	1.9371	3.6416	2.1483	-0.073	3.129	1.800	0.568	-0.165	-0.734	-1.570	-2.237	-2.332	3.20998406	3
	0.017000	9.6021	1.34851027	1.3462	1.9804	3.6386	2.0933	-0.181	3.110	1.736	0.485	-0.259	-0.838	-1.686	-2.362	-2.459	3.21002054	3
	0.017000	9.6021	1.34874499	1.3464	2.0233	3.6357	2.0388	-0.288	3.094	1.674	0.404	-0.351	-0.941	-1.801	-2.485	-2.585	3.21005416	3
	0.017000	9.6021	1.34896421	1.3464	2.0669	3.6328	1.9835	-0.397	3.080	1.613	0.321	-0.445	-1.045	-1.917	-2.611	-2.713	3.21008539	3
	0.017000	9.6021	1.34916270	1.3465	2.1095	3.6298	1.9289	-0.504	3.077	1.556	0.242	-0.536	-1.147	-2.032	-2.734	-2.838	3.21011353	3
	0.017000	9.6021	1.34934378	1.3465	2.1517	3.6269	1.8752	-0.609	3.072	1.500	0.166	-0.624	-1.248	-2.145	-2.854	-2.962	3.21013951	3
	0.017000	9.6021	1.34951556	1.3465	2.1947	3.6238	1.8196	-0.717	3.073	1.447	0.090	-0.713	-1.351	-2.260	-2.978	-3.089	3.21016383	3
	0.017000	9.6021	1.34966981	1.3465	2.2365	3.6208	1.7659	-0.821	3.072	1.394	0.015	-0.800	-1.450	-2.372	-3.098	-3.212	3.21018577	3
	0.017000	9.6021	1.34981346	1.3464	2.2785	3.6177	1.7117	-0.926	3.071	1.343	-0.057	-0.883	-1.549	-2.484	-3.219	-3.336	3.21020627	3
	0.017000	9.6021	1.34994686	1.3464	2.3205	3.6146	1.6571	-1.031	3.073	1.293	-0.128	-0.966	-1.648	-2.597	-3.340	-3.460	3.21022534	3
	0.017000	9.6021	1.35000002	1.3463	2.3386	3.6133	1.6337	-1.076	3.072	1.271	-0.158	-1.002	-1.691	-2.645	-3.391	-3.513	3.21023273	3
	0.017000	9.6021	1.35007715	1.3462	2.3633	3.6115	1.6018	-1.138	3.072	1.241	-0.201	-1.052	-1.749	-2.711	-3.462	-3.586	3.21024394	3
	0.017000	9.6021	1.35019696	1.3461	2.4046	3.6083	1.5478	-1.241	3.073	1.195	-0.267	-1.130	-1.846	-2.821	-3.581	-3.708	3.21026087	3
	0.017000	9.6021	1.35030723	1.3459	2.4454	3.6051	1.4941	-1.343	3.073	1.150	-0.331	-1.204	-1.941	-2.930	-3.699	-3.830	3.21027660	3
	0.017000	9.6021	1.35041118	1.3457	2.4869	3.6021	1.4403	-1.447	3.061	1.097	-0.398	-1.280	-2.038	-3.040	-3.817	-3.952	3.21029139	3
	0.017000	9.6021	1.35050416	1.3455	2.5269	3.5987	1.3870	-1.547	3.057	1.053	-0.455	-1.347	-2.130	-3.147	-3.933	-4.073	3.21030450	3
	0.017000	9.6021	1.35059023	1.3453	2.5666	3.5955	1.3341	-1.646	3.051	1.010	-0.509	-1.409	-2.221	-3.254	-4.048	-4.192	3.21031690	3
	0.017000	9.6021	1.35067260	1.3450	2.6074	3.5922	1.2803	-1.749	3.042	0.964	-0.567	-1.475	-2.315	-3.363	-4.166	-4.314	3.21032858	3
	0.017000	9.6021	1.35074592	1.3447	2.6463	3.5889	1.2278	-1.846	3.040	0.925	-0.615	-1.530	-2.404	-3.467	-4.279	-4.432	3.21033883	3
	0.017000	9.6021	1.35081565	1.3443	2.6856	3.5855	1.1749	-1.944	3.035	0.887	-0.658	-1.579	-2.493	-3.573	-4.393	-4.551	3.21034884	3
	0.017000	9.6021	1.35088170	1.3439	2.7254	3.5822	1.1218	-2.044	3.028	0.846	-0.705	-1.631	-2.584	-3.680	-4.509	-4.671	3.21035814	3
	0.017000	9.6021	1.35094070	1.3434	2.7631	3.5787	1.0700	-2.138	3.029	0.818	-0.737	-1.670	-2.668	-3.782	-4.619	-4.787	3.21036649	3
	0.017000	9.6021	1.35099661	1.3429	2.8011	3.5753	1.0180	-2.233	3.024	0.792	-0.761	-1.702	-2.751	-3.885	-4.731	-4.904	3.21037459	3
	0.017000	9.6021	1.35104966	1.3424	2.8395	3.5718	0.9657	-2.329	3.040	0.774	-0.789	-1.742	-2.836	-3.990	-4.840	-5.021	3.21038198	3
	0.017000	9.6021	1.35111010	1.3416	2.8863	3.5674	0.9010	-2.446	3.080	0.770	-0.808	-1.784	-2.935	-4.118	-4.972	-5.162	3.21039057	3
	0.017000	9.6021	1.35116494	1.3408	2.9317	3.5629	0.8373	-2.559	3.129	0.775	-0.815	-1.814	-3.029	-4.243	-5.101	-5.300	3.21039844	3
	0.017000	9.6021	1.35121560	1.3399	2.9765	3.5583	0.7738	-2.671	3.182	0.787	-0.813	-1.838	-3.120	-4.366	-5.228	-5.437	3.21040559	3
	0.017000	9.6021	1.35126257	1.3388	3.0208	3.5537	0.7108	-2.782	3.238	0.812	-0.792	-1.848	-3.204	-4.488	-5.354	-5.573	3.21041226	3
	0.017000	9.6021	1.35130620	1.3377	3.0647	3.5491	0.6482	-2.892	3.298	0.837	-0.768	-1.856	-3.288	-4.608	-5.478	-5.707	3.21041846	3
	0.017000	9.6021	1.35134649	1.3364	3.1078	3.5445	0.5859	-3.000	3.358	0.888	-0.712	-1.844	-3.360	-4.728	-5.600	-5.841	3.21042418	3
	0.017000	9.6021	1.35138452	1.3349	3.1512	3.5398	0.5233	-3.108	3.424	0.935	-0.659	-1.832	-3.436	-4.847	-5.722	-5.974	3.21042967	3
	0.017000	9.6021	1.35141945	1.3333	3.1935	3.5350	0.4615	-3.214	3.458	1.020	-0.559	-1.799	-3.484	-4.964	-5.844	-6.106	3.21043468	3
	0.017000	9.6021	1.35145235	1.3315	3.2356	3.5302	0.3994	-3.319	3.475	1.097	-0.459	-1.763	-3.532	-5.080	-5.966	-6.237	3.21043921	3
	0.017000	9.6021	1.35148311	1.3295	3.2768	3.5253	0.3379	-3.422	3.506	1.253	-0.289	-1.698	-3.534	-5.197	-6.089	-6.368	3.21044350	3
	0.017000	9.6021	1.35151196	1.3273	3.3177	3.5203	0.2765	-3.524	3.544	1.411	-0.114	-1.630	-3.539	-5.314	-6.210	-6.497	3.21044779	3
	0.017000	9.6021	1.35153830	1.3248	3.3567	3.5153	0.2167	-3.622	3.569	1.571	0.035	-1.565	-3.516	-5.423	-6.325	-6.621	3.21045136	3
	0.017000	9.6021	1.35156405	1.3220	3.3952	3.5105	0.1580	-3.718	3.594	1.729	0.180	-1.503	-3.494	-5.530	-6.438	-6.743	3.21045518	3
	0.017000	9.6021	1.35157144	1.3211	3.4040	3.5094	0.1444	-3.740	3.599	1.765	0.214	-1.487	-3.486	-5.554	-6.464	-6.771	3.21045613	4
	0.017000	9.6021	1.35157144	1.3210	1.7240	3.6707	2.4695	0.460	2.886	1.948	0.885	0.261	-0.230	-0.955	-1.533	-1.609	3.21045613	4
	0.017000	9.6021	1.35187793	1.3213	1.7367	3.6697	2.4529	0.428	2.880	1.929	0.860	0.232	-0.261	-0.990	-1.571	-1.647	3.21049953	4
	0.017000	9.6021	1.35219586	1.3216	1.7417	3.6694	2.4470	0.416	2.875	1.920	0.849	0.220	-0.274	-1.003	-1.585	-1.661	3.21054459	4
	0.017000	9.6021	1.35251546	1.3219	1.7412	3.6696	2.4485	0.417	2.870	1.918	0.849	0.220	-0.273	-1.001	-1.582	-1.658	3.21058989	4
	0.017000	9.6021	1.35283625	1.3222	1.7396	3.6700	2.4517	0.421	2.865	1.918	0.850	0.223	-0.269	-0.996	-1.576	-1.652	3.21063542	4
	0.017000	9.6021	1.35316455	1.3225	1.7379	3.6704	2.4550	0.425	2.860	1.918	0.852	0.227	-0.265	-0.991	-1.569	-1.645	3.21068192	4
	0.017000	9.6021	1.35348248	1.3228	1.7362	3.6707	2.4581	0.429	2.856	1.918	0.854	0.230	-0.261	-0.985	-1.563	-1.639	3.21072698	4
	0.017000	9.6021	1.35380483	1.3231	1.7347	3.6711	2.4611	0.433	2.852	1.917	0.856	0.233	-0.257	-0.980	-1.557	-1.633	3.21077251	4
	0.017000	9.6021	1.35412562	1.3234	1.7332	3.6714	2.4641	0.437	2.848	1.917	0.858	0.235	-0.254	-0.976	-1.551	-1.627	3.21081781	4
	0.017000	9.6021	1.35443056	1.3237	1.7319	3.6717	2.4667	0.440	2.843	1.917	0.859	0.238	-0.251	-0.971	-1.546	-1.621	3.21086097	4
	0.017000	9.6021	1.35472989	1.3240	1.7311	3.6720	2.4686	0.442	2.839	1.916	0.859	0.239	-0.249	-0.969	-1.543	-1.618	3.21090317	4
	0.017000	9.6021	1.35504866	1.3243	1.7305	3.6722	2.4704	0.444	2.835	1.915	0.860	0.240	-0.247	-0.966	-1.539	-1.614	3.21094823	4
	0.017000	9.6021	1.35535204	1.3246	1.7300	3.6725	2.4719	0.445	2.831	1.913	0.859	0.241	-0.246	-0.964	-1.537	-1.612	3.21099091	4
	0.017000	9.6021	1.35565603	1.3248	1.7295	3.6727	2.4733	0.446	2.827	1.912	0.859	0.241	-0.245	-0.962	-1.534	-1.609	3.21103382	4
	0.017000	9.6021	1.35599005	1.3252	1.7292	3.6729	2.4746	0.447	2.823	1.911	0.859	0.241	-0.245	-0.961	-1.532	-1.607	3.21108079	4
	0.017000	9.6021	1.35602725	1.3252	1.7292	3.6729	2.4747	0.447	2.823	1.910	0.859	0.241	-0.244	-0.961	-1.532	-1.607	3.21108603	4
	0.017000	9.6021	1.35630727	1.3255	1.7290	3.6731	2.4756	0.447	2.819	1.909	0.858	0.241	-0.244	-0.960	-1.530	-1.605	3.21112537	4
	0.017000	9.6021	1.35660493	1.3257	1.7291	3.6732	2.4762	0.447	2.816	1.907	0.857	0.241	-0.244	-0.960	-1.530	-1.604	3.21116734	4
	0.017000	9.6021	1.35692608	1.3260	1.7293	3.6734	2.4767	0.447	2.812	1.905	0.855	0.240	-0.245	-0.960	-1.529	-1.604	3.21121264	4
	0.017000	9.6021	1.35724616	1.3263	1.7298	3.6735	2.4768	0.446	2.808	1.903	0.854	0.238	-0.246	-0.961	-1.530	-1.604	3.21125746	4
	0.017000	9.6021	1.35756719	1.3266	1.7305	3.6736	2.4765	0.444	2.805	1.900	0.851	0.236	-0.248	-0.962	-1.531	-1.605	3.21130276	4
	0.017000	9.6021	1.35788393	1.3269	1.7315	3.6736	2.4758	0.441	2.802	1.897	0.849	0.234	-0.251	-0.964	-1.533	-1.608	3.21134710	4
	0.017000	9.6021	1.35820901	1.3273	1.7328	3.6736	2.4745	0.438	2.799	1.894	0.845	0.230	-0.254	-0.968	-1.537	-1.611	3.21139288	4
	0.017000	9.6021	1.35831845	1.3274	1.7333	3.6736	2.4740	0.437	2.798	1.893	0.844	0.229	-0.255	-0.969	-1.538	-1.612	3.21140814	4
	0.017000	9.6021	1.35851943	1.3275	1.7345	3.6735	2.4728	0.434	2.796	1.890	0.841	0.226	-0.258	-0.972	-1.541	-1.615	3.21143627	4
	0.017000	9.6021	1.35884833	1.3279	1.7366	3.6735	2.4704	0.428	2.793	1.886	0.837	0.221	-0.264	-0.978	-1.547	-1.621	3.21148252	4
	0.017000	9.6021	1.35916126	1.3282	1.7392	3.6733	2.4673	0.422	2.791	1.882	0.831	0.215	-0.270	-0.985	-1.554	-1.629	3.21152639	4
	0.017000	9.6021	1.35949481	1.3285	1.7426	3.6731	2.4631	0.414	2.788	1.876	0.824	0.207	-0.278	-0.994	-1.564	-1.639	3.21157312	4
	0.017000	9.6021	1.35981226	1.3288	1.7467	3.6728	2.4578	0.403	2.786	1.870	0.815	0.198	-0.289	-1.005	-1.577	-1.651	3.21161747	4
	0.017000	9.6021	1.36013150	1.3291	1.7517	3.6724	2.4513	0.391	2.783	1.862	0.805	0.186	-0.301	-1.019	-1.591	-1.666	3.21166205	4
	0.017000	9.6021	1.36045349	1.3294	1.7572	3.6719	2.4442	0.377	2.780	1.854	0.794	0.174	-0.314	-1.034	-1.608	-1.683	3.21170712	4
	0.017000	9.6021	1.36076891	1.3297	1.7649	3.6713	2.4339	0.358	2.778	1.842	0.779	0.156	-0.333	-1.056	-1.631	-1.707	3.21175122	4
	0.017000	9.6021	1.36111653	1.3300	1.7759	3.6703	2.4192	0.330	2.774	1.826	0.757	0.131	-0.360	-1.087	-1.664	-1.741	3.21179986	4
	0.017000	9.6021	1.36145592	1.3303	1.7828	3.6697	2.4101	0.313	2.772	1.816	0.743	0.116	-0.377	-1.106	-1.685	-1.762	3.21184731	4
	0.017000	9.6021	1.36177278	1.3306	1.8077	3.6674	2.3761	0.251	2.770	1.784	0.696	0.060	-0.438	-1.175	-1.761	-1.839	3.21189141	4
	0.017000	9.6021	1.36200786	1.3308	1.8462	3.6640	2.3241	0.155	2.763	1.731	0.623	-0.025	-0.532	-1.282	-1.877	-1.958	3.21192431	4
	0.017000	9.6021	1.36213338	1.3309	1.8876	3.6604	2.2683	0.051	2.754	1.674	0.543	-0.117	-0.633	-1.396	-2.002	-2.086	3.21194172	4
	0.017000	9.6021	1.36219466	1.3309	1.9279	3.6568	2.2136	-0.050	2.753	1.622	0.468	-0.205	-0.730	-1.508	-2.125	-2.210	3.21195030	4
	0.017000	9.6021	1.36222589	1.3310	1.9696	3.6533	2.1577	-0.154	2.749	1.567	0.390	-0.296	-0.831	-1.622	-2.250	-2.337	3.21195459	4
	0.017000	9.6021	1.36224091	1.3310	2.0086	3.6500	2.1054	-0.252	2.744	1.515	0.317	-0.381	-0.925	-1.730	-2.367	-2.456	3.21195674	4
	0.017000	9.6021	1.36224985	1.3310	2.0479	3.6467	2.0530	-0.350	2.744	1.465	0.246	-0.465	-1.019	-1.837	-2.483	-2.576	3.21195793	4
	0.017000	9.6021	1.36225593	1.3310	2.0868	3.6434	2.0011	-0.447	2.743	1.415	0.175	-0.549	-1.112	-1.943	-2.599	-2.694	3.21195889	4
	0.017000	9.6021	1.36225629	1.3310	2.0892	3.6432	1.9978	-0.453	2.744	1.412	0.171	-0.554	-1.118	-1.949	-2.606	-2.701	3.21195889	7
	0.017000	9.6021	1.36225641	1.3310	2.0898	3.6432	1.9970	-0.455	2.744	1.411	0.169	-0.556	-1.119	-1.951	-2.608	-2.703	3.21195889	7
	0.017000	9.6021	1.36226177	1.3310	2.1332	3.6396	1.9393	-0.563	2.755	1.359	0.091	-0.649	-1.223	-2.069	-2.736	-2.834	3.21195960	7
	0.017000	9.6021	1.36226630	1.3310	2.1712	3.6364	1.8887	-0.658	2.766	1.316	0.025	-0.728	-1.314	-2.173	-2.849	-2.949	3.21196032	7
	0.017000	9.6021	1.36227071	1.3310	2.2061	3.6335	1.8422	-0.745	2.776	1.276	-0.036	-0.800	-1.396	-2.267	-2.952	-3.055	3.21196079	7
	0.017000	9.6021	1.36227548	1.3310	2.2184	3.6325	1.8259	-0.776	2.779	1.261	-0.057	-0.826	-1.426	-2.301	-2.988	-3.092	3.21196151	7
	0.017000	9.6021	1.36228800	1.3310	2.2119	3.6331	1.8348	-0.760	2.775	1.268	-0.047	-0.813	-1.410	-2.283	-2.968	-3.072	3.21196318	7
	0.017000	9.6021	1.36229527	1.3310	2.1836	3.6355	1.8725	-0.689	2.767	1.300	0.003	-0.754	-1.343	-2.206	-2.885	-2.986	3.21196437	7
	0.017000	9.6021	1.36231136	1.3310	2.1578	3.6376	1.9069	-0.624	2.759	1.330	0.048	-0.700	-1.282	-2.136	-2.809	-2.908	3.21196651	7
	0.017000	9.6021	1.36234164	1.3310	2.1277	3.6401	1.9470	-0.549	2.750	1.364	0.100	-0.638	-1.210	-2.054	-2.720	-2.817	3.21197081	7
	0.017000	9.6021	1.36250651	1.3310	2.1381	3.6392	1.9329	-0.575	2.755	1.353	0.083	-0.659	-1.235	-2.083	-2.751	-2.849	3.21199369	7
	0.017000	9.6021	1.36266088	1.3311	2.1712	3.6364	1.8886	-0.658	2.766	1.316	0.025	-0.727	-1.314	-2.173	-2.849	-2.950	3.21201515	7
	0.017000	9.6021	1.36278987	1.3311	2.2134	3.6329	1.8324	-0.763	2.779	1.268	-0.048	-0.815	-1.414	-2.287	-2.974	-3.077	3.21203327	7
	0.017000	9.6021	1.36290026	1.3311	2.2562	3.6293	1.7753	-0.871	2.792	1.219	-0.122	-0.904	-1.515	-2.403	-3.100	-3.207	3.21204853	7
	0.017000	9.6021	1.36299217	1.3311	2.2989	3.6258	1.7185	-0.977	2.805	1.173	-0.193	-0.989	-1.616	-2.518	-3.225	-3.335	3.21206141	7
	0.017000	9.6021	1.36306930	1.3310	2.3406	3.6223	1.6628	-1.081	2.818	1.127	-0.263	-1.074	-1.714	-2.631	-3.347	-3.461	3.21207213	7
	0.017000	9.6021	1.36313581	1.3310	2.3819	3.6188	1.6075	-1.185	2.832	1.084	-0.331	-1.156	-1.811	-2.742	-3.468	-3.585	3.21208143	7
	0.017000	9.6021	1.36319363	1.3309	2.4229	3.6154	1.5527	-1.287	2.844	1.042	-0.395	-1.234	-1.906	-2.853	-3.588	-3.709	3.21208930	7
	0.017000	9.6021	1.36324513	1.3308	2.4639	3.6119	1.4980	-1.390	2.856	0.999	-0.461	-1.313	-2.002	-2.963	-3.708	-3.832	3.21209645	7
	0.017000	9.6021	1.36329210	1.3307	2.5050	3.6084	1.4428	-1.493	2.859	0.953	-0.523	-1.388	-2.097	-3.073	-3.828	-3.957	3.21210313	7
	0.017000	9.6021	1.36333537	1.3306	2.5461	3.6048	1.3873	-1.595	2.861	0.910	-0.583	-1.458	-2.191	-3.183	-3.948	-4.082	3.21210909	7
	0.017000	9.6021	1.36337554	1.3305	2.5869	3.6012	1.3321	-1.697	2.865	0.867	-0.642	-1.528	-2.285	-3.293	-4.068	-4.206	3.21211481	7
	0.017000	9.6021	1.36341333	1.3303	2.6281	3.5977	1.2764	-1.800	2.866	0.825	-0.698	-1.593	-2.380	-3.403	-4.188	-4.331	3.21212006	7
	0.017000	9.6021	1.36344886	1.3302	2.6693	3.5940	1.2205	-1.903	2.867	0.785	-0.750	-1.655	-2.473	-3.514	-4.309	-4.457	3.21212482	7
	0.017000	9.6021	1.36348140	1.3300	2.7098	3.5903	1.1651	-2.005	2.872	0.747	-0.802	-1.716	-2.565	-3.623	-4.428	-4.581	3.21212935	7
	0.017000	9.6021	1.36351323	1.3298	2.7496	3.5865	1.1103	-2.104	2.876	0.714	-0.841	-1.762	-2.655	-3.731	-4.546	-4.704	3.21213388	7
	0.017000	9.6021	1.36354494	1.3295	2.7901	3.5827	1.0544	-2.205	2.881	0.681	-0.880	-1.808	-2.746	-3.841	-4.665	-4.829	3.21213818	7
	0.017000	9.6021	1.36357343	1.3292	2.8324	3.5787	0.9959	-2.311	2.888	0.651	-0.915	-1.851	-2.841	-3.955	-4.790	-4.960	3.21214223	7
	0.017000	9.6021	1.36359394	1.3290	2.8750	3.5744	0.9362	-2.417	2.928	0.646	-0.937	-1.890	-2.933	-4.073	-4.911	-5.091	3.21214509	7
	0.017000	9.6021	1.36360729	1.3288	2.9155	3.5704	0.8793	-2.519	2.969	0.639	-0.962	-1.931	-3.022	-4.184	-5.027	-5.215	3.21214700	7
	0.017000	9.6021	1.36361837	1.3286	2.9561	3.5661	0.8217	-2.620	3.016	0.648	-0.964	-1.954	-3.105	-4.296	-5.143	-5.340	3.21214843	7
	0.017000	9.6021	1.36362839	1.3284	2.9966	3.5618	0.7639	-2.722	3.069	0.656	-0.967	-1.977	-3.189	-4.408	-5.259	-5.465	3.21214986	7
	0.017000	9.6021	1.36363769	1.3282	3.0365	3.5575	0.7067	-2.821	3.125	0.675	-0.954	-1.989	-3.268	-4.518	-5.373	-5.588	3.21215129	7
	0.017000	9.6021	1.36364567	1.3279	3.0727	3.5534	0.6542	-2.912	3.180	0.700	-0.930	-1.991	-3.337	-4.618	-5.477	-5.701	3.21215224	7
	0.017000	9.6021	1.36365473	1.3276	3.1153	3.5485	0.5920	-3.018	3.250	0.737	-0.890	-1.985	-3.416	-4.736	-5.599	-5.834	3.21215343	7
	0.017000	9.6021	1.36366379	1.3273	3.1543	3.5440	0.5348	-3.116	3.314	0.790	-0.831	-1.966	-3.480	-4.844	-5.710	-5.956	3.21215487	7
	0.017000	9.6021	1.36367357	1.3268	3.1912	3.5397	0.4805	-3.208	3.362	0.837	-0.772	-1.945	-3.542	-4.946	-5.816	-6.071	3.21215606	7
	0.017000	9.6021	1.36368454	1.3263	3.2276	3.5352	0.4260	-3.299	3.381	0.919	-0.670	-1.904	-3.577	-5.048	-5.924	-6.187	3.21215773	7
	0.017000	9.6021	1.36369348	1.3257	3.2524	3.5322	0.3891	-3.361	3.394	0.971	-0.604	-1.878	-3.604	-5.116	-5.997	-6.265	3.21215892	7
	0.017000	9.6021	1.36369574	1.3256	3.2835	3.5282	0.3419	-3.439	3.421	1.070	-0.489	-1.829	-3.620	-5.205	-6.090	-6.365	3.21215916	7
	0.017000	9.6021	1.36369622	1.3255	3.2887	3.5276	0.3341	-3.452	3.426	1.092	-0.464	-1.819	-3.619	-5.219	-6.106	-6.382	3.21215940	7
	0.017000	9.6021	1.36369622	1.3255	3.2887	3.5276	0.3341	-3.452	3.426	1.092	-0.464	-1.819	-3.619	-5.219	-6.106	-6.382	3.21215940	8
