# File generated by CMD 2.9 (http://stev.oapd.inaf.it/cmd) on Wed Feb  1 10:15:36 CET 2017
# isochrones PARSEC release v1.2S + COLIBRI release PR16, as in Marigo et al. 2017
# Basic reference: Marigo et al. (2017), ApJ, 835, 77
# Photometric system: <i>UBVRIJHK</i> (cf. Maiz-Apellaniz 2006 + Bessell 1990)
# Kind of output: isochrone tables
# Zini Age Mini  Mass   logL    logTe  logg  label   McoreTP C_O period0 period1 pmode  Mloss  tau1m  X   Y   Xc  Xn  Xo  Cexcess  Z	mbolmag  Umag    Bmag    Vmag    Rmag    Imag    Jmag    Hmag    Kmag 
0.00082  1.20e+10  0.0900000036   0.090 -3.203  3.4621  5.396    0  0.000  0.463     0.00     0.00 -1  5.27e-17      0.00 7.000e-01 2.990e-01 1.100e-03 5.880e-04 3.170e-03 -1.000 1.000e-03	12.777	21.977	17.787	15.499	13.875	12.180	10.819	10.397	10.361
0.00082  1.20e+10  0.0979218036   0.098 -2.991  3.4923  5.342    0  0.000  0.463     0.00     0.00 -1  8.76e-17      0.00 7.000e-01 2.990e-01 1.100e-03 5.880e-04 3.170e-03 -1.000 1.000e-03	12.248	19.697	16.486	14.362	13.033	11.644	10.395	9.877	9.756
0.00082  1.20e+10  0.1000000089   0.100 -2.939  3.4998  5.328    0  0.000  0.463     0.00     0.00 -1  9.93e-17      0.00 7.000e-01 2.990e-01 1.100e-03 5.880e-04 3.170e-03 -1.000 1.000e-03	12.116	19.161	16.175	14.097	12.825	11.510	10.289	9.753	9.615
0.00082  1.20e+10  0.1199999973   0.120 -2.654  3.5321  5.252    0  0.000  0.463     0.00     0.00 -1   1.9e-16      0.00 7.000e-01 2.990e-01 1.100e-03 5.880e-04 3.170e-03 -1.000 1.000e-03	11.406	16.960	14.770	12.924	11.821	10.783	9.675	9.097	8.910
0.00082  1.20e+10  0.1284685284   0.128 -2.574  3.5392  5.229    0  0.000  0.463     0.00     0.00 -1  2.27e-16      0.00 7.000e-01 2.990e-01 1.100e-03 5.880e-04 3.170e-03 -1.000 1.000e-03	11.205	16.480	14.429	12.639	11.563	10.577	9.494	8.912	8.719
0.00082  1.20e+10  0.1400000006   0.140 -2.473  3.5481  5.201    0  0.000  0.463     0.00     0.00 -1  2.84e-16      0.00 7.000e-01 2.990e-01 1.100e-03 5.880e-04 3.170e-03 -1.000 1.000e-03	10.951	15.907	14.008	12.289	11.243	10.317	9.266	8.682	8.481
0.00082  1.20e+10  0.1599999964   0.160 -2.332  3.5585  5.160    0  0.000  0.463     0.00     0.00 -1         0      0.00 7.000e-01 2.990e-01 1.100e-03 5.880e-04 3.170e-03 -1.000 1.000e-03	10.600	15.215	13.471	11.834	10.822	9.959	8.943	8.358	8.152
0.00082  1.20e+10  0.2000000179   0.200 -2.111  3.5723  5.091    0  0.000  0.463     0.00     0.00 -1         0      0.00 7.000e-01 2.990e-01 1.100e-03 5.880e-04 3.170e-03 -1.000 1.000e-03	10.046	14.242	12.691	11.158	10.191	9.394	8.422	7.841	7.631
0.00082  1.20e+10  0.2500000000   0.250 -1.906  3.5835  5.028    0  0.000  0.463     0.00     0.00 -1         0      0.00 7.000e-01 2.990e-01 1.100e-03 5.880e-04 3.170e-03 -1.000 1.000e-03	9.535	13.368	12.030	10.568	9.629	8.866	7.917	7.339	7.137
0.00082  1.20e+10  0.3000000417   0.300 -1.750  3.5920  4.985    0  0.000  0.463     0.00     0.00 -1         0      0.00 7.000e-01 2.990e-01 1.100e-03 5.880e-04 3.170e-03 -1.000 1.000e-03	9.145	12.525	11.433	10.067	9.180	8.456	7.546	6.967	6.778
0.00082  1.20e+10  0.3499999940   0.350 -1.623  3.5992  4.954    0  0.000  0.463     0.00     0.00 -1  1.69e-15      0.00 7.000e-01 2.990e-01 1.100e-03 5.880e-04 3.170e-03 -1.000 1.000e-03	8.826	11.854	10.948	9.660	8.815	8.125	7.246	6.664	6.487
0.00082  1.20e+10  0.4000000358   0.400 -1.474  3.6104  4.908    0  0.000  0.463     0.00     0.00 -1  2.35e-15      0.00 7.000e-01 2.990e-01 1.100e-03 5.880e-04 3.170e-03 -1.000 1.000e-03	8.455	11.288	10.446	9.217	8.417	7.755	6.906	6.319	6.150
0.00082  1.20e+10  0.4500000477   0.450 -1.297  3.6284  4.854    0  0.000  0.463     0.00     0.00 -1  3.54e-15      0.00 7.000e-01 2.990e-01 1.100e-03 5.880e-04 3.170e-03 -1.000 1.000e-03	8.012	10.547	9.802	8.662	7.930	7.317	6.514	5.918	5.769
0.00082  1.20e+10  0.5000000000   0.500 -1.094  3.6565  4.809    0  0.000  0.463     0.00     0.00 -1  5.64e-15      0.00 7.000e-01 2.990e-01 1.100e-03 5.880e-04 3.170e-03 -1.000 1.000e-03	7.506	9.566	8.990	7.980	7.352	6.812	6.083	5.510	5.394
0.00082  1.20e+10  0.5500000715   0.550 -0.873  3.6858  4.747    0  0.000  0.463     0.00     0.00 -1   9.6e-15      0.00 7.000e-01 2.990e-01 1.100e-03 5.880e-04 3.170e-03 -1.000 1.000e-03	6.953	8.505	8.160	7.273	6.740	6.265	5.623	5.112	5.019
0.00082  1.20e+10  0.6000000238   0.600 -0.664  3.7145  4.690    0  0.000  0.463     0.00     0.00 -1  1.58e-14      0.00 7.000e-01 2.990e-01 1.100e-03 5.880e-04 3.170e-03 -1.000 1.000e-03	6.431	7.532	7.417	6.649	6.187	5.763	5.208	4.763	4.690
0.00082  1.20e+10  0.6124176383   0.612 -0.611  3.7224  4.677    0  0.000  0.463     0.00     0.00 -1   1.8e-14      0.00 7.000e-01 2.990e-01 1.100e-03 5.880e-04 3.170e-03 -1.000 1.000e-03	6.297	7.283	7.228	6.493	6.049	5.638	5.106	4.678	4.610
0.00082  1.20e+10  0.6247986555   0.625 -0.557  3.7302  4.664    0  0.000  0.463     0.00     0.00 -1         0      0.00 7.000e-01 2.990e-01 1.100e-03 5.880e-04 3.170e-03 -1.000 1.000e-03	6.162	7.045	7.042	6.343	5.914	5.516	5.005	4.593	4.530
0.00082  1.20e+10  0.6367992759   0.637 -0.505  3.7377  4.649    0  0.000  0.463     0.00     0.00 -1         0      0.00 7.000e-01 2.990e-01 1.100e-03 5.880e-04 3.170e-03 -1.000 1.000e-03	6.031	6.818	6.864	6.197	5.784	5.397	4.906	4.509	4.450
0.00082  1.20e+10  0.6479720473   0.648 -0.455  3.7445  4.635    0  0.000  0.463     0.00     0.00 -1         0      0.00 7.000e-01 2.990e-01 1.100e-03 5.880e-04 3.170e-03 -1.000 1.000e-03	5.908	6.621	6.702	6.066	5.666	5.289	4.815	4.429	4.375
0.00082  1.20e+10  0.6499999762   0.650 -0.446  3.7457  4.632    0  0.000  0.463     0.00     0.00 -1  2.69e-14      0.00 7.000e-01 2.990e-01 1.100e-03 5.880e-04 3.170e-03 -1.000 1.000e-03	5.886	6.585	6.673	6.042	5.644	5.270	4.798	4.415	4.362
0.00082  1.20e+10  0.6508017182   0.651 -0.443  3.7462  4.631    0  0.000  0.463     0.00     0.00 -1  2.71e-14      0.00 7.000e-01 2.990e-01 1.100e-03 5.880e-04 3.170e-03 -1.000 1.000e-03	5.877	6.571	6.662	6.032	5.635	5.262	4.791	4.409	4.356
0.00082  1.20e+10  0.6639035940   0.664 -0.384  3.7533  4.610    0  0.000  0.463     0.00     0.00 -1  3.15e-14      0.00 7.000e-01 2.990e-01 1.100e-03 5.880e-04 3.170e-03 -1.000 1.000e-03	5.731	6.350	6.476	5.878	5.495	5.132	4.679	4.309	4.261
0.00082  1.20e+10  0.6760333180   0.676 -0.330  3.7598  4.589    0  0.000  0.463     0.00     0.00 -1  3.63e-14      0.00 7.000e-01 2.990e-01 1.100e-03 5.880e-04 3.170e-03 -1.000 1.000e-03	5.594	6.154	6.306	5.735	5.363	5.011	4.573	4.213	4.169
0.00082  1.20e+10  0.6871764660   0.687 -0.278  3.7655  4.567    0  0.000  0.463     0.00     0.00 -1         0      0.00 7.000e-01 2.990e-01 1.100e-03 5.880e-04 3.170e-03 -1.000 1.000e-03	5.465	5.972	6.148	5.601	5.240	4.896	4.471	4.121	4.081
0.00082  1.20e+10  0.6978011131   0.698 -0.227  3.7708  4.544    0  0.000  0.463     0.00     0.00 -1         0      0.00 7.000e-01 2.990e-01 1.100e-03 5.880e-04 3.170e-03 -1.000 1.000e-03	5.338	5.806	5.997	5.470	5.119	4.783	4.370	4.030	3.993
0.00082  1.20e+10  0.6999999881   0.700 -0.217  3.7719  4.539    0  0.000  0.463     0.00     0.00 -1  4.89e-14      0.00 7.000e-01 2.990e-01 1.100e-03 5.880e-04 3.170e-03 -1.000 1.000e-03	5.312	5.772	5.965	5.443	5.094	4.760	4.349	4.010	3.974
0.00082  1.20e+10  0.7059711814   0.706 -0.187  3.7747  4.525    0  0.000  0.463     0.00     0.00 -1  5.29e-14      0.00 7.000e-01 2.990e-01 1.100e-03 5.880e-04 3.170e-03 -1.000 1.000e-03	5.238	5.678	5.879	5.368	5.024	4.694	4.290	3.955	3.921
0.00082  1.20e+10  0.7168208361   0.717 -0.132  3.7797  4.496    0  0.000  0.463     0.00     0.00 -1  6.17e-14      0.00 7.000e-01 2.990e-01 1.100e-03 5.880e-04 3.170e-03 -1.000 1.000e-03	5.100	5.505	5.718	5.226	4.891	4.569	4.176	3.850	3.818
0.00082  1.20e+10  0.7270835638   0.727 -0.077  3.7842  4.465    0  0.000  0.463     0.00     0.00 -1   7.2e-14      0.00 7.000e-01 2.990e-01 1.100e-03 5.880e-04 3.170e-03 -1.000 1.000e-03	4.963	5.344	5.562	5.086	4.758	4.443	4.061	3.743	3.714
0.00082  1.20e+10  0.7360454202   0.736 -0.027  3.7880  4.435    0  0.000  0.463     0.00     0.00 -1         0      0.00 7.000e-01 2.990e-01 1.100e-03 5.880e-04 3.170e-03 -1.000 1.000e-03	4.836	5.199	5.420	4.957	4.636	4.327	3.953	3.642	3.615
0.00082  1.20e+10  0.7445009947   0.744  0.024  3.7914  4.404    0  0.000  0.463     0.00     0.00 -1         0      0.00 7.000e-01 2.990e-01 1.100e-03 5.880e-04 3.170e-03 -1.000 1.000e-03	4.711	5.058	5.280	4.828	4.514	4.210	3.844	3.539	3.514
0.00082  1.20e+10  0.7500000000   0.750  0.058  3.7935  4.381    0  0.000  0.463     0.00     0.00 -1  1.06e-13      0.00 7.000e-01 2.990e-01 1.100e-03 5.880e-04 3.170e-03 -1.000 1.000e-03	4.625	4.962	5.185	4.741	4.430	4.130	3.769	3.468	3.444
0.00082  1.20e+10  0.7515391111   0.751  0.068  3.7940  4.374    0  0.000  0.463     0.00     0.00 -1  1.09e-13      0.00 7.000e-01 2.990e-01 1.100e-03 5.880e-04 3.170e-03 -1.000 1.000e-03	4.601	4.935	5.158	4.716	4.406	4.107	3.748	3.448	3.424
0.00082  1.20e+10  0.7600044608   0.760  0.124  3.7970  4.334    0  0.000  0.463     0.00     0.00 -1   1.3e-13      0.00 7.000e-01 2.990e-01 1.100e-03 5.880e-04 3.170e-03 -1.000 1.000e-03	4.460	4.785	5.005	4.572	4.268	3.974	3.621	3.327	3.304
0.00082  1.20e+10  0.7678786516   0.767  0.180  3.7994  4.293    0  0.000  0.463     0.00     0.00 -1  1.54e-13      0.00 7.000e-01 2.990e-01 1.100e-03 5.880e-04 3.170e-03 -1.000 1.000e-03	4.320	4.639	4.855	4.430	4.130	3.840	3.493	3.204	3.182
0.00082  1.20e+10  0.7749167085   0.774  0.233  3.8011  4.250    0  0.000  0.463     0.00     0.00 -1  1.82e-13      0.00 7.000e-01 2.990e-01 1.100e-03 5.880e-04 3.170e-03 -1.000 1.000e-03	4.187	4.502	4.713	4.294	3.999	3.711	3.368	3.083	3.062
0.00082  1.20e+10  0.7810844183   0.780  0.283  3.8022  4.208    0  0.000  0.463     0.00     0.00 -1  2.14e-13      0.00 7.000e-01 2.990e-01 1.100e-03 5.880e-04 3.170e-03 -1.000 1.000e-03	4.062	4.375	4.581	4.167	3.874	3.588	3.248	2.966	2.944
0.00082  1.20e+10  0.7829542756   0.782  0.299  3.8024  4.194    0  0.000  0.463     0.00     0.00 -1  2.26e-13      0.00 7.000e-01 2.990e-01 1.100e-03 5.880e-04 3.170e-03 -1.000 1.000e-03	4.022	4.335	4.540	4.127	3.834	3.549	3.209	2.928	2.906
0.00082  1.20e+10  0.7845554948   0.784  0.314  3.8023  4.179    0  0.000  0.463     0.00     0.00 -1  2.37e-13      0.00 7.000e-01 2.990e-01 1.100e-03 5.880e-04 3.170e-03 -1.000 1.000e-03	3.985	4.299	4.502	4.089	3.796	3.512	3.171	2.889	2.868
0.00082  1.20e+10  0.7907340527   0.790  0.375  3.8010  4.117    0  0.000  0.463     0.00     0.00 -1         0      0.00 7.000e-01 2.990e-01 1.100e-03 5.880e-04 3.170e-03 -1.000 1.000e-03	3.834	4.155	4.353	3.938	3.643	3.357	3.014	2.730	2.708
0.00082  1.20e+10  0.7953845859   0.794  0.426  3.7984  4.058    0  0.000  0.463     0.00     0.00 -1         0      0.00 7.000e-01 2.990e-01 1.100e-03 5.880e-04 3.170e-03 -1.000 1.000e-03	3.706	4.038	4.232	3.811	3.512	3.222	2.872	2.583	2.561
0.00082  1.20e+10  0.7961734533   0.795  0.435  3.7977  4.046    0  0.000  0.463     0.00     0.00 -1         0      0.00 7.000e-01 2.990e-01 1.100e-03 5.880e-04 3.170e-03 -1.000 1.000e-03	3.682	4.018	4.211	3.788	3.488	3.197	2.846	2.555	2.533
0.00082  1.20e+10  0.7976645231   0.797  0.454  3.7958  4.020    0  0.000  0.463     0.00     0.00 -1         0      0.00 7.000e-01 2.990e-01 1.100e-03 5.880e-04 3.170e-03 -1.000 1.000e-03	3.634	3.977	4.168	3.741	3.438	3.144	2.788	2.494	2.471
0.00082  1.20e+10  0.8000000715   0.799  0.488  3.7913  3.970    0  0.000  0.463     0.00     0.00 -1  4.44e-13      0.00 7.000e-01 2.990e-01 1.100e-03 5.880e-04 3.170e-03 -1.000 1.000e-03	3.550	3.913	4.100	3.660	3.350	3.049	2.682	2.379	2.355
0.00082  1.20e+10  0.8006387949   0.799  0.497  3.7901  3.956    0  0.000  0.463     0.00     0.00 -1   4.6e-13      0.00 7.000e-01 2.990e-01 1.100e-03 5.880e-04 3.170e-03 -1.000 1.000e-03	3.527	3.897	4.081	3.638	3.326	3.023	2.653	2.348	2.323
0.00082  1.20e+10  0.8027714491   0.801  0.532  3.7832  3.894    0  0.000  0.463     0.00     0.00 -1  5.35e-13      0.00 7.000e-01 2.990e-01 1.100e-03 5.880e-04 3.170e-03 -1.000 1.000e-03	3.439	3.842	4.019	3.555	3.231	2.918	2.531	2.213	2.184
0.00082  1.20e+10  0.8043590784   0.803  0.561  3.7758  3.837    0  0.000  0.463     0.00     0.00 -1  6.11e-13      0.00 7.000e-01 2.990e-01 1.100e-03 5.880e-04 3.170e-03 -1.000 1.000e-03	3.367	3.812	3.977	3.490	3.153	2.828	2.423	2.090	2.059
0.00082  1.20e+10  0.8058342934   0.804  0.590  3.7666  3.772    0  0.000  0.463     0.00     0.00 -1  7.03e-13      0.00 7.000e-01 2.990e-01 1.100e-03 5.880e-04 3.170e-03 -1.000 1.000e-03	3.296	3.800	3.947	3.428	3.076	2.736	2.308	1.956	1.921
0.00082  1.20e+10  0.8068831563   0.805  0.614  3.7583  3.715    0  0.000  0.463     0.00     0.00 -1  7.93e-13      0.00 7.000e-01 2.990e-01 1.100e-03 5.880e-04 3.170e-03 -1.000 1.000e-03	3.235	3.803	3.928	3.378	3.010	2.657	2.209	1.839	1.800
0.00082  1.20e+10  0.8078404069   0.806  0.646  3.7505  3.653    0  0.000  0.463     0.00     0.00 -1  9.15e-13      0.00 7.000e-01 2.990e-01 1.100e-03 5.880e-04 3.170e-03 -1.000 1.000e-03	3.156	3.787	3.888	3.308	2.927	2.562	2.094	1.708	1.665
0.00082  1.20e+10  0.8085842729   0.807  0.681  3.7450  3.596    0  0.000  0.463     0.00     0.00 -1  1.06e-12      0.00 7.000e-01 2.990e-01 1.100e-03 5.880e-04 3.170e-03 -1.000 1.000e-03	3.068	3.749	3.831	3.229	2.837	2.464	1.981	1.583	1.538
0.00082  1.20e+10  0.8092979193   0.808  0.724  3.7405  3.536    0  0.000  0.463     0.00     0.00 -1  1.25e-12      0.00 7.000e-01 2.990e-01 1.100e-03 5.880e-04 3.170e-03 -1.000 1.000e-03	2.961	3.683	3.749	3.129	2.729	2.348	1.854	1.446	1.399
0.00082  1.20e+10  0.8094112873   0.808  0.732  3.7400  3.525    0  0.000  0.463     0.00     0.00 -1   1.3e-12      0.00 7.000e-01 2.990e-01 1.100e-03 5.880e-04 3.170e-03 -1.000 1.000e-03	2.941	3.668	3.732	3.109	2.709	2.327	1.831	1.422	1.374
0.00082  1.20e+10  0.8100078106   0.808  0.777  3.7372  3.470    0  0.000  0.463     0.00     0.00 -1  1.53e-12      0.00 7.000e-01 2.990e-01 1.100e-03 5.880e-04 3.170e-03 -1.000 1.000e-03	2.828	3.583	3.635	3.001	2.596	2.209	1.706	1.290	1.242
0.00082  1.20e+10  0.8105104566   0.809  0.818  3.7351  3.420    0  0.000  0.463     0.00     0.00 -1  1.78e-12      0.00 7.000e-01 2.990e-01 1.100e-03 5.880e-04 3.170e-03 -1.000 1.000e-03	2.724	3.504	3.543	2.901	2.492	2.102	1.593	1.172	1.123
0.00082  1.20e+10  0.8110681772   0.809  0.868  3.7331  3.362    0  0.000  0.463     0.00     0.00 -1  2.13e-12      0.00 7.000e-01 2.990e-01 1.100e-03 5.880e-04 3.170e-03 -1.000 1.000e-03	2.599	3.402	3.430	2.779	2.366	1.973	1.458	1.033	0.983
0.00082  1.20e+10  0.8115836382   0.810  0.919  3.7312  3.305    0  0.000  0.463     0.00     0.00 -1  2.55e-12      0.00 7.000e-01 2.990e-01 1.100e-03 5.880e-04 3.170e-03 -1.000 1.000e-03	2.474	3.299	3.315	2.657	2.241	1.845	1.325	0.895	0.844
0.00082  1.20e+10  0.8121008277   0.810  0.973  3.7295  3.243    0  0.000  0.463     0.00     0.00 -1   3.1e-12      0.00 7.000e-01 2.990e-01 1.100e-03 5.880e-04 3.170e-03 -1.000 1.000e-03	2.337	3.183	3.189	2.524	2.104	1.706	1.180	0.747	0.695
0.00082  1.20e+10  0.8125588894   0.811  1.026  3.7278  3.184    0  0.000  0.463     0.00     0.00 -1  3.75e-12      0.00 7.000e-01 2.990e-01 1.100e-03 5.880e-04 3.170e-03 -1.000 1.000e-03	2.205	3.069	3.066	2.395	1.972	1.571	1.041	0.603	0.551
0.00082  1.20e+10  0.8129474521   0.811  1.075  3.7263  3.129    0  0.000  0.463     0.00     0.00 -1  4.47e-12      0.00 7.000e-01 2.990e-01 1.100e-03 5.880e-04 3.170e-03 -1.000 1.000e-03	2.083	2.965	2.954	2.276	1.850	1.446	0.912	0.471	0.417
0.00082  1.20e+10  0.8132516146   0.811  1.116  3.7250  3.083    0  0.000  0.463     0.00     0.00 -1  5.19e-12      0.00 7.000e-01 2.990e-01 1.100e-03 5.880e-04 3.170e-03 -1.000 1.000e-03	1.980	2.876	2.858	2.175	1.748	1.341	0.803	0.359	0.305
0.00082  1.20e+10  0.8135884404   0.811  1.166  3.7235  3.028    0  0.000  0.463     0.00     0.00 -1   6.2e-12      0.00 7.000e-01 2.990e-01 1.100e-03 5.880e-04 3.170e-03 -1.000 1.000e-03	1.856	2.770	2.744	2.054	1.624	1.215	0.673	0.225	0.170
0.00082  1.20e+10  0.8139104247   0.812  1.218  3.7218  2.969    0  0.000  0.463     0.00     0.00 -1  7.47e-12      0.00 7.000e-01 2.990e-01 1.100e-03 5.880e-04 3.170e-03 -1.000 1.000e-03	1.726	2.664	2.626	1.929	1.495	1.083	0.535	0.083	0.028
0.00082  1.20e+10  0.8142020106   0.812  1.270  3.7201  2.910    0  0.000  0.463     0.00     0.00 -1     9e-12      0.00 7.000e-01 2.990e-01 1.100e-03 5.880e-04 3.170e-03 -1.000 1.000e-03	1.596	2.560	2.508	1.803	1.366	0.951	0.398	-0.058	-0.114
0.00082  1.20e+10  0.8144566417   0.812  1.319  3.7184  2.854    0  0.000  0.463     0.00     0.00 -1  1.08e-11      0.00 7.000e-01 2.990e-01 1.100e-03 5.880e-04 3.170e-03 -1.000 1.000e-03	1.472	2.461	2.396	1.684	1.243	0.825	0.268	-0.193	-0.249
0.00082  1.20e+10  0.8146867752   0.812  1.368  3.7166  2.798    0  0.000  0.463     0.00     0.00 -1  1.28e-11      0.00 7.000e-01 2.990e-01 1.100e-03 5.880e-04 3.170e-03 -1.000 1.000e-03	1.350	2.365	2.287	1.566	1.121	0.701	0.138	-0.328	-0.384
0.00082  1.20e+10  0.8148937821   0.812  1.416  3.7149  2.743    0  0.000  0.463     0.00     0.00 -1  1.53e-11      0.00 7.000e-01 2.990e-01 1.100e-03 5.880e-04 3.170e-03 -1.000 1.000e-03	1.230	2.270	2.180	1.450	1.002	0.578	0.010	-0.460	-0.517
0.00082  1.20e+10  0.8150860071   0.812  1.465  3.7130  2.687    0  0.000  0.463     0.00     0.00 -1  1.83e-11      0.00 7.000e-01 2.990e-01 1.100e-03 5.880e-04 3.170e-03 -1.000 1.000e-03	1.107	2.174	2.071	1.332	0.880	0.453	-0.121	-0.595	-0.653
0.00082  1.20e+10  0.8152561784   0.812  1.513  3.7111  2.631    0  0.000  0.463     0.00     0.00 -1  2.17e-11      0.00 7.000e-01 2.990e-01 1.100e-03 5.880e-04 3.170e-03 -1.000 9.999e-04	0.988	2.083	1.966	1.218	0.762	0.332	-0.248	-0.727	-0.786
0.00082  1.20e+10  0.8154148459   0.812  1.561  3.7091  2.575    0  0.000  0.463     0.00     0.00 -1  2.59e-11      0.00 7.000e-01 2.990e-01 1.100e-03 5.880e-04 3.170e-03 -1.000 1.000e-03	0.867	1.991	1.860	1.102	0.642	0.208	-0.377	-0.862	-0.922
0.00082  1.20e+10  0.8155550957   0.812  1.608  3.7072  2.520    0  0.000  0.463     0.00     0.00 -1  3.08e-11      0.00 7.000e-01 2.990e-01 1.100e-03 5.880e-04 3.170e-03 -1.000 1.000e-03	0.749	1.904	1.759	0.990	0.526	0.089	-0.503	-0.993	-1.053
0.00082  1.20e+10  0.8156801462   0.812  1.654  3.7052  2.466    0  0.000  0.463     0.00     0.00 -1  3.64e-11      0.00 7.000e-01 2.990e-01 1.100e-03 5.880e-04 3.170e-03 -1.000 1.000e-03	0.635	1.823	1.661	0.882	0.414	-0.027	-0.625	-1.120	-1.181
0.00082  1.20e+10  0.8157960773   0.812  1.700  3.7032  2.412    0  0.000  0.463     0.00     0.00 -1  4.31e-11      0.00 7.000e-01 2.990e-01 1.100e-03 5.880e-04 3.170e-03 -1.000 1.000e-03	0.520	1.742	1.563	0.773	0.300	-0.144	-0.748	-1.249	-1.310
0.00082  1.20e+10  0.8158989549   0.812  1.744  3.7011  2.360    0  0.000  0.463     0.00     0.00 -1  5.07e-11      0.00 7.000e-01 2.990e-01 1.100e-03 5.880e-04 3.170e-03 -1.000 1.000e-03	0.410	1.666	1.471	0.669	0.191	-0.257	-0.867	-1.373	-1.435
0.00082  1.20e+10  0.8159959912   0.811  1.789  3.6991  2.306    0  0.000  0.463     0.00     0.00 -1  5.98e-11      0.00 7.000e-01 2.990e-01 1.100e-03 5.880e-04 3.170e-03 -1.000 1.000e-03	0.297	1.590	1.376	0.563	0.080	-0.373	-0.989	-1.500	-1.563
0.00082  1.20e+10  0.8160834312   0.811  1.833  3.6970  2.254    0  0.000  0.463     0.00     0.00 -1  7.03e-11      0.00 7.000e-01 2.990e-01 1.100e-03 5.880e-04 3.170e-03 -1.000 1.000e-03	0.187	1.516	1.285	0.460	-0.028	-0.485	-1.107	-1.624	-1.688
0.00082  1.20e+10  0.8161650896   0.811  1.877  3.6948  2.201    0  0.000  0.463     0.00     0.00 -1  8.26e-11      0.00 7.000e-01 2.990e-01 1.100e-03 5.880e-04 3.170e-03 -1.000 1.000e-03	0.078	1.446	1.196	0.358	-0.135	-0.595	-1.225	-1.747	-1.812
0.00082  1.20e+10  0.8162434101   0.811  1.920  3.6927  2.149    0  0.000  0.463     0.00     0.00 -1  9.69e-11      0.00 7.000e-01 2.990e-01 1.100e-03 5.880e-04 3.170e-03 -1.000 1.000e-03	-0.030	1.379	1.109	0.258	-0.240	-0.705	-1.341	-1.870	-1.935
0.00082  1.20e+10  0.8163236380   0.810  1.961  3.6906  2.100    0  0.000  0.463     0.00     0.00 -1  1.13e-10      0.00 7.000e-01 2.990e-01 1.100e-03 5.880e-04 3.170e-03 -1.000 1.000e-03	-0.132	1.317	1.027	0.165	-0.339	-0.807	-1.450	-1.985	-2.051
0.00082  1.20e+10  0.8163965940   0.810  1.986  3.6895  2.071    0  0.000  0.463     0.00     0.00 -1  1.24e-10      0.00 7.000e-01 2.990e-01 1.100e-03 5.880e-04 3.170e-03 -1.000 1.000e-03	-0.194	1.277	0.976	0.107	-0.399	-0.870	-1.516	-2.054	-2.120
0.00082  1.20e+10  0.8164461255   0.810  1.970  3.6906  2.091    0  0.000  0.463     0.00     0.00 -1  1.18e-10      0.00 7.000e-01 2.990e-01 1.100e-03 5.880e-04 3.170e-03 -1.000 1.000e-03	-0.155	1.295	1.004	0.142	-0.362	-0.830	-1.473	-2.008	-2.074
0.00082  1.20e+10  0.8164634705   0.810  1.964  3.6911  2.098    0  0.000  0.463     0.00     0.00 -1  1.15e-10      0.00 7.000e-01 2.990e-01 1.100e-03 5.880e-04 3.170e-03 -1.000 1.000e-03	-0.140	1.302	1.015	0.155	-0.348	-0.815	-1.457	-1.991	-2.056
0.00082  1.20e+10  0.8165180683   0.809  2.005  3.6889  2.049    0  0.000  0.463     0.00     0.00 -1  1.33e-10      0.00 7.000e-01 2.990e-01 1.100e-03 5.880e-04 3.170e-03 -1.000 1.000e-03	-0.242	1.241	0.934	0.061	-0.447	-0.919	-1.567	-2.107	-2.173
0.00082  1.20e+10  0.8165696859   0.809  2.046  3.6867  1.999    0  0.000  0.463     0.00     0.00 -1  1.54e-10      0.00 7.000e-01 2.990e-01 1.100e-03 5.880e-04 3.170e-03 -1.000 1.000e-03	-0.344	1.183	0.854	-0.032	-0.545	-1.021	-1.677	-2.223	-2.290
0.00082  1.20e+10  0.8166201115   0.809  2.088  3.6844  1.948    0  0.000  0.463     0.00     0.00 -1   1.8e-10      0.00 7.000e-01 2.990e-01 1.100e-03 5.880e-04 3.170e-03 -1.000 1.000e-03	-0.449	1.126	0.773	-0.128	-0.647	-1.128	-1.791	-2.343	-2.410
0.00082  1.20e+10  0.8166668415   0.808  2.129  3.6821  1.897    0  0.000  0.463     0.00     0.00 -1   2.1e-10      0.00 7.000e-01 2.990e-01 1.100e-03 5.880e-04 3.170e-03 -1.000 1.000e-03	-0.553	1.072	0.694	-0.223	-0.748	-1.234	-1.905	-2.463	-2.531
0.00082  1.20e+10  0.8167085648   0.808  2.170  3.6798  1.847    0  0.000  0.463     0.00     0.00 -1  2.44e-10      0.00 7.000e-01 2.990e-01 1.100e-03 5.880e-04 3.170e-03 -1.000 1.000e-03	-0.654	1.023	0.620	-0.312	-0.844	-1.334	-2.013	-2.578	-2.647
0.00082  1.20e+10  0.8167473674   0.807  2.210  3.6775  1.797    0  0.000  0.463     0.00     0.00 -1  2.84e-10      0.00 7.000e-01 2.990e-01 1.100e-03 5.880e-04 3.170e-03 -1.000 1.000e-03	-0.754	0.975	0.546	-0.402	-0.940	-1.435	-2.122	-2.694	-2.764
0.00082  1.20e+10  0.8167832494   0.807  2.250  3.6751  1.747    0  0.000  0.463     0.00     0.00 -1   3.3e-10      0.00 7.000e-01 2.990e-01 1.100e-03 5.880e-04 3.170e-03 -1.000 1.000e-03	-0.854	0.930	0.474	-0.490	-1.035	-1.534	-2.230	-2.809	-2.880
0.00082  1.20e+10  0.8168166280   0.806  2.290  3.6727  1.698    0  0.000  0.463     0.00     0.00 -1  3.83e-10      0.00 7.000e-01 2.990e-01 1.100e-03 5.880e-04 3.170e-03 -1.000 1.000e-03	-0.954	0.886	0.403	-0.578	-1.130	-1.634	-2.339	-2.924	-2.996
0.00082  1.20e+10  0.8168463707   0.806  2.328  3.6703  1.649    0  0.000  0.463     0.00     0.00 -1  4.42e-10      0.00 7.000e-01 2.990e-01 1.100e-03 5.880e-04 3.170e-03 -1.000 1.000e-03	-1.050	0.846	0.336	-0.662	-1.221	-1.730	-2.443	-3.036	-3.109
0.00082  1.20e+10  0.8168743253   0.805  2.367  3.6679  1.601    0  0.000  0.463     0.00     0.00 -1  5.11e-10      0.00 7.000e-01 2.990e-01 1.100e-03 5.880e-04 3.170e-03 -1.000 1.000e-03	-1.147	0.808	0.269	-0.747	-1.313	-1.827	-2.548	-3.148	-3.222
0.00082  1.20e+10  0.8169059753   0.804  2.414  3.6649  1.541    0  0.000  0.463     0.00     0.00 -1   6.1e-10      0.00 7.000e-01 2.990e-01 1.100e-03 5.880e-04 3.170e-03 -1.000 1.000e-03	-1.265	0.766	0.190	-0.847	-1.423	-1.944	-2.676	-3.286	-3.360
0.00082  1.20e+10  0.8169344068   0.803  2.460  3.6619  1.482    0  0.000  0.463     0.00     0.00 -1  7.27e-10      0.00 7.000e-01 2.990e-01 1.100e-03 5.880e-04 3.170e-03 -1.000 9.999e-04	-1.380	0.730	0.115	-0.945	-1.530	-2.058	-2.802	-3.420	-3.496
0.00082  1.20e+10  0.8169608116   0.802  2.507  3.6589  1.423    0  0.000  0.463     0.00     0.00 -1  8.67e-10      0.00 7.000e-01 2.990e-01 1.100e-03 5.880e-04 3.170e-03 -1.000 1.000e-03	-1.497	0.701	0.044	-1.042	-1.639	-2.173	-2.929	-3.556	-3.633
0.00082  1.20e+10  0.8169844747   0.801  2.552  3.6558  1.365    0  0.000  0.463     0.00     0.00 -1  1.03e-09      0.00 7.000e-01 2.990e-01 1.100e-03 5.880e-04 3.170e-03 -1.000 1.000e-03	-1.609	0.679	-0.023	-1.135	-1.742	-2.285	-3.052	-3.688	-3.766
0.00082  1.20e+10  0.8170060515   0.800  2.596  3.6527  1.308    0  0.000  0.463     0.00     0.00 -1  1.22e-09      0.00 7.000e-01 2.990e-01 1.100e-03 5.880e-04 3.170e-03 -1.000 1.000e-03	-1.720	0.663	-0.085	-1.225	-1.844	-2.393	-3.173	-3.818	-3.898
0.00082  1.20e+10  0.8170268536   0.798  2.642  3.6496  1.249    0  0.000  0.463     0.00     0.00 -1  1.45e-09      0.00 7.000e-01 2.990e-01 1.100e-03 5.880e-04 3.170e-03 -1.000 9.999e-04	-1.835	0.650	-0.148	-1.315	-1.947	-2.504	-3.297	-3.952	-4.033
0.00082  1.20e+10  0.8170447946   0.797  2.685  3.6466  1.193    0  0.000  0.463     0.00     0.00 -1  1.71e-09      0.00 7.000e-01 2.990e-01 1.100e-03 5.880e-04 3.170e-03 -1.000 1.000e-03	-1.942	0.646	-0.202	-1.398	-2.042	-2.608	-3.414	-4.078	-4.161
0.00082  1.20e+10  0.8170617223   0.795  2.728  3.6435  1.136    0  0.000  0.463     0.00     0.00 -1  2.02e-09      0.00 7.000e-01 2.990e-01 1.100e-03 5.880e-04 3.170e-03 -1.000 1.000e-03	-2.051	0.644	-0.257	-1.481	-2.138	-2.713	-3.532	-4.206	-4.291
0.00082  1.20e+10  0.8170777559   0.794  2.773  3.6404  1.079    0  0.000  0.463     0.00     0.00 -1  2.39e-09      0.00 7.000e-01 2.990e-01 1.100e-03 5.880e-04 3.170e-03 -1.000 1.000e-03	-2.161	0.643	-0.312	-1.566	-2.237	-2.819	-3.652	-4.336	-4.422
0.00082  1.20e+10  0.8170915842   0.792  2.813  3.6373  1.024    0  0.000  0.463     0.00     0.00 -1   2.8e-09      0.00 7.000e-01 2.990e-01 1.100e-03 5.880e-04 3.170e-03 -1.000 1.000e-03	-2.264	0.656	-0.356	-1.640	-2.324	-2.916	-3.762	-4.456	-4.545
0.00082  1.20e+10  0.8171049356   0.790  2.856  3.6342  0.968    0  0.000  0.463     0.00     0.00 -1  3.29e-09      0.00 7.000e-01 2.990e-01 1.100e-03 5.880e-04 3.170e-03 -1.000 1.000e-03	-2.369	0.675	-0.398	-1.715	-2.415	-3.016	-3.877	-4.581	-4.672
0.00082  1.20e+10  0.8171175122   0.787  2.899  3.6311  0.912    0  0.000  0.463     0.00     0.00 -1  3.88e-09      0.00 7.000e-01 2.990e-01 1.100e-03 5.880e-04 3.170e-03 -1.000 1.000e-03	-2.476	0.701	-0.437	-1.790	-2.506	-3.118	-3.993	-4.707	-4.800
0.00082  1.20e+10  0.8171283603   0.785  2.938  3.6280  0.859    0  0.000  0.463     0.00     0.00 -1  4.53e-09      0.00 7.000e-01 2.990e-01 1.100e-03 5.880e-04 3.170e-03 -1.000 1.000e-03	-2.575	0.735	-0.467	-1.855	-2.588	-3.210	-4.100	-4.824	-4.919
0.00082  1.20e+10  0.8171387911   0.783  2.978  3.6249  0.805    0  0.000  0.463     0.00     0.00 -1   5.3e-09      0.00 7.000e-01 2.990e-01 1.100e-03 5.880e-04 3.170e-03 -1.000 1.000e-03	-2.676	0.773	-0.496	-1.921	-2.671	-3.305	-4.210	-4.943	-5.042
0.00082  1.20e+10  0.8171488643   0.780  3.020  3.6219  0.749    0  0.000  0.463     0.00     0.00 -1  6.22e-09      0.00 7.000e-01 2.990e-01 1.100e-03 5.880e-04 3.170e-03 -1.000 1.000e-03	-2.780	0.810	-0.526	-1.987	-2.756	-3.400	-4.321	-5.065	-5.167
0.00082  1.20e+10  0.8171577454   0.777  3.059  3.6188  0.697    0  0.000  0.463     0.00     0.00 -1  7.24e-09      0.00 7.000e-01 2.990e-01 1.100e-03 5.880e-04 3.170e-03 -1.000 1.000e-03	-2.876	0.854	-0.549	-2.046	-2.832	-3.489	-4.426	-5.179	-5.284
0.00082  1.20e+10  0.8171665072   0.773  3.099  3.6157  0.642    0  0.000  0.463     0.00     0.00 -1  8.49e-09      0.00 7.000e-01 2.990e-01 1.100e-03 5.880e-04 3.170e-03 -1.000 1.000e-03	-2.978	0.899	-0.574	-2.108	-2.914	-3.581	-4.535	-5.299	-5.407
0.00082  1.20e+10  0.8171745539   0.769  3.139  3.6127  0.588    0  0.000  0.463     0.00     0.00 -1  9.93e-09      0.00 7.000e-01 2.990e-01 1.100e-03 5.880e-04 3.170e-03 -1.000 1.000e-03	-3.077	0.945	-0.597	-2.169	-2.993	-3.672	-4.642	-5.416	-5.527
0.00082  1.20e+10  0.8171820641   0.765  3.178  3.6097  0.535    0  0.000  0.463     0.00     0.00 -1  1.16e-08      0.00 7.000e-01 2.990e-01 1.100e-03 5.880e-04 3.170e-03 -1.000 1.000e-03	-3.175	0.990	-0.617	-2.225	-3.068	-3.760	-4.745	-5.530	-5.644
0.00082  1.20e+10  0.8171891570   0.761  3.217  3.6066  0.480    0  0.000  0.463     0.00     0.00 -1  1.35e-08      0.00 7.000e-01 2.990e-01 1.100e-03 5.880e-04 3.170e-03 -1.000 1.000e-03	-3.273	1.041	-0.633	-2.278	-3.141	-3.848	-4.850	-5.646	-5.763
0.00082  1.20e+10  0.8171958923   0.756  3.256  3.6036  0.427    0  0.000  0.463     0.00     0.00 -1  1.58e-08      0.00 7.000e-01 2.990e-01 1.100e-03 5.880e-04 3.170e-03 -1.000 1.000e-03	-3.370	1.096	-0.642	-2.327	-3.213	-3.935	-4.954	-5.760	-5.881
0.00082  1.20e+10  0.8172021508   0.750  3.293  3.6007  0.375    0  0.000  0.463     0.00     0.00 -1  1.83e-08      0.00 7.000e-01 2.990e-01 1.100e-03 5.880e-04 3.170e-03 -1.000 1.000e-03	-3.463	1.150	-0.650	-2.374	-3.282	-4.017	-5.053	-5.869	-5.994
0.00082  1.20e+10  0.8172069788   0.745  1.729  3.7509  2.537    4  0.000  0.463     0.00     0.00 -1         0      0.00 7.000e-01 2.990e-01 1.100e-03 5.880e-04 3.170e-03 -1.000 1.000e-03	0.447	1.117	1.132	0.578	0.205	-0.155	-0.622	-1.001	-1.042
0.00082  1.20e+10  0.8172571659   0.745  1.745  3.7495  2.515    4  0.000  0.463     0.00     0.00 -1         0      0.00 7.000e-01 2.990e-01 1.100e-03 5.880e-04 3.170e-03 -1.000 1.000e-03	0.407	1.091	1.101	0.541	0.165	-0.197	-0.668	-1.050	-1.092
0.00082  1.20e+10  0.8173083663   0.745  1.749  3.7494  2.511    4  0.000  0.463     0.00     0.00 -1         0      0.00 7.000e-01 2.990e-01 1.100e-03 5.880e-04 3.170e-03 -1.000 1.000e-03	0.398	1.084	1.093	0.533	0.156	-0.206	-0.677	-1.060	-1.102
0.00082  1.20e+10  0.8173605800   0.746  1.750  3.7496  2.511    4  0.000  0.463     0.00     0.00 -1         0      0.00 7.000e-01 2.990e-01 1.100e-03 5.880e-04 3.170e-03 -1.000 1.000e-03	0.395	1.079	1.088	0.529	0.153	-0.209	-0.680	-1.062	-1.103
0.00082  1.20e+10  0.8174144626   0.746  1.750  3.7500  2.512    4  0.000  0.463     0.00     0.00 -1         0      0.00 7.000e-01 2.990e-01 1.100e-03 5.880e-04 3.170e-03 -1.000 1.000e-03	0.394	1.073	1.084	0.527	0.152	-0.209	-0.679	-1.060	-1.101
0.00082  1.20e+10  0.8174669147   0.746  1.750  3.7507  2.515    4  0.000  0.463     0.00     0.00 -1         0      0.00 7.000e-01 2.990e-01 1.100e-03 5.880e-04 3.170e-03 -1.000 1.000e-03	0.394	1.068	1.080	0.526	0.152	-0.208	-0.676	-1.055	-1.096
0.00082  1.20e+10  0.8175197840   0.746  1.750  3.7516  2.519    4  0.000  0.463     0.00     0.00 -1         0      0.00 7.000e-01 2.990e-01 1.100e-03 5.880e-04 3.170e-03 -1.000 1.000e-03	0.396	1.062	1.076	0.526	0.154	-0.204	-0.670	-1.047	-1.088
0.00082  1.20e+10  0.8175737858   0.746  1.749  3.7526  2.525    4  0.000  0.463     0.00     0.00 -1         0      0.00 7.000e-01 2.990e-01 1.100e-03 5.880e-04 3.170e-03 -1.000 1.000e-03	0.399	1.057	1.073	0.526	0.157	-0.200	-0.662	-1.037	-1.078
0.00082  1.20e+10  0.8176270723   0.746  1.747  3.7538  2.530    4  0.000  0.463     0.00     0.00 -1         0      0.00 7.000e-01 2.990e-01 1.100e-03 5.880e-04 3.170e-03 -1.000 1.000e-03	0.402	1.052	1.069	0.527	0.160	-0.194	-0.654	-1.026	-1.066
0.00082  1.20e+10  0.8176812530   0.746  1.746  3.7549  2.536    4  0.000  0.463     0.00     0.00 -1         0      0.00 7.000e-01 2.990e-01 1.100e-03 5.880e-04 3.170e-03 -1.000 1.000e-03	0.405	1.047	1.066	0.528	0.163	-0.189	-0.646	-1.015	-1.055
0.00082  1.20e+10  0.8177325130   0.746  1.745  3.7559  2.542    4  0.000  0.463     0.00     0.00 -1         0      0.00 7.000e-01 2.990e-01 1.100e-03 5.880e-04 3.170e-03 -1.000 1.000e-03	0.408	1.042	1.063	0.529	0.166	-0.184	-0.638	-1.005	-1.045
0.00082  1.20e+10  0.8177871704   0.746  1.744  3.7570  2.547    4  0.000  0.463     0.00     0.00 -1         0      0.00 7.000e-01 2.990e-01 1.100e-03 5.880e-04 3.170e-03 -1.000 1.000e-03	0.410	1.037	1.059	0.530	0.169	-0.180	-0.631	-0.995	-1.034
0.00082  1.20e+10  0.8178408146   0.746  1.743  3.7579  2.552    4  0.000  0.463     0.00     0.00 -1         0      0.00 7.000e-01 2.990e-01 1.100e-03 5.880e-04 3.170e-03 -1.000 1.000e-03	0.413	1.033	1.056	0.531	0.172	-0.175	-0.624	-0.986	-1.025
0.00082  1.20e+10  0.8178910017   0.746  1.742  3.7587  2.555    4  0.000  0.463     0.00     0.00 -1         0      0.00 7.000e-01 2.990e-01 1.100e-03 5.880e-04 3.170e-03 -1.000 1.000e-03	0.414	1.029	1.053	0.531	0.173	-0.172	-0.619	-0.979	-1.018
0.00082  1.20e+10  0.8179439306   0.746  1.742  3.7593  2.558    4  0.000  0.463     0.00     0.00 -1         0      0.00 7.000e-01 2.990e-01 1.100e-03 5.880e-04 3.170e-03 -1.000 1.000e-03	0.416	1.026	1.051	0.531	0.175	-0.170	-0.615	-0.974	-1.012
0.00082  1.20e+10  0.8179563284   0.746  1.742  3.7595  2.559    4  0.000  0.463     0.00     0.00 -1         0      0.00 7.000e-01 2.990e-01 1.100e-03 5.880e-04 3.170e-03 -1.000 1.000e-03	0.416	1.025	1.050	0.531	0.175	-0.169	-0.614	-0.972	-1.011
0.00082  1.20e+10  0.8179685473   0.746  1.742  3.7596  2.560    4  0.000  0.463     0.00     0.00 -1         0      0.00 7.000e-01 2.990e-01 1.100e-03 5.880e-04 3.170e-03 -1.000 1.000e-03	0.416	1.024	1.049	0.531	0.175	-0.169	-0.614	-0.972	-1.010
0.00082  1.20e+10  0.8180220127   0.746  1.742  3.7599  2.561    4  0.000  0.463     0.00     0.00 -1         0      0.00 7.000e-01 2.990e-01 1.100e-03 5.880e-04 3.170e-03 -1.000 9.999e-04	0.416	1.022	1.047	0.530	0.175	-0.168	-0.612	-0.969	-1.007
0.00082  1.20e+10  0.8180761933   0.746  1.742  3.7601  2.561    4  0.000  0.463     0.00     0.00 -1         0      0.00 7.000e-01 2.990e-01 1.100e-03 5.880e-04 3.170e-03 -1.000 1.000e-03	0.415	1.020	1.045	0.529	0.174	-0.169	-0.612	-0.969	-1.007
0.00082  1.20e+10  0.8181294203   0.746  1.743  3.7600  2.560    4  0.000  0.463     0.00     0.00 -1         0      0.00 7.000e-01 2.990e-01 1.100e-03 5.880e-04 3.170e-03 -1.000 1.000e-03	0.413	1.019	1.044	0.527	0.172	-0.171	-0.614	-0.971	-1.009
0.00082  1.20e+10  0.8181818128   0.746  1.744  3.7597  2.558    4  0.000  0.463     0.00     0.00 -1         0      0.00 7.000e-01 2.990e-01 1.100e-03 5.880e-04 3.170e-03 -1.000 1.000e-03	0.411	1.018	1.043	0.525	0.170	-0.174	-0.618	-0.976	-1.014
0.00082  1.20e+10  0.8182340264   0.746  1.745  3.7592  2.555    4  0.000  0.463     0.00     0.00 -1         0      0.00 7.000e-01 2.990e-01 1.100e-03 5.880e-04 3.170e-03 -1.000 9.999e-04	0.407	1.018	1.043	0.522	0.166	-0.179	-0.624	-0.983	-1.021
0.00082  1.20e+10  0.8182858229   0.747  1.747  3.7584  2.550    4  0.000  0.463     0.00     0.00 -1         0      0.00 7.000e-01 2.990e-01 1.100e-03 5.880e-04 3.170e-03 -1.000 1.000e-03	0.402	1.019	1.042	0.519	0.161	-0.185	-0.632	-0.993	-1.032
0.00082  1.20e+10  0.8183377385   0.747  1.749  3.7576  2.544    4  0.000  0.463     0.00     0.00 -1         0      0.00 7.000e-01 2.990e-01 1.100e-03 5.880e-04 3.170e-03 -1.000 1.000e-03	0.397	1.020	1.042	0.515	0.155	-0.192	-0.642	-1.005	-1.044
0.00082  1.20e+10  0.8183426261   0.747  1.750  3.7575  2.543    4  0.000  0.463     0.00     0.00 -1         0      0.00 7.000e-01 2.990e-01 1.100e-03 5.880e-04 3.170e-03 -1.000 1.000e-03	0.396	1.020	1.041	0.514	0.155	-0.193	-0.643	-1.006	-1.045
0.00082  1.20e+10  0.8183619976   0.747  1.751  3.7571  2.541    4  0.000  0.463     0.00     0.00 -1         0      0.00 7.000e-01 2.990e-01 1.100e-03 5.880e-04 3.170e-03 -1.000 1.000e-03	0.393	1.020	1.041	0.512	0.152	-0.197	-0.648	-1.012	-1.051
0.00082  1.20e+10  0.8184137344   0.747  1.754  3.7559  2.533    4  0.000  0.463     0.00     0.00 -1         0      0.00 7.000e-01 2.990e-01 1.100e-03 5.880e-04 3.170e-03 -1.000 1.000e-03	0.385	1.021	1.040	0.507	0.144	-0.207	-0.661	-1.028	-1.067
0.00082  1.20e+10  0.8184641004   0.747  1.757  3.7547  2.524    4  0.000  0.463     0.00     0.00 -1         0      0.00 7.000e-01 2.990e-01 1.100e-03 5.880e-04 3.170e-03 -1.000 1.000e-03	0.377	1.021	1.038	0.500	0.135	-0.218	-0.675	-1.045	-1.085
0.00082  1.20e+10  0.8185139298   0.747  1.761  3.7534  2.515    4  0.000  0.463     0.00     0.00 -1         0      0.00 7.000e-01 2.990e-01 1.100e-03 5.880e-04 3.170e-03 -1.000 1.000e-03	0.367	1.020	1.036	0.493	0.125	-0.230	-0.691	-1.064	-1.104
0.00082  1.20e+10  0.8185652494   0.747  1.766  3.7518  2.504    4  0.000  0.463     0.00     0.00 -1         0      0.00 7.000e-01 2.990e-01 1.100e-03 5.880e-04 3.170e-03 -1.000 1.000e-03	0.354	1.019	1.033	0.483	0.112	-0.246	-0.711	-1.087	-1.128
0.00082  1.20e+10  0.8186132908   0.747  1.772  3.7502  2.492    4  0.000  0.463     0.00     0.00 -1         0      0.00 7.000e-01 2.990e-01 1.100e-03 5.880e-04 3.170e-03 -1.000 1.000e-03	0.340	1.019	1.028	0.472	0.098	-0.263	-0.732	-1.112	-1.154
0.00082  1.20e+10  0.8186608553   0.747  1.778  3.7488  2.481    4  0.000  0.463     0.00     0.00 -1         0      0.00 7.000e-01 2.990e-01 1.100e-03 5.880e-04 3.170e-03 -1.000 1.000e-03	0.326	1.018	1.023	0.461	0.083	-0.280	-0.752	-1.136	-1.178
0.00082  1.20e+10  0.8187098503   0.747  1.784  3.7473  2.469    4  0.000  0.463     0.00     0.00 -1         0      0.00 7.000e-01 2.990e-01 1.100e-03 5.880e-04 3.170e-03 -1.000 1.000e-03	0.310	1.015	1.016	0.447	0.067	-0.298	-0.775	-1.162	-1.205
0.00082  1.20e+10  0.8187581301   0.747  1.792  3.7456  2.454    4  0.000  0.463     0.00     0.00 -1         0      0.00 7.000e-01 2.990e-01 1.100e-03 5.880e-04 3.170e-03 -1.000 1.000e-03	0.290	1.011	1.007	0.431	0.047	-0.321	-0.803	-1.194	-1.237
0.00082  1.20e+10  0.8188060522   0.747  1.801  3.7437  2.437    4  0.000  0.463     0.00     0.00 -1         0      0.00 7.000e-01 2.990e-01 1.100e-03 5.880e-04 3.170e-03 -1.000 1.000e-03	0.266	1.004	0.995	0.410	0.023	-0.349	-0.835	-1.231	-1.275
0.00082  1.20e+10  0.8188540936   0.747  1.814  3.7414  2.415    4  0.000  0.463     0.00     0.00 -1         0      0.00 7.000e-01 2.990e-01 1.100e-03 5.880e-04 3.170e-03 -1.000 1.000e-03	0.235	0.994	0.978	0.383	-0.009	-0.385	-0.877	-1.278	-1.323
0.00082  1.20e+10  0.8189021349   0.747  1.835  3.7378  2.379    4  0.000  0.463     0.00     0.00 -1         0      0.00 7.000e-01 2.990e-01 1.100e-03 5.880e-04 3.170e-03 -1.000 1.000e-03	0.182	0.974	0.948	0.337	-0.062	-0.445	-0.946	-1.356	-1.402
0.00082  1.20e+10  0.8189359307   0.747  1.863  3.7334  2.334    4  0.000  0.463     0.00     0.00 -1         0      0.00 7.000e-01 2.990e-01 1.100e-03 5.880e-04 3.170e-03 -1.000 1.000e-03	0.112	0.955	0.910	0.278	-0.131	-0.521	-1.035	-1.456	-1.503
0.00082  1.20e+10  0.8189538717   0.747  1.895  3.7288  2.284    4  0.000  0.463     0.00     0.00 -1         0      0.00 7.000e-01 2.990e-01 1.100e-03 5.880e-04 3.170e-03 -1.000 1.000e-03	0.033	0.930	0.865	0.210	-0.209	-0.607	-1.134	-1.566	-1.616
0.00082  1.20e+10  0.8189630508   0.747  1.927  3.7244  2.234    4  0.000  0.463     0.00     0.00 -1         0      0.00 7.000e-01 2.990e-01 1.100e-03 5.880e-04 3.170e-03 -1.000 1.000e-03	-0.048	0.901	0.816	0.139	-0.289	-0.695	-1.235	-1.677	-1.729
0.00082  1.20e+10  0.8189680576   0.747  1.962  3.7199  2.181    4  0.000  0.463     0.00     0.00 -1         0      0.00 7.000e-01 2.990e-01 1.100e-03 5.880e-04 3.170e-03 -1.000 1.000e-03	-0.135	0.876	0.765	0.064	-0.374	-0.787	-1.340	-1.794	-1.848
0.00082  1.20e+10  0.8189706206   0.747  1.997  3.7158  2.130    4  0.000  0.463     0.00     0.00 -1         0      0.00 7.000e-01 2.990e-01 1.100e-03 5.880e-04 3.170e-03 -1.000 1.000e-03	-0.221	0.848	0.712	-0.011	-0.458	-0.879	-1.444	-1.908	-1.964
0.00082  1.20e+10  0.8189721107   0.747  2.031  3.7121  2.081    4  0.000  0.463     0.00     0.00 -1         0      0.00 7.000e-01 2.990e-01 1.100e-03 5.880e-04 3.170e-03 -1.000 1.000e-03	-0.307	0.816	0.658	-0.085	-0.541	-0.969	-1.545	-2.019	-2.076
0.00082  1.20e+10  0.8189725876   0.747  2.045  3.7106  2.061    4  0.000  0.463     0.00     0.00 -1         0      0.00 7.000e-01 2.990e-01 1.100e-03 5.880e-04 3.170e-03 -1.000 1.000e-03	-0.343	0.802	0.635	-0.117	-0.576	-1.007	-1.587	-2.066	-2.123
0.00082  1.20e+10  0.8189727664   0.747  2.050  3.7101  2.054    4  0.000  0.463     0.00     0.00 -1         0      0.00 7.000e-01 2.990e-01 1.100e-03 5.880e-04 3.170e-03 -1.000 1.000e-03	-0.355	0.797	0.627	-0.128	-0.587	-1.019	-1.601	-2.081	-2.138
0.00082  1.20e+10  0.8189738989   0.747  2.096  3.7058  1.991    4  0.000  0.463     0.00     0.00 -1         0      0.00 7.000e-01 2.990e-01 1.100e-03 5.880e-04 3.170e-03 -1.000 1.000e-03	-0.470	0.752	0.550	-0.229	-0.699	-1.139	-1.734	-2.225	-2.284
0.00082  1.20e+10  0.8189747930   0.747  2.136  3.7022  1.937    4  0.000  0.463     0.00     0.00 -1         0      0.00 7.000e-01 2.990e-01 1.100e-03 5.880e-04 3.170e-03 -1.000 1.000e-03	-0.570	0.714	0.484	-0.317	-0.795	-1.242	-1.848	-2.348	-2.409
0.00082  1.20e+10  0.8189756870   0.747  2.168  3.6994  1.893    4  0.000  0.463     0.00     0.00 -1         0      0.00 7.000e-01 2.990e-01 1.100e-03 5.880e-04 3.170e-03 -1.000 1.000e-03	-0.650	0.683	0.430	-0.388	-0.873	-1.326	-1.940	-2.448	-2.510
0.00082  1.20e+10  0.8189766407   0.747  2.198  3.6968  1.852    4  0.000  0.463     0.00     0.00 -1         0      0.00 7.000e-01 2.990e-01 1.100e-03 5.880e-04 3.170e-03 -1.000 1.000e-03	-0.726	0.653	0.380	-0.455	-0.946	-1.405	-2.026	-2.541	-2.604
0.00082  1.20e+10  0.8189788461   0.747  2.215  3.6956  1.831    4  0.000  0.463     0.00     0.00 -1         0      0.00 7.000e-01 2.990e-01 1.100e-03 5.880e-04 3.170e-03 -1.000 1.000e-03	-0.767	0.635	0.351	-0.491	-0.986	-1.447	-2.073	-2.590	-2.653
0.00082  1.20e+10  0.8189808130   0.747  2.183  3.6984  1.874    4  0.000  0.463     0.00     0.00 -1         0      0.00 7.000e-01 2.990e-01 1.100e-03 5.880e-04 3.170e-03 -1.000 9.999e-04	-0.687	0.664	0.403	-0.422	-0.909	-1.364	-1.981	-2.491	-2.554
0.00082  1.20e+10  0.8189859986   0.747  2.152  3.7011  1.916    4  0.000  0.463     0.00     0.00 -1         0      0.00 7.000e-01 2.990e-01 1.100e-03 5.880e-04 3.170e-03 -1.000 1.000e-03	-0.610	0.694	0.454	-0.354	-0.835	-1.284	-1.893	-2.396	-2.457
0.00082  1.20e+10  0.8190160394   0.747  2.170  3.6990  1.890    4  0.000  0.463     0.00     0.00 -1         0      0.00 7.000e-01 2.990e-01 1.100e-03 5.880e-04 3.170e-03 -1.000 1.000e-03	-0.655	0.684	0.429	-0.392	-0.878	-1.331	-1.947	-2.455	-2.517
0.00082  1.20e+10  0.8190340400   0.747  2.205  3.6958  1.842    4  0.000  0.463     0.00     0.00 -1         0      0.00 7.000e-01 2.990e-01 1.100e-03 5.880e-04 3.170e-03 -1.000 1.000e-03	-0.743	0.653	0.372	-0.469	-0.962	-1.423	-2.048	-2.565	-2.628
0.00082  1.20e+10  0.8190543056   0.747  2.248  3.6921  1.784    4  0.000  0.463     0.00     0.00 -1         0      0.00 7.000e-01 2.990e-01 1.100e-03 5.880e-04 3.170e-03 -1.000 1.000e-03	-0.850	0.620	0.304	-0.560	-1.063	-1.531	-2.168	-2.695	-2.760
0.00082  1.20e+10  0.8190730810   0.747  2.290  3.6886  1.728    4  0.000  0.463     0.00     0.00 -1         0      0.00 7.000e-01 2.990e-01 1.100e-03 5.880e-04 3.170e-03 -1.000 1.000e-03	-0.956	0.588	0.236	-0.652	-1.164	-1.639	-2.288	-2.825	-2.890
0.00082  1.20e+10  0.8190894723   0.747  2.332  3.6851  1.672    4  0.000  0.463     0.00     0.00 -1         0      0.00 7.000e-01 2.990e-01 1.100e-03 5.880e-04 3.170e-03 -1.000 1.000e-03	-1.060	0.555	0.169	-0.742	-1.263	-1.744	-2.405	-2.952	-3.018
0.00082  1.20e+10  0.8191039562   0.747  2.374  3.6817  1.617    4  0.000  0.463     0.00     0.00 -1         0      0.00 7.000e-01 2.990e-01 1.100e-03 5.880e-04 3.170e-03 -1.000 1.000e-03	-1.164	0.524	0.103	-0.831	-1.362	-1.850	-2.522	-3.079	-3.146
0.00082  1.20e+10  0.8191166520   0.747  2.415  3.6783  1.562    4  0.000  0.463     0.00     0.00 -1         0      0.00 7.000e-01 2.990e-01 1.100e-03 5.880e-04 3.170e-03 -1.000 1.000e-03	-1.267	0.496	0.039	-0.918	-1.458	-1.953	-2.637	-3.204	-3.272
0.00082  1.20e+10  0.8191278577   0.748  2.456  3.6750  1.507    4  0.000  0.463     0.00     0.00 -1         0      0.00 7.000e-01 2.990e-01 1.100e-03 5.880e-04 3.170e-03 -1.000 1.000e-03	-1.370	0.471	-0.024	-1.004	-1.554	-2.056	-2.752	-3.328	-3.398
0.00082  1.20e+10  0.8191379309   0.748  2.497  3.6716  1.453    4  0.000  0.463     0.00     0.00 -1         0      0.00 7.000e-01 2.990e-01 1.100e-03 5.880e-04 3.170e-03 -1.000 1.000e-03	-1.473	0.451	-0.084	-1.090	-1.650	-2.159	-2.867	-3.453	-3.524
0.00082  1.20e+10  0.8191470504   0.748  2.538  3.6682  1.398    4  0.000  0.463     0.00     0.00 -1         0      0.00 7.000e-01 2.990e-01 1.100e-03 5.880e-04 3.170e-03 -1.000 1.000e-03	-1.576	0.435	-0.142	-1.174	-1.745	-2.261	-2.981	-3.578	-3.650
0.00082  1.20e+10  0.8191553950   0.748  2.579  3.6649  1.344    4  0.000  0.463     0.00     0.00 -1         0      0.00 7.000e-01 2.990e-01 1.100e-03 5.880e-04 3.170e-03 -1.000 1.000e-03	-1.678	0.425	-0.197	-1.256	-1.838	-2.362	-3.095	-3.701	-3.775
0.00082  1.20e+10  0.8191632628   0.748  2.621  3.6614  1.289    4  0.000  0.463     0.00     0.00 -1         0      0.00 7.000e-01 2.990e-01 1.100e-03 5.880e-04 3.170e-03 -1.000 1.000e-03	-1.782	0.418	-0.251	-1.338	-1.933	-2.465	-3.211	-3.827	-3.902
0.00082  1.20e+10  0.8191705346   0.748  2.662  3.6580  1.234    4  0.000  0.463     0.00     0.00 -1         0      0.00 7.000e-01 2.990e-01 1.100e-03 5.880e-04 3.170e-03 -1.000 9.999e-04	-1.884	0.416	-0.302	-1.419	-2.026	-2.566	-3.325	-3.952	-4.028
0.00082  1.20e+10  0.8191774487   0.748  2.703  3.6545  1.179    4  0.000  0.463     0.00     0.00 -1         0      0.00 7.000e-01 2.990e-01 1.100e-03 5.880e-04 3.170e-03 -1.000 1.000e-03	-1.986	0.416	-0.352	-1.499	-2.119	-2.667	-3.439	-4.076	-4.154
0.00082  1.20e+10  0.8191842437   0.748  2.744  3.6511  1.124    4  0.000  0.463     0.00     0.00 -1         0      0.00 7.000e-01 2.990e-01 1.100e-03 5.880e-04 3.170e-03 -1.000 1.000e-03	-2.089	0.425	-0.397	-1.575	-2.208	-2.765	-3.552	-4.200	-4.280
0.00082  1.20e+10  0.8191907406   0.748  2.785  3.6475  1.069    4  0.000  0.463     0.00     0.00 -1         0      0.00 7.000e-01 2.990e-01 1.100e-03 5.880e-04 3.170e-03 -1.000 1.000e-03	-2.193	0.439	-0.441	-1.651	-2.298	-2.864	-3.667	-4.326	-4.407
0.00082  1.20e+10  0.8191965222   0.748  2.826  3.6440  1.014    4  0.000  0.463     0.00     0.00 -1         0      0.00 7.000e-01 2.990e-01 1.100e-03 5.880e-04 3.170e-03 -1.000 1.000e-03	-2.295	0.455	-0.482	-1.724	-2.386	-2.962	-3.779	-4.449	-4.533
0.00082  1.20e+10  0.8192018270   0.748  2.868  3.6403  0.957    4  0.000  0.463     0.00     0.00 -1         0      0.00 7.000e-01 2.990e-01 1.100e-03 5.880e-04 3.170e-03 -1.000 1.000e-03	-2.400	0.485	-0.518	-1.798	-2.476	-3.063	-3.896	-4.577	-4.664
0.00082  1.20e+10  0.8192060590   0.748  2.911  3.6366  0.900    4  0.000  0.463     0.00     0.00 -1         0      0.00 7.000e-01 2.990e-01 1.100e-03 5.880e-04 3.170e-03 -1.000 1.000e-03	-2.506	0.526	-0.548	-1.867	-2.564	-3.162	-4.012	-4.705	-4.795
0.00082  1.20e+10  0.8192092776   0.748  2.952  3.6330  0.844    4  0.000  0.463     0.00     0.00 -1         0      0.00 7.000e-01 2.990e-01 1.100e-03 5.880e-04 3.170e-03 -1.000 1.000e-03	-2.609	0.573	-0.573	-1.932	-2.647	-3.257	-4.125	-4.830	-4.922
0.00082  1.20e+10  0.8192121983   0.748  2.992  3.6295  0.790    4  0.000  0.463     0.00     0.00 -1         0      0.00 7.000e-01 2.990e-01 1.100e-03 5.880e-04 3.170e-03 -1.000 1.000e-03	-2.709	0.621	-0.597	-1.995	-2.729	-3.350	-4.235	-4.951	-5.046
0.00082  1.20e+10  0.8192149997   0.748  3.032  3.6259  0.735    4  0.000  0.463     0.00     0.00 -1         0      0.00 7.000e-01 2.990e-01 1.100e-03 5.880e-04 3.170e-03 -1.000 1.000e-03	-2.810	0.674	-0.619	-2.058	-2.811	-3.445	-4.347	-5.074	-5.172
0.00082  1.20e+10  0.8192173839   0.748  3.071  3.6224  0.683    4  0.000  0.463     0.00     0.00 -1         0      0.00 7.000e-01 2.990e-01 1.100e-03 5.880e-04 3.170e-03 -1.000 1.000e-03	-2.907	0.729	-0.636	-2.113	-2.885	-3.532	-4.451	-5.191	-5.292
0.00082  1.20e+10  0.8192192316   0.748  3.099  3.6199  0.644    4  0.000  0.463     0.00     0.00 -1         0      0.00 7.000e-01 2.990e-01 1.100e-03 5.880e-04 3.170e-03 -1.000 1.000e-03	-2.977	0.769	-0.647	-2.152	-2.940	-3.595	-4.528	-5.276	-5.379
0.00082  1.20e+10  0.8192195892   0.748  3.127  3.6173  0.605    4  0.000  0.463     0.00     0.00 -1         0      0.00 7.000e-01 2.990e-01 1.100e-03 5.880e-04 3.170e-03 -1.000 1.000e-03	-3.049	0.815	-0.656	-2.191	-2.994	-3.659	-4.605	-5.362	-5.468
0.00082  1.20e+10  0.8192201257   0.748  3.157  3.6145  0.565    4  0.523  0.463     0.00     0.00 -1         0      0.00 7.000e-01 2.990e-01 1.100e-03 5.880e-04 3.170e-03 -1.000 1.000e-03	-3.122	0.865	-0.665	-2.231	-3.049	-3.724	-4.685	-5.451	-5.560
0.00082  1.20e+10  0.8192201853   0.748  3.157  3.6117  0.554    8  0.523  0.452    51.08    27.12  1 -1.97e-07      0.00 7.401e-01 2.591e-01 1.264e-04 7.322e-05 3.714e-04 -1.000 8.520e-04	-3.122	0.964	-0.609	-2.199	-3.030	-3.715	-4.690	-5.467	-5.579
0.00082  1.20e+10  0.8192202449   0.747  2.923  3.6321  0.868    8  0.523  0.454    25.90    15.07  1 -8.13e-08      0.00 7.401e-01 2.591e-01 1.264e-04 7.322e-05 3.714e-04 -1.000 8.520e-04	-2.538	0.648	-0.498	-1.856	-2.572	-3.183	-4.055	-4.764	-4.856
0.00082  1.20e+10  0.8192203641   0.746  2.772  3.6454  1.072    8  0.523  0.454    16.68    10.29  1 -4.91e-08      0.00 7.401e-01 2.591e-01 1.264e-04 7.322e-05 3.714e-04 -1.000 8.520e-04	-2.159	0.524	-0.378	-1.601	-2.255	-2.827	-3.638	-4.304	-4.388
0.00082  1.20e+10  0.8192205429   0.743  2.590  3.6612  1.315    8  0.523  0.454     9.88     6.53  1 -2.88e-08      0.00 7.401e-01 2.591e-01 1.264e-04 7.322e-05 3.714e-04 -1.000 8.520e-04	-1.706	0.487	-0.177	-1.262	-1.856	-2.388	-3.135	-3.752	-3.828
0.00082  1.20e+10  0.8192207813   0.739  2.602  3.6601  1.297    8  0.523  0.454    10.27     6.74  1 -2.99e-08      0.00 7.401e-01 2.591e-01 1.264e-04 7.322e-05 3.714e-04 -1.000 8.520e-04	-1.735	0.489	-0.190	-1.285	-1.882	-2.417	-3.168	-3.788	-3.864
0.00082  1.20e+10  0.8192211390   0.734  2.724  3.6495  1.130    8  0.524  0.454    14.73     9.18  1 -4.31e-08      0.00 7.401e-01 2.591e-01 1.264e-04 7.322e-05 3.714e-04 -1.000 8.520e-04	-2.039	0.511	-0.326	-1.514	-2.151	-2.712	-3.506	-4.159	-4.240
0.00082  1.20e+10  0.8192214966   0.729  2.906  3.6334  0.880    8  0.524  0.454    25.26    14.58  1 -7.91e-08      0.00 7.401e-01 2.591e-01 1.264e-04 7.322e-05 3.714e-04 -1.000 8.520e-04	-2.495	0.645	-0.479	-1.825	-2.535	-3.143	-4.008	-4.713	-4.804
0.00082  1.20e+10  0.8192219734   0.722  3.062  3.6196  0.665    8  0.524  0.454    40.25    21.71  1 -1.42e-07      0.00 7.401e-01 2.591e-01 1.264e-04 7.322e-05 3.714e-04 -1.000 8.520e-04	-2.886	0.852	-0.559	-2.060	-2.847	-3.502	-4.436	-5.186	-5.289
0.00082  1.20e+10  0.8192225099   0.715  3.168  3.6102  0.517    8  0.524  0.454    55.40    28.47  1 -2.21e-07      0.00 7.401e-01 2.591e-01 1.264e-04 7.322e-05 3.714e-04 -1.000 8.520e-04	-3.150	1.017	-0.594	-2.205	-3.047	-3.738	-4.722	-5.504	-5.618
0.00082  1.20e+10  0.8192231059   0.706  3.230  3.6046  0.427    8  0.525  0.454    67.27    33.45  1 -2.92e-07      0.00 7.401e-01 2.591e-01 1.264e-04 7.322e-05 3.714e-04 -1.000 8.520e-04	-3.306	1.129	-0.597	-2.275	-3.157	-3.874	-4.889	-5.690	-5.811
0.00082  1.20e+10  0.8192238212   0.697  3.267  3.6012  0.372    8  0.525  0.454    75.91    36.87  1 -3.49e-07      0.00 7.401e-01 2.591e-01 1.264e-04 7.322e-05 3.714e-04 -1.000 8.520e-04	-3.397	1.204	-0.592	-2.313	-3.219	-3.954	-4.987	-5.800	-5.925
0.00082  1.20e+10  0.8192245364   0.687  3.294  3.5987  0.328    8  0.526  0.452    83.62    39.74  1 -4.03e-07      0.00 7.401e-01 2.591e-01 1.264e-04 7.322e-05 3.714e-04 -1.000 8.520e-04	-3.465	1.264	-0.585	-2.340	-3.266	-4.013	-5.061	-5.884	-6.011
0.00082  1.20e+10  0.8192245364   0.687  3.112  3.6149  0.575    8  0.526  0.454    49.06    25.05  1 -1.87e-07      0.00 7.401e-01 2.591e-01 1.264e-04 7.322e-05 3.714e-04 -1.000 8.520e-04	-3.009	0.958	-0.561	-2.122	-2.938	-3.612	-4.571	-5.336	-5.444
0.00082  1.20e+10  0.8192246556   0.685  2.916  3.6323  0.839    8  0.526  0.454    27.77    15.30  1 -8.97e-08      0.00 7.401e-01 2.591e-01 1.264e-04 7.322e-05 3.714e-04 -1.000 8.520e-04	-2.521	0.684	-0.473	-1.838	-2.556	-3.168	-4.039	-4.746	-4.838
0.00082  1.20e+10  0.8192247748   0.682  2.732  3.6490  1.088    8  0.526  0.454    16.22     9.59  1 -4.89e-08      0.00 7.401e-01 2.591e-01 1.264e-04 7.322e-05 3.714e-04 -1.000 8.520e-04	-2.060	0.523	-0.333	-1.530	-2.171	-2.733	-3.529	-4.183	-4.264
0.00082  1.20e+10  0.8192249537   0.679  2.739  3.6489  1.078    8  0.526  0.454    16.60     9.75  1 -5.08e-08      0.00 7.401e-01 2.591e-01 1.264e-04 7.322e-05 3.714e-04 -1.000 8.520e-04	-2.078	0.513	-0.347	-1.547	-2.189	-2.752	-3.549	-4.203	-4.284
0.00082  1.20e+10  0.8192252517   0.674  2.854  3.6394  0.922    8  0.526  0.454    23.24    12.98  1 -7.52e-08      0.00 7.401e-01 2.591e-01 1.264e-04 7.322e-05 3.714e-04 -1.000 8.520e-04	-2.365	0.572	-0.457	-1.751	-2.436	-3.026	-3.864	-4.548	-4.635
0.00082  1.20e+10  0.8192255497   0.668  3.027  3.6249  0.688    8  0.526  0.454    38.61    20.01  1 -1.44e-07      0.00 7.401e-01 2.591e-01 1.264e-04 7.322e-05 3.714e-04 -1.000 8.520e-04	-2.797	0.760	-0.570	-2.029	-2.791	-3.430	-4.337	-5.068	-5.166
0.00082  1.20e+10  0.8192258477   0.662  3.173  3.6128  0.489    8  0.526  0.454    59.43    28.85  1 -2.64e-07      0.00 7.401e-01 2.591e-01 1.264e-04 7.322e-05 3.714e-04 -1.000 8.520e-04	-3.164	0.955	-0.640	-2.243	-3.077	-3.762	-4.734	-5.504	-5.615
0.00082  1.20e+10  0.8192262650   0.654  3.269  3.6054  0.358    8  0.527  0.454    78.91    36.55  1 -4.09e-07      0.00 7.401e-01 2.591e-01 1.264e-04 7.322e-05 3.714e-04 -1.000 8.520e-04	-3.403	1.090	-0.664	-2.365	-3.255	-3.976	-4.990	-5.785	-5.905
0.00082  1.20e+10  0.8192266822   0.646  3.321  3.6020  0.287    8  0.527  0.454    92.22    41.40  1  -5.3e-07      0.00 7.401e-01 2.591e-01 1.264e-04 7.322e-05 3.714e-04 -1.000 8.520e-04	-3.532	1.147	-0.685	-2.436	-3.354	-4.093	-5.127	-5.934	-6.058
0.00082  1.20e+10  0.8192272186   0.637  3.346  3.6010  0.252    8  0.527  0.454    99.94    43.84  0 -6.16e-07      0.00 7.401e-01 2.591e-01 1.264e-04 7.322e-05 3.714e-04 -1.000 8.521e-04	-3.595	1.155	-0.708	-2.479	-3.408	-4.154	-5.194	-6.003	-6.129
0.00082  1.20e+10  0.8192277551   0.627  3.362  3.6010  0.230    8  0.528  0.452   105.37    45.22  0 -6.88e-07      0.00 7.401e-01 2.591e-01 1.264e-04 7.322e-05 3.714e-04 -1.000 8.521e-04	-3.634	1.141	-0.733	-2.512	-3.445	-4.193	-5.234	-6.042	-6.168
0.00082  1.20e+10  0.8192277551   0.627  3.185  3.6168  0.469    8  0.528  0.454    62.91    28.93  1  -3.2e-07      0.00 7.401e-01 2.591e-01 1.264e-04 7.322e-05 3.714e-04 -1.000 8.521e-04	-3.193	0.822	-0.729	-2.311	-3.132	-3.806	-4.758	-5.512	-5.619
0.00082  1.20e+10  0.8192278147   0.625  2.990  3.6345  0.734    8  0.528  0.454    35.50    17.61  1 -1.48e-07      0.00 7.401e-01 2.591e-01 1.264e-04 7.322e-05 3.714e-04 -1.000 8.521e-04	-2.704	0.525	-0.653	-2.029	-2.749	-3.360	-4.222	-4.919	-5.009
0.00082  1.20e+10  0.8192278743   0.623  2.802  3.6516  0.989    8  0.528  0.454    20.53    10.93  1 -7.74e-08      0.00 7.401e-01 2.591e-01 1.264e-04 7.322e-05 3.714e-04 -1.000 8.521e-04	-2.235	0.334	-0.524	-1.720	-2.358	-2.916	-3.702	-4.345	-4.424
0.00082  1.20e+10  0.8192279935   0.620  2.805  3.6518  0.984    8  0.528  0.454    20.78    10.98  1 -7.93e-08      0.00 7.401e-01 2.591e-01 1.264e-04 7.322e-05 3.714e-04 -1.000 8.521e-04	-2.243	0.322	-0.535	-1.730	-2.367	-2.926	-3.710	-4.352	-4.431
0.00082  1.20e+10  0.8192281127   0.616  2.914  3.6429  0.838    8  0.528  0.454    28.59    14.37  1 -1.17e-07      0.00 7.401e-01 2.591e-01 1.264e-04 7.322e-05 3.714e-04 -1.000 8.520e-04	-2.514	0.391	-0.632	-1.921	-2.601	-3.185	-4.009	-4.678	-4.762
0.00082  1.20e+10  0.8192282319   0.611  3.078  3.6292  0.615    8  0.528  0.454    46.38    21.64  1 -2.21e-07      0.00 7.401e-01 2.591e-01 1.264e-04 7.322e-05 3.714e-04 -1.000 8.520e-04	-2.925	0.567	-0.741	-2.189	-2.942	-3.572	-4.460	-5.172	-5.267
0.00082  1.20e+10  0.8192284107   0.606  3.215  3.6180  0.429    8  0.528  0.454    69.62    30.41  1 -3.98e-07      0.00 7.401e-01 2.591e-01 1.264e-04 7.322e-05 3.714e-04 -1.000 8.520e-04	-3.268	0.756	-0.800	-2.389	-3.212	-3.886	-4.834	-5.582	-5.688
0.00082  1.20e+10  0.8192285895   0.599  3.301  3.6114  0.312    8  0.528  0.454    90.07    37.48  1 -5.95e-07      0.00 7.401e-01 2.591e-01 1.264e-04 7.322e-05 3.714e-04 -1.000 8.520e-04	-3.484	0.882	-0.826	-2.507	-3.378	-4.083	-5.068	-5.836	-5.949
0.00082  1.20e+10  0.8192288280   0.592  3.343  3.6090  0.256    8  0.529  0.454   102.49    41.20  0 -7.39e-07      0.00 7.401e-01 2.591e-01 1.264e-04 7.322e-05 3.714e-04 -1.000 8.520e-04	-3.588	0.916	-0.851	-2.569	-3.461	-4.179	-5.178	-5.954	-6.070
0.00082  1.20e+10  0.8192290664   0.585  3.358  3.6092  0.236    8  0.529  0.454   108.04    42.21  0 -8.19e-07      0.00 7.401e-01 2.591e-01 1.264e-04 7.322e-05 3.714e-04 -1.000 8.520e-04	-3.625	0.898	-0.878	-2.603	-3.498	-4.217	-5.217	-5.991	-6.107
0.00082  1.20e+10  0.8192293644   0.577  3.362  3.6104  0.230    8  0.529  0.452   110.71    41.97  0 -8.67e-07      0.00 7.401e-01 2.591e-01 1.264e-04 7.322e-05 3.714e-04 -1.000 8.520e-04	-3.635	0.857	-0.908	-2.627	-3.517	-4.232	-5.226	-5.995	-6.110
0.00082  1.20e+10  0.8192293644   0.576  3.191  3.6259  0.463    8  0.529  0.454    67.05    27.16  1 -4.13e-07      0.00 7.401e-01 2.591e-01 1.264e-04 7.322e-05 3.714e-04 -1.000 8.520e-04	-3.207	0.528	-0.903	-2.421	-3.204	-3.851	-4.758	-5.477	-5.575
0.00082  1.20e+10  0.8192294240   0.575  2.995  3.6441  0.731    8  0.529  0.454    37.67    16.43  1 -1.91e-07      0.00 7.401e-01 2.591e-01 1.264e-04 7.322e-05 3.714e-04 -1.000 8.520e-04	-2.717	0.231	-0.820	-2.125	-2.809	-3.395	-4.214	-4.876	-4.959
0.00082  1.20e+10  0.8192295432   0.573  2.805  3.6623  0.992    8  0.529  0.454    21.54    10.07  1    -1e-07      0.00 7.401e-01 2.591e-01 1.264e-04 7.322e-05 3.714e-04 -1.000 8.520e-04	-2.243	0.059	-0.679	-1.797	-2.401	-2.936	-3.679	-4.287	-4.361
0.00082  1.20e+10  0.8192296624   0.571  2.806  3.6639  0.996    8  0.529  0.454    21.48     9.94  1 -1.04e-07      0.00 7.401e-01 2.591e-01 1.264e-04 7.322e-05 3.714e-04 -1.000 8.520e-04	-2.246	0.014	-0.704	-1.810	-2.408	-2.940	-3.677	-4.279	-4.353
0.00082  1.20e+10  0.8192297816   0.567  2.910  3.6569  0.861    8  0.530  0.454    28.93    12.68  1 -1.53e-07      0.00 7.401e-01 2.591e-01 1.264e-04 7.322e-05 3.714e-04 -1.000 8.520e-04	-2.506	0.003	-0.838	-2.020	-2.649	-3.200	-3.964	-4.586	-4.662
0.00082  1.20e+10  0.8192300200   0.564  3.069  3.6455  0.654    8  0.530  0.454    45.70    18.48  1 -2.85e-07      0.00 7.401e-01 2.591e-01 1.264e-04 7.322e-05 3.714e-04 -1.000 8.520e-04	-2.903	0.061	-1.004	-2.315	-3.001	-3.587	-4.400	-5.055	-5.137
0.00082  1.20e+10  0.8192301989   0.559  3.201  3.6369  0.484    8  0.530  0.454    66.71    25.01  1 -5.07e-07      0.00 7.401e-01 2.591e-01 1.264e-04 7.322e-05 3.714e-04 -1.000 8.520e-04	-3.232	0.126	-1.133	-2.555	-3.289	-3.904	-4.758	-5.438	-5.526
0.00082  1.20e+10  0.8192304969   0.554  3.281  3.6334  0.386    8  0.530  0.454    84.02    29.53  1 -7.48e-07      0.00 7.401e-01 2.591e-01 1.264e-04 7.322e-05 3.714e-04 -1.000 8.520e-04	-3.433	0.135	-1.223	-2.705	-3.468	-4.100	-4.973	-5.662	-5.753
0.00082  1.20e+10  0.8192307949   0.548  3.317  3.6343  0.349    8  0.530  0.454    93.38    30.86  1 -9.23e-07      0.00 7.401e-01 2.591e-01 1.264e-04 7.322e-05 3.714e-04 -1.000 8.520e-04	-3.522	0.051	-1.311	-2.798	-3.562	-4.193	-5.063	-5.747	-5.838
0.00082  1.20e+10  0.8192310929   0.542  3.326  3.6381  0.351    8  0.530  0.454    97.19    29.64  1 -1.02e-06      0.00 7.401e-01 2.591e-01 1.264e-04 7.322e-05 3.714e-04 -1.000 8.520e-04	-3.544	-0.099	-1.403	-2.857	-3.604	-4.225	-5.076	-5.746	-5.834
0.00082  1.20e+10  0.8192314506   0.535  3.323  3.6433  0.369    8  0.530  0.452   102.40    26.60  1 -1.08e-06      0.00 7.401e-01 2.591e-01 1.264e-04 7.322e-05 3.714e-04 -1.000 8.520e-04	-3.537	-0.284	-1.500	-2.901	-3.624	-4.229	-5.055	-5.708	-5.792
0.00082  1.20e+10  0.8192321062   0.535 -9.999  4.0382  1.971    9  0.535  0.029     0.00     0.00 -1         0      0.00 7.401e-01 2.591e-01 1.264e-04 7.322e-05 3.714e-04 -1.000 8.520e-04	29.767	29.837	30.224	30.287	30.286	30.294	30.381	30.390	30.413
