# File generated by CMD 2.9 (http://stev.oapd.inaf.it/cmd) on Wed Feb  1 10:12:18 CET 2017
# isochrones PARSEC release v1.2S + COLIBRI release PR16, as in Marigo et al. 2017
# Basic reference: Marigo et al. (2017), ApJ, 835, 77
# Photometric system: <i>UBVRIJHK</i> (cf. Maiz-Apellaniz 2006 + Bessell 1990)
# Kind of output: isochrone tables
# Zini Age Mini  Mass   logL    logTe  logg  label   McoreTP C_O period0 period1 pmode  Mloss  tau1m  X   Y   Xc  Xn  Xo  Cexcess  Z	mbolmag  Umag    Bmag    Vmag    Rmag    Imag    Jmag    Hmag    Kmag 
0.00038  1.20e+10  0.0900000036   0.090 -3.188  3.4787  5.447    0  0.000  0.463     0.00     0.00 -1  5.14e-17      0.00 7.000e-01 2.990e-01 1.100e-03 5.880e-04 3.170e-03 -1.000 1.000e-03	12.740	21.236	17.319	15.083	13.615	12.107	10.830	10.397	10.354
0.00038  1.20e+10  0.0957064480   0.096 -3.003  3.5053  5.396    0  0.000  0.463     0.00     0.00 -1  8.09e-17      0.00 7.000e-01 2.990e-01 1.100e-03 5.880e-04 3.170e-03 -1.000 1.000e-03	12.279	19.269	16.237	14.160	12.907	11.653	10.462	9.944	9.825
0.00038  1.20e+10  0.1000000089   0.100 -2.872  3.5243  5.359    0  0.000  0.463     0.00     0.00 -1  1.12e-16      0.00 7.000e-01 2.990e-01 1.100e-03 5.880e-04 3.170e-03 -1.000 1.000e-03	11.950	17.999	15.501	13.561	12.414	11.321	10.193	9.638	9.482
0.00038  1.20e+10  0.1199999973   0.120 -2.584  3.5553  5.274    0  0.000  0.463     0.00     0.00 -1  2.19e-16      0.00 7.000e-01 2.990e-01 1.100e-03 5.880e-04 3.170e-03 -1.000 1.000e-03	11.229	16.012	14.174	12.491	11.463	10.588	9.563	8.985	8.792
0.00038  1.20e+10  0.1400000006   0.140 -2.401  3.5705  5.219    0  0.000  0.463     0.00     0.00 -1  3.28e-16      0.00 7.000e-01 2.990e-01 1.100e-03 5.880e-04 3.170e-03 -1.000 1.000e-03	10.773	15.077	13.460	11.899	10.923	10.124	9.149	8.572	8.371
0.00038  1.20e+10  0.1599999964   0.160 -2.258  3.5805  5.174    0  0.000  0.463     0.00     0.00 -1         0      0.00 7.000e-01 2.990e-01 1.100e-03 5.880e-04 3.170e-03 -1.000 1.000e-03	10.416	14.382	12.961	11.468	10.519	9.751	8.797	8.222	8.029
0.00038  1.20e+10  0.2000000179   0.200 -2.037  3.5934  5.102    0  0.000  0.463     0.00     0.00 -1         0      0.00 7.000e-01 2.990e-01 1.100e-03 5.880e-04 3.170e-03 -1.000 1.000e-03	9.862	13.157	12.111	10.759	9.884	9.172	8.269	7.696	7.515
0.00038  1.20e+10  0.2229034305   0.223 -1.938  3.5988  5.072    0  0.000  0.463     0.00     0.00 -1         0      0.00 7.000e-01 2.990e-01 1.100e-03 5.880e-04 3.170e-03 -1.000 1.000e-03	9.616	12.629	11.735	10.443	9.603	8.914	8.036	7.464	7.289
0.00038  1.20e+10  0.2500000000   0.250 -1.834  3.6045  5.040    0  0.000  0.463     0.00     0.00 -1         0      0.00 7.000e-01 2.990e-01 1.100e-03 5.880e-04 3.170e-03 -1.000 1.000e-03	9.355	12.261	11.405	10.145	9.327	8.652	7.791	7.220	7.046
0.00038  1.20e+10  0.3000000417   0.300 -1.679  3.6132  4.999    0  0.000  0.463     0.00     0.00 -1         0      0.00 7.000e-01 2.990e-01 1.100e-03 5.880e-04 3.170e-03 -1.000 1.000e-03	8.967	11.711	10.913	9.700	8.916	8.263	7.428	6.858	6.687
0.00038  1.20e+10  0.3296348751   0.330 -1.602  3.6178  4.981    0  0.000  0.463     0.00     0.00 -1         0      0.00 7.000e-01 2.990e-01 1.100e-03 5.880e-04 3.170e-03 -1.000 1.000e-03	8.775	11.434	10.666	9.478	8.713	8.071	7.249	6.679	6.511
0.00038  1.20e+10  0.3499999940   0.350 -1.553  3.6208  4.970    0  0.000  0.463     0.00     0.00 -1  1.95e-15      0.00 7.000e-01 2.990e-01 1.100e-03 5.880e-04 3.170e-03 -1.000 1.000e-03	8.652	11.258	10.509	9.336	8.583	7.948	7.134	6.565	6.399
0.00038  1.20e+10  0.3869972527   0.387 -1.449  3.6288  4.942    0  0.000  0.463     0.00     0.00 -1  2.43e-15      0.00 7.000e-01 2.990e-01 1.100e-03 5.880e-04 3.170e-03 -1.000 1.000e-03	8.392	10.854	10.157	9.024	8.302	7.688	6.896	6.329	6.169
0.00038  1.20e+10  0.4000000358   0.400 -1.414  3.6315  4.932    0  0.000  0.463     0.00     0.00 -1  2.62e-15      0.00 7.000e-01 2.990e-01 1.100e-03 5.880e-04 3.170e-03 -1.000 1.000e-03	8.306	10.722	10.042	8.922	8.210	7.602	6.817	6.252	6.095
0.00038  1.20e+10  0.4500000477   0.450 -1.245  3.6493  4.885    0  0.000  0.463     0.00     0.00 -1  3.85e-15      0.00 7.000e-01 2.990e-01 1.100e-03 5.880e-04 3.170e-03 -1.000 1.000e-03	7.882	9.991	9.426	8.387	7.741	7.178	6.442	5.892	5.755
0.00038  1.20e+10  0.5000000000   0.500 -1.055  3.6732  4.837    0  0.000  0.463     0.00     0.00 -1  5.98e-15      0.00 7.000e-01 2.990e-01 1.100e-03 5.880e-04 3.170e-03 -1.000 1.000e-03	7.407	9.100	8.718	7.783	7.216	6.708	6.040	5.527	5.414
0.00038  1.20e+10  0.5500000715   0.550 -0.843  3.6970  4.761    0  0.000  0.463     0.00     0.00 -1  1.01e-14      0.00 7.000e-01 2.990e-01 1.100e-03 5.880e-04 3.170e-03 -1.000 1.000e-03	6.877	8.167	7.983	7.151	6.651	6.190	5.592	5.124	5.031
0.00038  1.20e+10  0.6000000238   0.600 -0.633  3.7241  4.697    0  0.000  0.463     0.00     0.00 -1  1.69e-14      0.00 7.000e-01 2.990e-01 1.100e-03 5.880e-04 3.170e-03 -1.000 1.000e-03	6.352	7.248	7.264	6.554	6.114	5.701	5.176	4.760	4.687
0.00038  1.20e+10  0.6103379726   0.610 -0.588  3.7305  4.685    0  0.000  0.463     0.00     0.00 -1  1.89e-14      0.00 7.000e-01 2.990e-01 1.100e-03 5.880e-04 3.170e-03 -1.000 1.000e-03	6.239	7.057	7.111	6.430	6.003	5.600	5.091	4.685	4.617
0.00038  1.20e+10  0.6214536428   0.621 -0.539  3.7372  4.671    0  0.000  0.463     0.00     0.00 -1         0      0.00 7.000e-01 2.990e-01 1.100e-03 5.880e-04 3.170e-03 -1.000 1.000e-03	6.116	6.850	6.945	6.296	5.882	5.490	4.998	4.604	4.541
0.00038  1.20e+10  0.6322066188   0.632 -0.491  3.7437  4.656    0  0.000  0.463     0.00     0.00 -1         0      0.00 7.000e-01 2.990e-01 1.100e-03 5.880e-04 3.170e-03 -1.000 1.000e-03	5.997	6.664	6.790	6.169	5.768	5.386	4.909	4.524	4.466
0.00038  1.20e+10  0.6421993375   0.642 -0.446  3.7496  4.642    0  0.000  0.463     0.00     0.00 -1         0      0.00 7.000e-01 2.990e-01 1.100e-03 5.880e-04 3.170e-03 -1.000 1.000e-03	5.885	6.492	6.647	6.051	5.661	5.289	4.825	4.449	4.395
0.00038  1.20e+10  0.6499999762   0.650 -0.411  3.7541  4.630    0  0.000  0.463     0.00     0.00 -1  2.93e-14      0.00 7.000e-01 2.990e-01 1.100e-03 5.880e-04 3.170e-03 -1.000 1.000e-03	5.797	6.362	6.535	5.958	5.577	5.212	4.758	4.389	4.339
0.00038  1.20e+10  0.6579999328   0.658 -0.374  3.7584  4.616    0  0.000  0.463     0.00     0.00 -1  3.21e-14      0.00 7.000e-01 2.990e-01 1.100e-03 5.880e-04 3.170e-03 -1.000 1.000e-03	5.706	6.234	6.423	5.863	5.490	5.132	4.688	4.325	4.278
0.00038  1.20e+10  0.6700688601   0.670 -0.318  3.7648  4.594    0  0.000  0.463     0.00     0.00 -1  3.72e-14      0.00 7.000e-01 2.990e-01 1.100e-03 5.880e-04 3.170e-03 -1.000 1.000e-03	5.565	6.041	6.253	5.718	5.357	5.008	4.579	4.226	4.183
0.00038  1.20e+10  0.6811560988   0.681 -0.266  3.7706  4.571    0  0.000  0.463     0.00     0.00 -1         0      0.00 7.000e-01 2.990e-01 1.100e-03 5.880e-04 3.170e-03 -1.000 1.000e-03	5.434	5.869	6.096	5.583	5.231	4.892	4.475	4.131	4.093
0.00038  1.20e+10  0.6917274594   0.692 -0.214  3.7759  4.547    0  0.000  0.463     0.00     0.00 -1         0      0.00 7.000e-01 2.990e-01 1.100e-03 5.880e-04 3.170e-03 -1.000 1.000e-03	5.304	5.704	5.943	5.450	5.108	4.777	4.372	4.036	4.001
0.00038  1.20e+10  0.6999999881   0.700 -0.172  3.7800  4.527    0  0.000  0.463     0.00     0.00 -1  5.49e-14      0.00 7.000e-01 2.990e-01 1.100e-03 5.880e-04 3.170e-03 -1.000 1.000e-03	5.200	5.573	5.821	5.342	5.008	4.683	4.287	3.958	3.926
0.00038  1.20e+10  0.7023105025   0.702 -0.160  3.7811  4.521    0  0.000  0.463     0.00     0.00 -1  5.67e-14      0.00 7.000e-01 2.990e-01 1.100e-03 5.880e-04 3.170e-03 -1.000 1.000e-03	5.170	5.538	5.787	5.312	4.980	4.656	4.263	3.936	3.904
0.00038  1.20e+10  0.7119541764   0.712 -0.109  3.7856  4.493    0  0.000  0.463     0.00     0.00 -1  6.54e-14      0.00 7.000e-01 2.990e-01 1.100e-03 5.880e-04 3.170e-03 -1.000 1.000e-03	5.042	5.389	5.641	5.181	4.856	4.540	4.157	3.838	3.809
0.00038  1.20e+10  0.7204186916   0.720 -0.061  3.7895  4.467    0  0.000  0.463     0.00     0.00 -1  7.48e-14      0.00 7.000e-01 2.990e-01 1.100e-03 5.880e-04 3.170e-03 -1.000 1.000e-03	4.923	5.254	5.508	5.060	4.742	4.432	4.058	3.745	3.718
0.00038  1.20e+10  0.7287761569   0.729 -0.012  3.7932  4.437    0  0.000  0.463     0.00     0.00 -1  8.61e-14      0.00 7.000e-01 2.990e-01 1.100e-03 5.880e-04 3.170e-03 -1.000 1.000e-03	4.800	5.115	5.370	4.934	4.623	4.318	3.953	3.647	3.622
0.00038  1.20e+10  0.7359539866   0.736  0.032  3.7963  4.409    0  0.000  0.463     0.00     0.00 -1         0      0.00 7.000e-01 2.990e-01 1.100e-03 5.880e-04 3.170e-03 -1.000 1.000e-03	4.689	4.994	5.247	4.820	4.514	4.215	3.856	3.557	3.533
0.00038  1.20e+10  0.7429075837   0.743  0.078  3.7991  4.379    0  0.000  0.463     0.00     0.00 -1         0      0.00 7.000e-01 2.990e-01 1.100e-03 5.880e-04 3.170e-03 -1.000 1.000e-03	4.575	4.872	5.122	4.703	4.403	4.109	3.757	3.463	3.440
0.00038  1.20e+10  0.7498615384   0.749  0.126  3.8018  4.346    0  0.000  0.463     0.00     0.00 -1         0      0.00 7.000e-01 2.990e-01 1.100e-03 5.880e-04 3.170e-03 -1.000 1.000e-03	4.454	4.745	4.990	4.580	4.285	3.995	3.649	3.361	3.339
0.00038  1.20e+10  0.7500000000   0.750  0.127  3.8019  4.345    0  0.000  0.463     0.00     0.00 -1   1.3e-13      0.00 7.000e-01 2.990e-01 1.100e-03 5.880e-04 3.170e-03 -1.000 1.000e-03	4.452	4.742	4.988	4.577	4.282	3.993	3.647	3.359	3.337
0.00038  1.20e+10  0.7547230124   0.754  0.161  3.8038  4.321    0  0.000  0.463     0.00     0.00 -1  1.44e-13      0.00 7.000e-01 2.990e-01 1.100e-03 5.880e-04 3.170e-03 -1.000 1.000e-03	4.366	4.652	4.894	4.490	4.198	3.912	3.570	3.286	3.265
0.00038  1.20e+10  0.7612789869   0.761  0.212  3.8062  4.284    0  0.000  0.463     0.00     0.00 -1  1.68e-13      0.00 7.000e-01 2.990e-01 1.100e-03 5.880e-04 3.170e-03 -1.000 1.000e-03	4.239	4.519	4.756	4.359	4.073	3.790	3.454	3.176	3.156
0.00038  1.20e+10  0.7672778368   0.767  0.263  3.8080  4.244    0  0.000  0.463     0.00     0.00 -1  1.97e-13      0.00 7.000e-01 2.990e-01 1.100e-03 5.880e-04 3.170e-03 -1.000 1.000e-03	4.113	4.389	4.622	4.231	3.948	3.669	3.337	3.063	3.043
0.00038  1.20e+10  0.7728659511   0.772  0.313  3.8094  4.203    0  0.000  0.463     0.00     0.00 -1  2.31e-13      0.00 7.000e-01 2.990e-01 1.100e-03 5.880e-04 3.170e-03 -1.000 1.000e-03	3.989	4.264	4.490	4.104	3.824	3.547	3.219	2.948	2.929
0.00038  1.20e+10  0.7766943574   0.776  0.349  3.8099  4.171    0  0.000  0.463     0.00     0.00 -1   2.6e-13      0.00 7.000e-01 2.990e-01 1.100e-03 5.880e-04 3.170e-03 -1.000 1.000e-03	3.899	4.175	4.396	4.012	3.734	3.458	3.132	2.862	2.843
0.00038  1.20e+10  0.7780798674   0.777  0.363  3.8098  4.157    0  0.000  0.463     0.00     0.00 -1  2.74e-13      0.00 7.000e-01 2.990e-01 1.100e-03 5.880e-04 3.170e-03 -1.000 1.000e-03	3.863	4.139	4.360	3.976	3.697	3.422	3.095	2.825	2.806
0.00038  1.20e+10  0.7834639549   0.782  0.422  3.8085  4.095    0  0.000  0.463     0.00     0.00 -1  3.34e-13      0.00 7.000e-01 2.990e-01 1.100e-03 5.880e-04 3.170e-03 -1.000 1.000e-03	3.714	3.997	4.212	3.827	3.546	3.269	2.939	2.667	2.648
0.00038  1.20e+10  0.7875557542   0.786  0.475  3.8054  4.033    0  0.000  0.463     0.00     0.00 -1  4.03e-13      0.00 7.000e-01 2.990e-01 1.100e-03 5.880e-04 3.170e-03 -1.000 1.000e-03	3.584	3.879	4.090	3.697	3.412	3.131	2.793	2.515	2.495
0.00038  1.20e+10  0.7882531285   0.787  0.484  3.8046  4.020    0  0.000  0.463     0.00     0.00 -1  4.21e-13      0.00 7.000e-01 2.990e-01 1.100e-03 5.880e-04 3.170e-03 -1.000 1.000e-03	3.559	3.857	4.067	3.673	3.387	3.104	2.765	2.485	2.464
0.00038  1.20e+10  0.7889345884   0.788  0.495  3.8034  4.005    0  0.000  0.463     0.00     0.00 -1  4.39e-13      0.00 7.000e-01 2.990e-01 1.100e-03 5.880e-04 3.170e-03 -1.000 1.000e-03	3.533	3.835	4.045	3.648	3.359	3.075	2.733	2.451	2.430
0.00038  1.20e+10  0.7912214398   0.790  0.532  3.7986  3.949    0  0.000  0.463     0.00     0.00 -1  5.07e-13      0.00 7.000e-01 2.990e-01 1.100e-03 5.880e-04 3.170e-03 -1.000 1.000e-03	3.439	3.758	3.965	3.557	3.260	2.968	2.615	2.324	2.301
0.00038  1.20e+10  0.7929663062   0.792  0.565  3.7928  3.894    0  0.000  0.463     0.00     0.00 -1  5.81e-13      0.00 7.000e-01 2.990e-01 1.100e-03 5.880e-04 3.170e-03 -1.000 9.999e-04	3.356	3.697	3.902	3.478	3.172	2.871	2.504	2.201	2.176
0.00038  1.20e+10  0.7943299413   0.793  0.595  3.7856  3.837    0  0.000  0.463     0.00     0.00 -1  6.65e-13      0.00 7.000e-01 2.990e-01 1.100e-03 5.880e-04 3.170e-03 -1.000 1.000e-03	3.282	3.653	3.853	3.410	3.092	2.780	2.395	2.078	2.050
0.00038  1.20e+10  0.7954274416   0.794  0.621  3.7783  3.782    0  0.000  0.463     0.00     0.00 -1         0      0.00 7.000e-01 2.990e-01 1.100e-03 5.880e-04 3.170e-03 -1.000 1.000e-03	3.217	3.622	3.816	3.352	3.021	2.698	2.295	1.962	1.932
0.00038  1.20e+10  0.7963469625   0.795  0.645  3.7709  3.729    0  0.000  0.463     0.00     0.00 -1         0      0.00 7.000e-01 2.990e-01 1.100e-03 5.880e-04 3.170e-03 -1.000 1.000e-03	3.158	3.605	3.788	3.300	2.957	2.622	2.200	1.853	1.819
0.00038  1.20e+10  0.7971571088   0.796  0.669  3.7637  3.677    0  0.000  0.463     0.00     0.00 -1         0      0.00 7.000e-01 2.990e-01 1.100e-03 5.880e-04 3.170e-03 -1.000 1.000e-03	3.098	3.588	3.759	3.248	2.892	2.545	2.107	1.744	1.707
0.00038  1.20e+10  0.7978751063   0.796  0.695  3.7570  3.624    0  0.000  0.463     0.00     0.00 -1         0      0.00 7.000e-01 2.990e-01 1.100e-03 5.880e-04 3.170e-03 -1.000 1.000e-03	3.032	3.568	3.725	3.191	2.823	2.465	2.010	1.633	1.593
0.00038  1.20e+10  0.7985854149   0.797  0.729  3.7508  3.565    0  0.000  0.463     0.00     0.00 -1         0      0.00 7.000e-01 2.990e-01 1.100e-03 5.880e-04 3.170e-03 -1.000 1.000e-03	2.946	3.527	3.670	3.114	2.735	2.367	1.896	1.506	1.463
0.00038  1.20e+10  0.7991455793   0.798  0.764  3.7466  3.514    0  0.000  0.463     0.00     0.00 -1         0      0.00 7.000e-01 2.990e-01 1.100e-03 5.880e-04 3.170e-03 -1.000 9.999e-04	2.859	3.476	3.605	3.033	2.646	2.271	1.789	1.391	1.345
0.00038  1.20e+10  0.7995282412   0.798  0.791  3.7440  3.476    0  0.000  0.463     0.00     0.00 -1         0      0.00 7.000e-01 2.990e-01 1.100e-03 5.880e-04 3.170e-03 -1.000 1.000e-03	2.791	3.430	3.550	2.968	2.577	2.198	1.709	1.305	1.259
0.00038  1.20e+10  0.7997054458   0.798  0.806  3.7430  3.458    0  0.000  0.463     0.00     0.00 -1         0      0.00 7.000e-01 2.990e-01 1.100e-03 5.880e-04 3.170e-03 -1.000 1.000e-03	2.755	3.401	3.518	2.933	2.540	2.160	1.668	1.262	1.215
0.00038  1.20e+10  0.8000000715   0.798  0.832  3.7415  3.427    0  0.000  0.463     0.00     0.00 -1  1.83e-12      0.00 7.000e-01 2.990e-01 1.100e-03 5.880e-04 3.170e-03 -1.000 1.000e-03	2.691	3.351	3.462	2.871	2.476	2.093	1.598	1.189	1.141
0.00038  1.20e+10  0.8001821637   0.799  0.847  3.7406  3.408    0  0.000  0.463     0.00     0.00 -1  1.94e-12      0.00 7.000e-01 2.990e-01 1.100e-03 5.880e-04 3.170e-03 -1.000 1.000e-03	2.652	3.319	3.427	2.833	2.436	2.052	1.554	1.143	1.095
0.00038  1.20e+10  0.8007053733   0.799  0.896  3.7383  3.349    0  0.000  0.463     0.00     0.00 -1  2.32e-12      0.00 7.000e-01 2.990e-01 1.100e-03 5.880e-04 3.170e-03 -1.000 1.000e-03	2.529	3.217	3.316	2.714	2.313	1.925	1.421	1.005	0.955
0.00038  1.20e+10  0.8011494875   0.799  0.941  3.7365  3.298    0  0.000  0.463     0.00     0.00 -1  2.73e-12      0.00 7.000e-01 2.990e-01 1.100e-03 5.880e-04 3.170e-03 -1.000 1.000e-03	2.417	3.123	3.213	2.604	2.200	1.809	1.300	0.880	0.830
0.00038  1.20e+10  0.8015739322   0.800  0.987  3.7348  3.245    0  0.000  0.463     0.00     0.00 -1  3.22e-12      0.00 7.000e-01 2.990e-01 1.100e-03 5.880e-04 3.170e-03 -1.000 1.000e-03	2.302	3.027	3.108	2.492	2.085	1.692	1.178	0.754	0.703
0.00038  1.20e+10  0.8020050526   0.800  1.037  3.7332  3.189    0  0.000  0.463     0.00     0.00 -1  3.86e-12      0.00 7.000e-01 2.990e-01 1.100e-03 5.880e-04 3.170e-03 -1.000 1.000e-03	2.176	2.919	2.991	2.370	1.959	1.563	1.045	0.618	0.566
0.00038  1.20e+10  0.8024011850   0.800  1.087  3.7317  3.133    0  0.000  0.463     0.00     0.00 -1  4.61e-12      0.00 7.000e-01 2.990e-01 1.100e-03 5.880e-04 3.170e-03 -1.000 1.000e-03	2.052	2.811	2.875	2.248	1.835	1.436	0.914	0.482	0.430
0.00038  1.20e+10  0.8027567863   0.801  1.136  3.7302  3.078    0  0.000  0.463     0.00     0.00 -1  5.49e-12      0.00 7.000e-01 2.990e-01 1.100e-03 5.880e-04 3.170e-03 -1.000 1.000e-03	1.931	2.706	2.762	2.129	1.713	1.313	0.786	0.351	0.298
0.00038  1.20e+10  0.8030677438   0.801  1.182  3.7288  3.027    0  0.000  0.463     0.00     0.00 -1  6.47e-12      0.00 7.000e-01 2.990e-01 1.100e-03 5.880e-04 3.170e-03 -1.000 1.000e-03	1.816	2.606	2.655	2.017	1.599	1.196	0.665	0.227	0.174
0.00038  1.20e+10  0.8033705950   0.801  1.230  3.7273  2.973    0  0.000  0.463     0.00     0.00 -1  7.71e-12      0.00 7.000e-01 2.990e-01 1.100e-03 5.880e-04 3.170e-03 -1.000 9.999e-04	1.694	2.501	2.542	1.898	1.477	1.071	0.537	0.095	0.041
0.00038  1.20e+10  0.8036611080   0.801  1.281  3.7257  2.915    0  0.000  0.463     0.00     0.00 -1  9.26e-12      0.00 7.000e-01 2.990e-01 1.100e-03 5.880e-04 3.170e-03 -1.000 1.000e-03	1.567	2.392	2.423	1.773	1.349	0.941	0.402	-0.044	-0.098
0.00038  1.20e+10  0.8039047718   0.801  1.328  3.7242  2.863    0  0.000  0.463     0.00     0.00 -1   1.1e-11      0.00 7.000e-01 2.990e-01 1.100e-03 5.880e-04 3.170e-03 -1.000 1.000e-03	1.450	2.293	2.315	1.659	1.232	0.821	0.278	-0.171	-0.226
0.00038  1.20e+10  0.8041269183   0.801  1.374  3.7227  2.810    0  0.000  0.463     0.00     0.00 -1  1.29e-11      0.00 7.000e-01 2.990e-01 1.100e-03 5.880e-04 3.170e-03 -1.000 1.000e-03	1.334	2.198	2.209	1.546	1.116	0.703	0.155	-0.297	-0.353
0.00038  1.20e+10  0.8043358326   0.801  1.422  3.7211  2.757    0  0.000  0.463     0.00     0.00 -1  1.54e-11      0.00 7.000e-01 2.990e-01 1.100e-03 5.880e-04 3.170e-03 -1.000 1.000e-03	1.216	2.101	2.101	1.431	0.998	0.582	0.030	-0.427	-0.483
0.00038  1.20e+10  0.8045205474   0.801  1.468  3.7195  2.704    0  0.000  0.463     0.00     0.00 -1  1.81e-11      0.00 7.000e-01 2.990e-01 1.100e-03 5.880e-04 3.170e-03 -1.000 9.999e-04	1.101	2.009	1.998	1.320	0.884	0.465	-0.092	-0.552	-0.609
0.00038  1.20e+10  0.8046962023   0.801  1.515  3.7179  2.650    0  0.000  0.463     0.00     0.00 -1  2.15e-11      0.00 7.000e-01 2.990e-01 1.100e-03 5.880e-04 3.170e-03 -1.000 1.000e-03	0.982	1.912	1.890	1.205	0.765	0.343	-0.218	-0.683	-0.740
0.00038  1.20e+10  0.8048510551   0.801  1.561  3.7162  2.597    0  0.000  0.463     0.00     0.00 -1  2.54e-11      0.00 7.000e-01 2.990e-01 1.100e-03 5.880e-04 3.170e-03 -1.000 1.000e-03	0.867	1.820	1.787	1.094	0.650	0.226	-0.341	-0.809	-0.867
0.00038  1.20e+10  0.8049888611   0.801  1.606  3.7145  2.546    0  0.000  0.463     0.00     0.00 -1  2.99e-11      0.00 7.000e-01 2.990e-01 1.100e-03 5.880e-04 3.170e-03 -1.000 1.000e-03	0.755	1.732	1.688	0.987	0.540	0.112	-0.459	-0.932	-0.991
0.00038  1.20e+10  0.8051201105   0.801  1.652  3.7128  2.493    0  0.000  0.463     0.00     0.00 -1  3.54e-11      0.00 7.000e-01 2.990e-01 1.100e-03 5.880e-04 3.170e-03 -1.000 1.000e-03	0.640	1.639	1.585	0.875	0.425	-0.006	-0.583	-1.059	-1.119
0.00038  1.20e+10  0.8052389622   0.801  1.698  3.7110  2.440    0  0.000  0.463     0.00     0.00 -1  4.18e-11      0.00 7.000e-01 2.990e-01 1.100e-03 5.880e-04 3.170e-03 -1.000 1.000e-03	0.526	1.552	1.484	0.765	0.311	-0.123	-0.705	-1.186	-1.246
0.00038  1.20e+10  0.8053436279   0.801  1.742  3.7093  2.389    0  0.000  0.463     0.00     0.00 -1   4.9e-11      0.00 7.000e-01 2.990e-01 1.100e-03 5.880e-04 3.170e-03 -1.000 9.999e-04	0.416	1.469	1.389	0.660	0.202	-0.235	-0.822	-1.307	-1.368
0.00038  1.20e+10  0.8054397702   0.801  1.785  3.7075  2.339    0  0.000  0.463     0.00     0.00 -1  5.74e-11      0.00 7.000e-01 2.990e-01 1.100e-03 5.880e-04 3.170e-03 -1.000 9.999e-04	0.307	1.390	1.294	0.557	0.095	-0.346	-0.938	-1.427	-1.489
0.00038  1.20e+10  0.8055327535   0.801  1.831  3.7057  2.286    0  0.000  0.463     0.00     0.00 -1  6.78e-11      0.00 7.000e-01 2.990e-01 1.100e-03 5.880e-04 3.170e-03 -1.000 9.999e-04	0.194	1.308	1.197	0.448	-0.018	-0.462	-1.060	-1.554	-1.616
0.00038  1.20e+10  0.8056142330   0.800  1.874  3.7038  2.235    0  0.000  0.463     0.00     0.00 -1  7.94e-11      0.00 7.000e-01 2.990e-01 1.100e-03 5.880e-04 3.170e-03 -1.000 1.000e-03	0.086	1.230	1.104	0.346	-0.125	-0.573	-1.175	-1.674	-1.738
0.00038  1.20e+10  0.8056890965   0.800  1.916  3.7020  2.185    0  0.000  0.463     0.00     0.00 -1  9.28e-11      0.00 7.000e-01 2.990e-01 1.100e-03 5.880e-04 3.170e-03 -1.000 1.000e-03	-0.021	1.154	1.013	0.244	-0.231	-0.682	-1.290	-1.794	-1.858
0.00038  1.20e+10  0.8057600260   0.800  1.960  3.7001  2.134    0  0.000  0.463     0.00     0.00 -1  1.09e-10      0.00 7.000e-01 2.990e-01 1.100e-03 5.880e-04 3.170e-03 -1.000 1.000e-03	-0.130	1.077	0.921	0.142	-0.338	-0.793	-1.407	-1.915	-1.980
0.00038  1.20e+10  0.8058224320   0.800  2.000  3.6983  2.086    0  0.000  0.463     0.00     0.00 -1  1.26e-10      0.00 7.000e-01 2.990e-01 1.100e-03 5.880e-04 3.170e-03 -1.000 1.000e-03	-0.231	1.006	0.837	0.046	-0.438	-0.896	-1.516	-2.029	-2.094
0.00038  1.20e+10  0.8058825135   0.799  2.040  3.6965  2.039    0  0.000  0.463     0.00     0.00 -1  1.46e-10      0.00 7.000e-01 2.990e-01 1.100e-03 5.880e-04 3.170e-03 -1.000 1.000e-03	-0.329	0.938	0.754	-0.047	-0.535	-0.997	-1.622	-2.139	-2.206
0.00038  1.20e+10  0.8059449196   0.799  2.077  3.6948  1.995    0  0.000  0.463     0.00     0.00 -1  1.67e-10      0.00 7.000e-01 2.990e-01 1.100e-03 5.880e-04 3.170e-03 -1.000 1.000e-03	-0.422	0.877	0.678	-0.134	-0.626	-1.092	-1.722	-2.244	-2.311
0.00038  1.20e+10  0.8060007095   0.798  2.102  3.6938  1.966    0  0.000  0.463     0.00     0.00 -1  1.84e-10      0.00 7.000e-01 2.990e-01 1.100e-03 5.880e-04 3.170e-03 -1.000 1.000e-03	-0.484	0.838	0.628	-0.191	-0.686	-1.154	-1.787	-2.312	-2.380
0.00038  1.20e+10  0.8060413003   0.798  2.089  3.6946  1.982    0  0.000  0.463     0.00     0.00 -1  1.77e-10      0.00 7.000e-01 2.990e-01 1.100e-03 5.880e-04 3.170e-03 -1.000 1.000e-03	-0.452	0.852	0.650	-0.163	-0.656	-1.122	-1.752	-2.275	-2.342
0.00038  1.20e+10  0.8060467243   0.798  2.087  3.6948  1.984    0  0.000  0.463     0.00     0.00 -1  1.76e-10      0.00 7.000e-01 2.990e-01 1.100e-03 5.880e-04 3.170e-03 -1.000 1.000e-03	-0.448	0.854	0.653	-0.159	-0.652	-1.118	-1.747	-2.270	-2.337
0.00038  1.20e+10  0.8060759902   0.798  2.113  3.6935  1.953    0  0.000  0.463     0.00     0.00 -1  1.92e-10      0.00 7.000e-01 2.990e-01 1.100e-03 5.880e-04 3.170e-03 -1.000 9.999e-04	-0.513	0.815	0.601	-0.220	-0.716	-1.184	-1.818	-2.343	-2.411
0.00038  1.20e+10  0.8061204553   0.797  2.155  3.6915  1.902    0  0.000  0.463     0.00     0.00 -1  2.23e-10      0.00 7.000e-01 2.990e-01 1.100e-03 5.880e-04 3.170e-03 -1.000 1.000e-03	-0.618	0.754	0.517	-0.317	-0.818	-1.291	-1.931	-2.462	-2.530
0.00038  1.20e+10  0.8061618209   0.797  2.197  3.6894  1.852    0  0.000  0.463     0.00     0.00 -1   2.6e-10      0.00 7.000e-01 2.990e-01 1.100e-03 5.880e-04 3.170e-03 -1.000 1.000e-03	-0.723	0.694	0.436	-0.413	-0.920	-1.397	-2.044	-2.580	-2.649
0.00038  1.20e+10  0.8061999679   0.796  2.239  3.6874  1.802    0  0.000  0.463     0.00     0.00 -1  3.04e-10      0.00 7.000e-01 2.990e-01 1.100e-03 5.880e-04 3.170e-03 -1.000 1.000e-03	-0.826	0.636	0.355	-0.509	-1.022	-1.503	-2.156	-2.698	-2.767
0.00038  1.20e+10  0.8062335253   0.796  2.278  3.6853  1.754    0  0.000  0.463     0.00     0.00 -1  3.51e-10      0.00 7.000e-01 2.990e-01 1.100e-03 5.880e-04 3.170e-03 -1.000 1.000e-03	-0.924	0.583	0.280	-0.598	-1.117	-1.602	-2.263	-2.810	-2.880
0.00038  1.20e+10  0.8062661886   0.795  2.319  3.6832  1.705    0  0.000  0.463     0.00     0.00 -1  4.09e-10      0.00 7.000e-01 2.990e-01 1.100e-03 5.880e-04 3.170e-03 -1.000 1.000e-03	-1.026	0.527	0.201	-0.692	-1.216	-1.706	-2.374	-2.926	-2.997
0.00038  1.20e+10  0.8062949181   0.794  2.357  3.6810  1.657    0  0.000  0.463     0.00     0.00 -1  4.72e-10      0.00 7.000e-01 2.990e-01 1.100e-03 5.880e-04 3.170e-03 -1.000 1.000e-03	-1.123	0.482	0.131	-0.778	-1.309	-1.804	-2.478	-3.037	-3.108
0.00038  1.20e+10  0.8063227534   0.794  2.397  3.6790  1.609    0  0.000  0.463     0.00     0.00 -1  5.47e-10      0.00 7.000e-01 2.990e-01 1.100e-03 5.880e-04 3.170e-03 -1.000 1.000e-03	-1.223	0.433	0.057	-0.868	-1.405	-1.905	-2.586	-3.150	-3.222
0.00038  1.20e+10  0.8063474894   0.793  2.435  3.6768  1.562    0  0.000  0.463     0.00     0.00 -1  6.31e-10      0.00 7.000e-01 2.990e-01 1.100e-03 5.880e-04 3.170e-03 -1.000 1.000e-03	-1.318	0.392	-0.010	-0.952	-1.496	-2.000	-2.689	-3.259	-3.333
0.00038  1.20e+10  0.8063763380   0.792  2.483  3.6741  1.503    0  0.000  0.463     0.00     0.00 -1  7.53e-10      0.00 7.000e-01 2.990e-01 1.100e-03 5.880e-04 3.170e-03 -1.000 1.000e-03	-1.437	0.342	-0.095	-1.057	-1.610	-2.120	-2.818	-3.396	-3.470
0.00038  1.20e+10  0.8064019084   0.791  2.529  3.6715  1.445    0  0.000  0.463     0.00     0.00 -1  8.95e-10      0.00 7.000e-01 2.990e-01 1.100e-03 5.880e-04 3.170e-03 -1.000 1.000e-03	-1.551	0.302	-0.172	-1.158	-1.720	-2.236	-2.943	-3.528	-3.604
0.00038  1.20e+10  0.8064220548   0.790  2.567  3.6693  1.397    0  0.000  0.463     0.00     0.00 -1  1.04e-09      0.00 7.000e-01 2.990e-01 1.100e-03 5.880e-04 3.170e-03 -1.000 1.000e-03	-1.648	0.269	-0.237	-1.243	-1.813	-2.334	-3.049	-3.640	-3.716
0.00038  1.20e+10  0.8064433932   0.789  2.612  3.6666  1.342    0  0.000  0.463     0.00     0.00 -1  1.22e-09      0.00 7.000e-01 2.990e-01 1.100e-03 5.880e-04 3.170e-03 -1.000 1.000e-03	-1.759	0.240	-0.306	-1.337	-1.917	-2.445	-3.170	-3.768	-3.845
0.00038  1.20e+10  0.8064605594   0.788  2.650  3.6644  1.294    0  0.000  0.463     0.00     0.00 -1  1.41e-09      0.00 7.000e-01 2.990e-01 1.100e-03 5.880e-04 3.170e-03 -1.000 9.999e-04	-1.854	0.216	-0.365	-1.417	-2.006	-2.541	-3.273	-3.878	-3.956
0.00038  1.20e+10  0.8064786196   0.786  2.692  3.6616  1.240    0  0.000  0.463     0.00     0.00 -1  1.66e-09      0.00 7.000e-01 2.990e-01 1.100e-03 5.880e-04 3.170e-03 -1.000 1.000e-03	-1.961	0.199	-0.426	-1.506	-2.106	-2.647	-3.391	-4.002	-4.081
0.00038  1.20e+10  0.8064959049   0.785  2.736  3.6588  1.184    0  0.000  0.463     0.00     0.00 -1  1.96e-09      0.00 7.000e-01 2.990e-01 1.100e-03 5.880e-04 3.170e-03 -1.000 1.000e-03	-2.071	0.182	-0.489	-1.598	-2.210	-2.758	-3.512	-4.131	-4.211
0.00038  1.20e+10  0.8065120578   0.783  2.781  3.6560  1.127    0  0.000  0.463     0.00     0.00 -1  2.32e-09      0.00 7.000e-01 2.990e-01 1.100e-03 5.880e-04 3.170e-03 -1.000 1.000e-03	-2.182	0.168	-0.551	-1.690	-2.313	-2.869	-3.633	-4.261	-4.341
0.00038  1.20e+10  0.8065260649   0.781  2.822  3.6533  1.074    0  0.000  0.463     0.00     0.00 -1  2.72e-09      0.00 7.000e-01 2.990e-01 1.100e-03 5.880e-04 3.170e-03 -1.000 1.000e-03	-2.286	0.163	-0.604	-1.773	-2.408	-2.972	-3.747	-4.382	-4.464
0.00038  1.20e+10  0.8065397739   0.779  2.866  3.6505  1.018    0  0.000  0.463     0.00     0.00 -1   3.2e-09      0.00 7.000e-01 2.990e-01 1.100e-03 5.880e-04 3.170e-03 -1.000 1.000e-03	-2.394	0.162	-0.659	-1.857	-2.506	-3.078	-3.865	-4.508	-4.591
0.00038  1.20e+10  0.8065516949   0.777  2.906  3.6478  0.965    0  0.000  0.463     0.00     0.00 -1  3.74e-09      0.00 7.000e-01 2.990e-01 1.100e-03 5.880e-04 3.170e-03 -1.000 1.000e-03	-2.495	0.173	-0.702	-1.933	-2.596	-3.176	-3.975	-4.627	-4.711
0.00038  1.20e+10  0.8065632582   0.775  2.948  3.6449  0.911    0  0.000  0.463     0.00     0.00 -1  4.39e-09      0.00 7.000e-01 2.990e-01 1.100e-03 5.880e-04 3.170e-03 -1.000 1.000e-03	-2.600	0.190	-0.743	-2.010	-2.688	-3.278	-4.089	-4.750	-4.835
0.00038  1.20e+10  0.8065740466   0.772  2.990  3.6422  0.857    0  0.000  0.463     0.00     0.00 -1  5.16e-09      0.00 7.000e-01 2.990e-01 1.100e-03 5.880e-04 3.170e-03 -1.000 1.000e-03	-2.704	0.210	-0.783	-2.086	-2.781	-3.380	-4.204	-4.872	-4.959
0.00038  1.20e+10  0.8065835238   0.769  3.029  3.6394  0.805    0  0.000  0.463     0.00     0.00 -1     6e-09      0.00 7.000e-01 2.990e-01 1.100e-03 5.880e-04 3.170e-03 -1.000 9.999e-04	-2.802	0.238	-0.815	-2.155	-2.865	-3.475	-4.311	-4.988	-5.076
0.00038  1.20e+10  0.8065926433   0.766  3.069  3.6366  0.752    0  0.000  0.463     0.00     0.00 -1  7.01e-09      0.00 7.000e-01 2.990e-01 1.100e-03 5.880e-04 3.170e-03 -1.000 1.000e-03	-2.902	0.270	-0.845	-2.223	-2.951	-3.570	-4.420	-5.106	-5.196
0.00038  1.20e+10  0.8066012859   0.763  3.109  3.6338  0.699    0  0.000  0.463     0.00     0.00 -1  8.18e-09      0.00 7.000e-01 2.990e-01 1.100e-03 5.880e-04 3.170e-03 -1.000 1.000e-03	-3.002	0.305	-0.874	-2.290	-3.035	-3.666	-4.528	-5.223	-5.314
0.00038  1.20e+10  0.8066090345   0.759  3.147  3.6310  0.647    0  0.000  0.463     0.00     0.00 -1  9.51e-09      0.00 7.000e-01 2.990e-01 1.100e-03 5.880e-04 3.170e-03 -1.000 1.000e-03	-3.098	0.346	-0.897	-2.352	-3.115	-3.757	-4.633	-5.337	-5.430
0.00038  1.20e+10  0.8066167831   0.755  3.188  3.6282  0.593    0  0.000  0.463     0.00     0.00 -1  1.11e-08      0.00 7.000e-01 2.990e-01 1.100e-03 5.880e-04 3.170e-03 -1.000 1.000e-03	-3.199	0.386	-0.923	-2.419	-3.201	-3.853	-4.744	-5.456	-5.551
0.00038  1.20e+10  0.8066237569   0.751  3.226  3.6255  0.542    0  0.000  0.463     0.00     0.00 -1  1.29e-08      0.00 7.000e-01 2.990e-01 1.100e-03 5.880e-04 3.170e-03 -1.000 1.000e-03	-3.294	0.431	-0.943	-2.479	-3.280	-3.943	-4.848	-5.569	-5.665
0.00038  1.20e+10  0.8066304326   0.746  3.264  3.6228  0.490    0  0.000  0.463     0.00     0.00 -1  1.51e-08      0.00 7.000e-01 2.990e-01 1.100e-03 5.880e-04 3.170e-03 -1.000 1.000e-03	-3.390	0.476	-0.961	-2.536	-3.357	-4.032	-4.952	-5.682	-5.780
0.00038  1.20e+10  0.8066360950   0.741  1.712  3.8002  2.749    4  0.000  0.463     0.00     0.00 -1         0      0.00 7.000e-01 2.990e-01 1.100e-03 5.880e-04 3.170e-03 -1.000 1.000e-03	0.489	0.867	0.920	0.551	0.276	0.003	-0.341	-0.608	-0.635
0.00038  1.20e+10  0.8066393733   0.741  1.719  3.7982  2.734    4  0.000  0.463     0.00     0.00 -1         0      0.00 7.000e-01 2.990e-01 1.100e-03 5.880e-04 3.170e-03 -1.000 1.000e-03	0.474	0.858	0.912	0.538	0.259	-0.018	-0.367	-0.638	-0.665
0.00038  1.20e+10  0.8066946268   0.741  1.732  3.7950  2.708    4  0.000  0.463     0.00     0.00 -1         0      0.00 7.000e-01 2.990e-01 1.100e-03 5.880e-04 3.170e-03 -1.000 1.000e-03	0.441	0.837	0.893	0.509	0.225	-0.059	-0.415	-0.694	-0.722
0.00038  1.20e+10  0.8067504764   0.741  1.733  3.7954  2.708    4  0.000  0.463     0.00     0.00 -1         0      0.00 7.000e-01 2.990e-01 1.100e-03 5.880e-04 3.170e-03 -1.000 1.000e-03	0.437	0.832	0.888	0.505	0.221	-0.062	-0.417	-0.695	-0.723
0.00038  1.20e+10  0.8068075776   0.741  1.734  3.7962  2.711    4  0.000  0.463     0.00     0.00 -1         0      0.00 7.000e-01 2.990e-01 1.100e-03 5.880e-04 3.170e-03 -1.000 1.000e-03	0.436	0.828	0.882	0.502	0.220	-0.061	-0.415	-0.690	-0.718
0.00038  1.20e+10  0.8068641424   0.742  1.734  3.7974  2.716    4  0.000  0.463     0.00     0.00 -1         0      0.00 7.000e-01 2.990e-01 1.100e-03 5.880e-04 3.170e-03 -1.000 1.000e-03	0.436	0.824	0.877	0.500	0.220	-0.058	-0.409	-0.682	-0.709
0.00038  1.20e+10  0.8069173098   0.742  1.734  3.7987  2.721    4  0.000  0.463     0.00     0.00 -1         0      0.00 7.000e-01 2.990e-01 1.100e-03 5.880e-04 3.170e-03 -1.000 1.000e-03	0.436	0.820	0.872	0.499	0.222	-0.055	-0.402	-0.672	-0.699
0.00038  1.20e+10  0.8069695830   0.742  1.733  3.8002  2.728    4  0.000  0.463     0.00     0.00 -1         0      0.00 7.000e-01 2.990e-01 1.100e-03 5.880e-04 3.170e-03 -1.000 1.000e-03	0.438	0.816	0.867	0.498	0.224	-0.050	-0.394	-0.660	-0.687
0.00038  1.20e+10  0.8070225120   0.742  1.732  3.8018  2.735    4  0.000  0.463     0.00     0.00 -1         0      0.00 7.000e-01 2.990e-01 1.100e-03 5.880e-04 3.170e-03 -1.000 1.000e-03	0.439	0.813	0.861	0.497	0.227	-0.044	-0.384	-0.646	-0.672
0.00038  1.20e+10  0.8070778251   0.742  1.731  3.8036  2.743    4  0.000  0.463     0.00     0.00 -1         0      0.00 7.000e-01 2.990e-01 1.100e-03 5.880e-04 3.170e-03 -1.000 1.000e-03	0.442	0.809	0.856	0.497	0.230	-0.037	-0.373	-0.631	-0.657
0.00038  1.20e+10  0.8071324229   0.742  1.731  3.8053  2.751    4  0.000  0.463     0.00     0.00 -1         0      0.00 7.000e-01 2.990e-01 1.100e-03 5.880e-04 3.170e-03 -1.000 1.000e-03	0.443	0.805	0.850	0.496	0.232	-0.032	-0.363	-0.618	-0.643
0.00038  1.20e+10  0.8071885109   0.742  1.730  3.8068  2.757    4  0.000  0.463     0.00     0.00 -1         0      0.00 7.000e-01 2.990e-01 1.100e-03 5.880e-04 3.170e-03 -1.000 1.000e-03	0.445	0.802	0.845	0.496	0.235	-0.027	-0.354	-0.606	-0.631
0.00038  1.20e+10  0.8072442412   0.742  1.730  3.8080  2.763    4  0.000  0.463     0.00     0.00 -1         0      0.00 7.000e-01 2.990e-01 1.100e-03 5.880e-04 3.170e-03 -1.000 1.000e-03	0.446	0.799	0.841	0.495	0.236	-0.023	-0.348	-0.596	-0.621
0.00038  1.20e+10  0.8072992563   0.742  1.730  3.8088  2.766    4  0.000  0.463     0.00     0.00 -1         0      0.00 7.000e-01 2.990e-01 1.100e-03 5.880e-04 3.170e-03 -1.000 1.000e-03	0.446	0.797	0.838	0.494	0.237	-0.020	-0.343	-0.590	-0.614
0.00038  1.20e+10  0.8073525429   0.742  1.730  3.8092  2.768    4  0.000  0.463     0.00     0.00 -1         0      0.00 7.000e-01 2.990e-01 1.100e-03 5.880e-04 3.170e-03 -1.000 1.000e-03	0.446	0.796	0.836	0.494	0.237	-0.020	-0.342	-0.587	-0.612
0.00038  1.20e+10  0.8073757887   0.742  1.730  3.8093  2.768    4  0.000  0.463     0.00     0.00 -1         0      0.00 7.000e-01 2.990e-01 1.100e-03 5.880e-04 3.170e-03 -1.000 1.000e-03	0.446	0.795	0.835	0.493	0.237	-0.019	-0.341	-0.586	-0.611
0.00038  1.20e+10  0.8073879480   0.742  1.730  3.8093  2.768    4  0.000  0.463     0.00     0.00 -1         0      0.00 7.000e-01 2.990e-01 1.100e-03 5.880e-04 3.170e-03 -1.000 9.999e-04	0.445	0.795	0.835	0.493	0.237	-0.020	-0.342	-0.587	-0.612
0.00038  1.20e+10  0.8074411750   0.742  1.731  3.8088  2.765    4  0.000  0.463     0.00     0.00 -1         0      0.00 7.000e-01 2.990e-01 1.100e-03 5.880e-04 3.170e-03 -1.000 1.000e-03	0.444	0.795	0.836	0.492	0.235	-0.023	-0.346	-0.592	-0.617
0.00038  1.20e+10  0.8074951172   0.742  1.732  3.8078  2.760    4  0.000  0.463     0.00     0.00 -1         0      0.00 7.000e-01 2.990e-01 1.100e-03 5.880e-04 3.170e-03 -1.000 1.000e-03	0.441	0.795	0.837	0.490	0.231	-0.028	-0.353	-0.602	-0.627
0.00038  1.20e+10  0.8075480461   0.742  1.733  3.8063  2.753    4  0.000  0.463     0.00     0.00 -1         0      0.00 7.000e-01 2.990e-01 1.100e-03 5.880e-04 3.170e-03 -1.000 1.000e-03	0.438	0.796	0.840	0.489	0.227	-0.035	-0.364	-0.616	-0.642
0.00038  1.20e+10  0.8076003194   0.742  1.735  3.8043  2.743    4  0.000  0.463     0.00     0.00 -1         0      0.00 7.000e-01 2.990e-01 1.100e-03 5.880e-04 3.170e-03 -1.000 1.000e-03	0.433	0.799	0.844	0.487	0.222	-0.044	-0.378	-0.635	-0.661
0.00038  1.20e+10  0.8076522350   0.742  1.737  3.8017  2.730    4  0.000  0.463     0.00     0.00 -1         0      0.00 7.000e-01 2.990e-01 1.100e-03 5.880e-04 3.170e-03 -1.000 1.000e-03	0.428	0.802	0.850	0.486	0.215	-0.056	-0.396	-0.659	-0.686
0.00038  1.20e+10  0.8077038527   0.742  1.740  3.7986  2.716    4  0.000  0.463     0.00     0.00 -1         0      0.00 7.000e-01 2.990e-01 1.100e-03 5.880e-04 3.170e-03 -1.000 1.000e-03	0.421	0.805	0.856	0.483	0.206	-0.070	-0.418	-0.688	-0.715
0.00038  1.20e+10  0.8077555895   0.743  1.743  3.7952  2.699    4  0.000  0.463     0.00     0.00 -1         0      0.00 7.000e-01 2.990e-01 1.100e-03 5.880e-04 3.170e-03 -1.000 1.000e-03	0.413	0.809	0.864	0.480	0.197	-0.086	-0.442	-0.720	-0.747
0.00038  1.20e+10  0.8077604771   0.743  1.743  3.7949  2.697    4  0.000  0.463     0.00     0.00 -1         0      0.00 7.000e-01 2.990e-01 1.100e-03 5.880e-04 3.170e-03 -1.000 1.000e-03	0.413	0.809	0.864	0.480	0.196	-0.087	-0.444	-0.723	-0.751
0.00038  1.20e+10  0.8077689409   0.743  1.744  3.7943  2.694    4  0.000  0.463     0.00     0.00 -1         0      0.00 7.000e-01 2.990e-01 1.100e-03 5.880e-04 3.170e-03 -1.000 1.000e-03	0.411	0.810	0.866	0.480	0.194	-0.090	-0.449	-0.729	-0.757
0.00038  1.20e+10  0.8078187108   0.743  1.747  3.7905  2.676    4  0.000  0.463     0.00     0.00 -1         0      0.00 7.000e-01 2.990e-01 1.100e-03 5.880e-04 3.170e-03 -1.000 1.000e-03	0.402	0.816	0.874	0.477	0.184	-0.107	-0.475	-0.764	-0.793
0.00038  1.20e+10  0.8078672886   0.743  1.751  3.7868  2.657    4  0.000  0.463     0.00     0.00 -1         0      0.00 7.000e-01 2.990e-01 1.100e-03 5.880e-04 3.170e-03 -1.000 1.000e-03	0.393	0.822	0.882	0.473	0.172	-0.125	-0.503	-0.800	-0.830
0.00038  1.20e+10  0.8079192042   0.743  1.756  3.7825  2.635    4  0.000  0.463     0.00     0.00 -1         0      0.00 7.000e-01 2.990e-01 1.100e-03 5.880e-04 3.170e-03 -1.000 1.000e-03	0.381	0.828	0.890	0.468	0.159	-0.147	-0.535	-0.842	-0.873
0.00038  1.20e+10  0.8079686165   0.743  1.761  3.7784  2.614    4  0.000  0.463     0.00     0.00 -1         0      0.00 7.000e-01 2.990e-01 1.100e-03 5.880e-04 3.170e-03 -1.000 1.000e-03	0.368	0.834	0.897	0.462	0.145	-0.168	-0.566	-0.883	-0.915
0.00038  1.20e+10  0.8080159426   0.743  1.766  3.7749  2.595    4  0.000  0.463     0.00     0.00 -1         0      0.00 7.000e-01 2.990e-01 1.100e-03 5.880e-04 3.170e-03 -1.000 1.000e-03	0.356	0.840	0.902	0.455	0.132	-0.187	-0.595	-0.921	-0.954
0.00038  1.20e+10  0.8080648184   0.743  1.771  3.7713  2.575    4  0.000  0.463     0.00     0.00 -1         0      0.00 7.000e-01 2.990e-01 1.100e-03 5.880e-04 3.170e-03 -1.000 1.000e-03	0.342	0.845	0.906	0.447	0.117	-0.209	-0.626	-0.960	-0.994
0.00038  1.20e+10  0.8081127405   0.743  1.777  3.7682  2.557    4  0.000  0.463     0.00     0.00 -1         0      0.00 7.000e-01 2.990e-01 1.100e-03 5.880e-04 3.170e-03 -1.000 1.000e-03	0.328	0.848	0.908	0.438	0.102	-0.229	-0.654	-0.996	-1.031
0.00038  1.20e+10  0.8081611991   0.743  1.783  3.7653  2.539    4  0.000  0.463     0.00     0.00 -1         0      0.00 7.000e-01 2.990e-01 1.100e-03 5.880e-04 3.170e-03 -1.000 1.000e-03	0.313	0.849	0.908	0.429	0.087	-0.250	-0.682	-1.031	-1.067
0.00038  1.20e+10  0.8082096577   0.743  1.789  3.7625  2.522    4  0.000  0.463     0.00     0.00 -1         0      0.00 7.000e-01 2.990e-01 1.100e-03 5.880e-04 3.170e-03 -1.000 1.000e-03	0.297	0.851	0.907	0.418	0.070	-0.271	-0.711	-1.066	-1.103
0.00038  1.20e+10  0.8082584739   0.743  1.797  3.7595  2.502    4  0.000  0.463     0.00     0.00 -1         0      0.00 7.000e-01 2.990e-01 1.100e-03 5.880e-04 3.170e-03 -1.000 1.000e-03	0.277	0.851	0.903	0.403	0.049	-0.297	-0.745	-1.107	-1.145
0.00038  1.20e+10  0.8082681894   0.743  1.795  3.7604  2.507    4  0.000  0.463     0.00     0.00 -1         0      0.00 7.000e-01 2.990e-01 1.100e-03 5.880e-04 3.170e-03 -1.000 1.000e-03	0.282	0.850	0.903	0.406	0.054	-0.290	-0.736	-1.096	-1.133
0.00038  1.20e+10  0.8083182573   0.743  1.807  3.7564  2.480    4  0.000  0.463     0.00     0.00 -1         0      0.00 7.000e-01 2.990e-01 1.100e-03 5.880e-04 3.170e-03 -1.000 1.000e-03	0.252	0.847	0.896	0.384	0.024	-0.328	-0.783	-1.153	-1.192
0.00038  1.20e+10  0.8083675504   0.743  1.823  3.7522  2.447    4  0.000  0.463     0.00     0.00 -1         0      0.00 7.000e-01 2.990e-01 1.100e-03 5.880e-04 3.170e-03 -1.000 1.000e-03	0.213	0.837	0.880	0.353	-0.016	-0.375	-0.842	-1.221	-1.262
0.00038  1.20e+10  0.8084089756   0.743  1.853  3.7455  2.390    4  0.000  0.463     0.00     0.00 -1         0      0.00 7.000e-01 2.990e-01 1.100e-03 5.880e-04 3.170e-03 -1.000 1.000e-03	0.137	0.815	0.843	0.289	-0.093	-0.464	-0.948	-1.343	-1.387
0.00038  1.20e+10  0.8084315062   0.743  1.892  3.7383  2.323    4  0.000  0.463     0.00     0.00 -1         0      0.00 7.000e-01 2.990e-01 1.100e-03 5.880e-04 3.170e-03 -1.000 1.000e-03	0.041	0.778	0.791	0.207	-0.189	-0.573	-1.077	-1.489	-1.535
0.00038  1.20e+10  0.8084416389   0.743  1.932  3.7318  2.257    4  0.000  0.463     0.00     0.00 -1         0      0.00 7.000e-01 2.990e-01 1.100e-03 5.880e-04 3.170e-03 -1.000 1.000e-03	-0.059	0.746	0.735	0.121	-0.289	-0.684	-1.206	-1.634	-1.682
0.00038  1.20e+10  0.8084461689   0.743  1.972  3.7262  2.194    4  0.000  0.463     0.00     0.00 -1         0      0.00 7.000e-01 2.990e-01 1.100e-03 5.880e-04 3.170e-03 -1.000 1.000e-03	-0.160	0.706	0.673	0.033	-0.389	-0.794	-1.332	-1.773	-1.824
0.00038  1.20e+10  0.8084483147   0.743  2.010  3.7216  2.138    4  0.000  0.463     0.00     0.00 -1         0      0.00 7.000e-01 2.990e-01 1.100e-03 5.880e-04 3.170e-03 -1.000 1.000e-03	-0.254	0.667	0.613	-0.050	-0.481	-0.895	-1.446	-1.898	-1.951
0.00038  1.20e+10  0.8084492087   0.743  2.033  3.7191  2.105    4  0.000  0.463     0.00     0.00 -1         0      0.00 7.000e-01 2.990e-01 1.100e-03 5.880e-04 3.170e-03 -1.000 1.000e-03	-0.312	0.643	0.575	-0.101	-0.538	-0.957	-1.514	-1.973	-2.028
0.00038  1.20e+10  0.8084502816   0.743  2.073  3.7155  2.050    4  0.000  0.463     0.00     0.00 -1         0      0.00 7.000e-01 2.990e-01 1.100e-03 5.880e-04 3.170e-03 -1.000 1.000e-03	-0.413	0.593	0.504	-0.191	-0.637	-1.062	-1.630	-2.098	-2.155
0.00038  1.20e+10  0.8084512353   0.743  2.110  3.7123  2.000    4  0.000  0.463     0.00     0.00 -1         0      0.00 7.000e-01 2.990e-01 1.100e-03 5.880e-04 3.170e-03 -1.000 1.000e-03	-0.506	0.543	0.437	-0.275	-0.728	-1.160	-1.737	-2.213	-2.271
0.00038  1.20e+10  0.8084521294   0.743  2.136  3.7103  1.967    4  0.000  0.463     0.00     0.00 -1         0      0.00 7.000e-01 2.990e-01 1.100e-03 5.880e-04 3.170e-03 -1.000 1.000e-03	-0.569	0.509	0.391	-0.333	-0.790	-1.226	-1.809	-2.290	-2.348
0.00038  1.20e+10  0.8084530830   0.743  2.155  3.7089  1.942    4  0.000  0.463     0.00     0.00 -1         0      0.00 7.000e-01 2.990e-01 1.100e-03 5.880e-04 3.170e-03 -1.000 1.000e-03	-0.617	0.485	0.356	-0.377	-0.837	-1.276	-1.863	-2.347	-2.406
0.00038  1.20e+10  0.8084545135   0.743  2.164  3.7083  1.930    4  0.000  0.463     0.00     0.00 -1         0      0.00 7.000e-01 2.990e-01 1.100e-03 5.880e-04 3.170e-03 -1.000 1.000e-03	-0.640	0.472	0.338	-0.398	-0.860	-1.299	-1.888	-2.374	-2.434
0.00038  1.20e+10  0.8084571958   0.743  2.155  3.7089  1.942    4  0.000  0.463     0.00     0.00 -1         0      0.00 7.000e-01 2.990e-01 1.100e-03 5.880e-04 3.170e-03 -1.000 1.000e-03	-0.618	0.482	0.354	-0.378	-0.839	-1.277	-1.864	-2.348	-2.407
0.00038  1.20e+10  0.8084616065   0.743  2.142  3.7100  1.959    4  0.000  0.463     0.00     0.00 -1         0      0.00 7.000e-01 2.990e-01 1.100e-03 5.880e-04 3.170e-03 -1.000 1.000e-03	-0.584	0.499	0.378	-0.347	-0.805	-1.242	-1.825	-2.307	-2.366
0.00038  1.20e+10  0.8084882498   0.743  2.157  3.7086  1.939    4  0.000  0.463     0.00     0.00 -1         0      0.00 7.000e-01 2.990e-01 1.100e-03 5.880e-04 3.170e-03 -1.000 1.000e-03	-0.622	0.485	0.354	-0.380	-0.842	-1.281	-1.869	-2.354	-2.414
0.00038  1.20e+10  0.8085044026   0.743  2.176  3.7070  1.913    4  0.000  0.463     0.00     0.00 -1         0      0.00 7.000e-01 2.990e-01 1.100e-03 5.880e-04 3.170e-03 -1.000 1.000e-03	-0.669	0.464	0.321	-0.422	-0.888	-1.330	-1.923	-2.412	-2.472
0.00038  1.20e+10  0.8085240126   0.743  2.217  3.7037  1.858    4  0.000  0.463     0.00     0.00 -1         0      0.00 7.000e-01 2.990e-01 1.100e-03 5.880e-04 3.170e-03 -1.000 1.000e-03	-0.773	0.416	0.248	-0.516	-0.990	-1.439	-2.041	-2.538	-2.600
0.00038  1.20e+10  0.8085440397   0.743  2.264  3.7002  1.798    4  0.000  0.463     0.00     0.00 -1         0      0.00 7.000e-01 2.990e-01 1.100e-03 5.880e-04 3.170e-03 -1.000 1.000e-03	-0.889	0.359	0.165	-0.621	-1.103	-1.559	-2.171	-2.677	-2.741
0.00038  1.20e+10  0.8085620403   0.743  2.308  3.6970  1.742    4  0.000  0.463     0.00     0.00 -1         0      0.00 7.000e-01 2.990e-01 1.100e-03 5.880e-04 3.170e-03 -1.000 1.000e-03	-0.999	0.304	0.085	-0.720	-1.210	-1.673	-2.295	-2.809	-2.874
0.00038  1.20e+10  0.8085780144   0.743  2.350  3.6940  1.687    4  0.000  0.463     0.00     0.00 -1         0      0.00 7.000e-01 2.990e-01 1.100e-03 5.880e-04 3.170e-03 -1.000 1.000e-03	-1.106	0.257	0.010	-0.815	-1.314	-1.783	-2.414	-2.936	-3.002
0.00038  1.20e+10  0.8085921407   0.743  2.393  3.6910  1.633    4  0.000  0.463     0.00     0.00 -1         0      0.00 7.000e-01 2.990e-01 1.100e-03 5.880e-04 3.170e-03 -1.000 1.000e-03	-1.212	0.214	-0.062	-0.909	-1.415	-1.891	-2.532	-3.062	-3.129
0.00038  1.20e+10  0.8086044788   0.743  2.434  3.6881  1.579    4  0.000  0.463     0.00     0.00 -1         0      0.00 7.000e-01 2.990e-01 1.100e-03 5.880e-04 3.170e-03 -1.000 1.000e-03	-1.316	0.173	-0.134	-1.001	-1.516	-1.997	-2.648	-3.186	-3.254
0.00038  1.20e+10  0.8086154461   0.743  2.476  3.6852  1.526    4  0.000  0.463     0.00     0.00 -1         0      0.00 7.000e-01 2.990e-01 1.100e-03 5.880e-04 3.170e-03 -1.000 1.000e-03	-1.420	0.132	-0.204	-1.093	-1.615	-2.103	-2.764	-3.309	-3.378
0.00038  1.20e+10  0.8086254001   0.743  2.518  3.6822  1.472    4  0.000  0.463     0.00     0.00 -1         0      0.00 7.000e-01 2.990e-01 1.100e-03 5.880e-04 3.170e-03 -1.000 1.000e-03	-1.525	0.094	-0.274	-1.185	-1.716	-2.211	-2.881	-3.434	-3.504
0.00038  1.20e+10  0.8086345196   0.743  2.560  3.6792  1.418    4  0.000  0.463     0.00     0.00 -1         0      0.00 7.000e-01 2.990e-01 1.100e-03 5.880e-04 3.170e-03 -1.000 1.000e-03	-1.630	0.067	-0.339	-1.275	-1.816	-2.317	-2.997	-3.558	-3.630
0.00038  1.20e+10  0.8086430430   0.744  2.603  3.6762  1.363    4  0.000  0.463     0.00     0.00 -1         0      0.00 7.000e-01 2.990e-01 1.100e-03 5.880e-04 3.170e-03 -1.000 1.000e-03	-1.737	0.043	-0.404	-1.365	-1.917	-2.425	-3.116	-3.685	-3.758
0.00038  1.20e+10  0.8086509705   0.744  2.645  3.6731  1.308    4  0.000  0.463     0.00     0.00 -1         0      0.00 7.000e-01 2.990e-01 1.100e-03 5.880e-04 3.170e-03 -1.000 1.000e-03	-1.843	0.021	-0.467	-1.455	-2.017	-2.533	-3.234	-3.812	-3.886
0.00038  1.20e+10  0.8086584806   0.744  2.688  3.6700  1.253    4  0.000  0.463     0.00     0.00 -1         0      0.00 7.000e-01 2.990e-01 1.100e-03 5.880e-04 3.170e-03 -1.000 1.000e-03	-1.951	0.003	-0.529	-1.545	-2.118	-2.641	-3.354	-3.940	-4.016
0.00038  1.20e+10  0.8086656928   0.744  2.731  3.6668  1.198    4  0.000  0.463     0.00     0.00 -1         0      0.00 7.000e-01 2.990e-01 1.100e-03 5.880e-04 3.170e-03 -1.000 1.000e-03	-2.057	-0.009	-0.587	-1.632	-2.218	-2.748	-3.472	-4.067	-4.144
0.00038  1.20e+10  0.8086726069   0.744  2.773  3.6637  1.143    4  0.000  0.463     0.00     0.00 -1         0      0.00 7.000e-01 2.990e-01 1.100e-03 5.880e-04 3.170e-03 -1.000 1.000e-03	-2.163	-0.014	-0.642	-1.717	-2.315	-2.854	-3.590	-4.194	-4.271
0.00038  1.20e+10  0.8086788654   0.744  2.816  3.6605  1.088    4  0.000  0.463     0.00     0.00 -1         0      0.00 7.000e-01 2.990e-01 1.100e-03 5.880e-04 3.170e-03 -1.000 9.999e-04	-2.269	-0.016	-0.694	-1.802	-2.413	-2.960	-3.707	-4.320	-4.399
0.00038  1.20e+10  0.8086840510   0.744  2.855  3.6575  1.036    4  0.000  0.463     0.00     0.00 -1         0      0.00 7.000e-01 2.990e-01 1.100e-03 5.880e-04 3.170e-03 -1.000 1.000e-03	-2.367	-0.012	-0.741	-1.880	-2.504	-3.058	-3.817	-4.439	-4.518
0.00038  1.20e+10  0.8086884618   0.744  2.894  3.6545  0.985    4  0.000  0.463     0.00     0.00 -1         0      0.00 7.000e-01 2.990e-01 1.100e-03 5.880e-04 3.170e-03 -1.000 1.000e-03	-2.466	-0.004	-0.784	-1.957	-2.594	-3.157	-3.928	-4.557	-4.638
0.00038  1.20e+10  0.8086922169   0.744  2.934  3.6514  0.933    4  0.000  0.463     0.00     0.00 -1         0      0.00 7.000e-01 2.990e-01 1.100e-03 5.880e-04 3.170e-03 -1.000 1.000e-03	-2.565	0.019	-0.820	-2.029	-2.681	-3.254	-4.037	-4.676	-4.758
0.00038  1.20e+10  0.8086957932   0.744  2.978  3.6480  0.875    4  0.000  0.463     0.00     0.00 -1         0      0.00 7.000e-01 2.990e-01 1.100e-03 5.880e-04 3.170e-03 -1.000 1.000e-03	-2.675	0.050	-0.856	-2.106	-2.776	-3.360	-4.159	-4.808	-4.891
0.00038  1.20e+10  0.8086993098   0.744  3.024  3.6443  0.814    4  0.000  0.463     0.00     0.00 -1         0      0.00 7.000e-01 2.990e-01 1.100e-03 5.880e-04 3.170e-03 -1.000 1.000e-03	-2.791	0.091	-0.891	-2.186	-2.877	-3.473	-4.287	-4.948	-5.033
0.00038  1.20e+10  0.8087025285   0.744  3.073  3.6404  0.750    4  0.000  0.463     0.00     0.00 -1         0      0.00 7.000e-01 2.990e-01 1.100e-03 5.880e-04 3.170e-03 -1.000 1.000e-03	-2.913	0.141	-0.923	-2.268	-2.981	-3.590	-4.423	-5.095	-5.182
0.00038  1.20e+10  0.8087036014   0.744  3.101  3.6380  0.712    4  0.000  0.463     0.00     0.00 -1         0      0.00 7.000e-01 2.990e-01 1.100e-03 5.880e-04 3.170e-03 -1.000 1.000e-03	-2.984	0.177	-0.937	-2.313	-3.039	-3.657	-4.501	-5.180	-5.269
0.00038  1.20e+10  0.8087038398   0.744  3.116  3.6369  0.693    4  0.000  0.463     0.00     0.00 -1         0      0.00 7.000e-01 2.990e-01 1.100e-03 5.880e-04 3.170e-03 -1.000 1.000e-03	-3.019	0.192	-0.945	-2.336	-3.069	-3.691	-4.540	-5.223	-5.312
0.00038  1.20e+10  0.8087041378   0.744  3.135  3.6354  0.668    4  0.000  0.463     0.00     0.00 -1         0      0.00 7.000e-01 2.990e-01 1.100e-03 5.880e-04 3.170e-03 -1.000 1.000e-03	-3.068	0.215	-0.956	-2.367	-3.109	-3.737	-4.593	-5.281	-5.371
0.00038  1.20e+10  0.8087046146   0.744  3.165  3.6329  0.628    4  0.000  0.463     0.00     0.00 -1         0      0.00 7.000e-01 2.990e-01 1.100e-03 5.880e-04 3.170e-03 -1.000 1.000e-03	-3.143	0.257	-0.968	-2.413	-3.170	-3.808	-4.676	-5.372	-5.464
0.00038  1.20e+10  0.8087048531   0.744  3.181  3.6282  0.593    8  0.523  0.439    46.88    25.13  1 -2.63e-07      0.00 7.438e-01 2.558e-01 5.886e-05 3.823e-05 1.779e-04 -1.000 4.021e-04	-3.182	0.405	-0.905	-2.401	-3.184	-3.836	-4.727	-5.439	-5.534
0.00038  1.20e+10  0.8087049127   0.742  2.955  3.6462  0.891    8  0.523  0.441    24.68    14.42  1 -1.11e-07      0.00 7.438e-01 2.558e-01 5.886e-05 3.823e-05 1.779e-04 -1.000 4.021e-04	-2.617	0.149	-0.775	-2.036	-2.711	-3.299	-4.105	-4.760	-4.845
0.00038  1.20e+10  0.8087050319   0.741  2.802  3.6585  1.092    8  0.523  0.441    15.99     9.90  1 -6.64e-08      0.00 7.438e-01 2.558e-01 5.886e-05 3.823e-05 1.779e-04 -1.000 4.022e-04	-2.234	0.071	-0.631	-1.755	-2.372	-2.924	-3.679	-4.298	-4.378
0.00038  1.20e+10  0.8087052107   0.737  2.607  3.6740  1.347    8  0.523  0.441     9.23     6.14  1  -3.7e-08      0.00 7.438e-01 2.558e-01 5.886e-05 3.823e-05 1.779e-04 -1.000 4.021e-04	-1.747	0.084	-0.387	-1.365	-1.923	-2.436	-3.134	-3.709	-3.783
0.00038  1.20e+10  0.8087055087   0.732  2.615  3.6734  1.333    8  0.523  0.441     9.50     6.28  1 -3.82e-08      0.00 7.438e-01 2.558e-01 5.886e-05 3.823e-05 1.779e-04 -1.000 4.021e-04	-1.767	0.082	-0.398	-1.381	-1.941	-2.456	-3.156	-3.733	-3.807
0.00038  1.20e+10  0.8087058663   0.725  2.722  3.6649  1.188    8  0.523  0.441    12.99     8.19  1 -5.31e-08      0.00 7.438e-01 2.558e-01 5.886e-05 3.823e-05 1.779e-04 -1.000 4.021e-04	-2.034	0.066	-0.536	-1.597	-2.189	-2.724	-3.455	-4.056	-4.134
0.00038  1.20e+10  0.8087063432   0.717  2.907  3.6500  0.939    8  0.523  0.441    22.26    12.98  1 -9.85e-08      0.00 7.438e-01 2.558e-01 5.886e-05 3.823e-05 1.779e-04 -1.000 4.022e-04	-2.496	0.125	-0.730	-1.949	-2.606	-3.182	-3.972	-4.616	-4.699
0.00038  1.20e+10  0.8087068796   0.708  3.069  3.6368  0.719    8  0.524  0.441    35.82    19.45  1 -1.82e-07      0.00 7.438e-01 2.558e-01 5.886e-05 3.823e-05 1.779e-04 -1.000 4.021e-04	-2.901	0.290	-0.836	-2.221	-2.951	-3.572	-4.421	-5.105	-5.194
0.00038  1.20e+10  0.8087074757   0.698  3.178  3.6279  0.568    8  0.524  0.441    49.71    25.61  1 -2.87e-07      0.00 7.438e-01 2.558e-01 5.886e-05 3.823e-05 1.779e-04 -1.000 4.021e-04	-3.175	0.447	-0.880	-2.387	-3.174	-3.829	-4.722	-5.434	-5.529
0.00038  1.20e+10  0.8087081313   0.687  3.241  3.6226  0.477    8  0.524  0.441    60.60    30.10  1 -3.82e-07      0.00 7.438e-01 2.558e-01 5.886e-05 3.823e-05 1.779e-04 -1.000 4.021e-04	-3.332	0.553	-0.891	-2.473	-3.296	-3.973	-4.894	-5.624	-5.723
0.00038  1.20e+10  0.8087088466   0.674  3.276  3.6196  0.421    8  0.525  0.441    68.41    33.05  1 -4.58e-07      0.00 7.438e-01 2.558e-01 5.886e-05 3.823e-05 1.779e-04 -1.000 4.022e-04	-3.419	0.625	-0.885	-2.512	-3.361	-4.053	-4.991	-5.730	-5.832
0.00038  1.20e+10  0.8087096810   0.661  3.301  3.6174  0.379    8  0.525  0.439    75.25    35.39  1 -5.28e-07      0.00 7.438e-01 2.558e-01 5.886e-05 3.823e-05 1.779e-04 -1.000 4.022e-04	-3.482	0.684	-0.876	-2.538	-3.405	-4.109	-5.060	-5.807	-5.910
0.00038  1.20e+10  0.8087097406   0.659  3.127  3.6322  0.611    8  0.525  0.441    45.61    22.92  1 -2.56e-07      0.00 7.438e-01 2.558e-01 5.886e-05 3.823e-05 1.779e-04 -1.000 4.022e-04	-3.047	0.390	-0.853	-2.308	-3.070	-3.710	-4.582	-5.280	-5.372
0.00038  1.20e+10  0.8087098598   0.656  2.931  3.6494  0.873    8  0.525  0.441    25.95    14.02  1 -1.25e-07      0.00 7.438e-01 2.558e-01 5.886e-05 3.823e-05 1.779e-04 -1.000 4.022e-04	-2.558	0.124	-0.764	-2.001	-2.666	-3.246	-4.038	-4.682	-4.765
0.00038  1.20e+10  0.8087100983   0.650  2.735  3.6675  1.138    8  0.526  0.441    14.69     8.51  1  -6.7e-08      0.00 7.438e-01 2.558e-01 5.886e-05 3.823e-05 1.779e-04 -1.000 4.022e-04	-2.067	-0.015	-0.599	-1.645	-2.231	-2.761	-3.482	-4.074	-4.150
0.00038  1.20e+10  0.8087103963   0.641  2.741  3.6696  1.135    8  0.526  0.441    14.82     8.49  1 -7.17e-08      0.00 7.438e-01 2.558e-01 5.886e-05 3.823e-05 1.779e-04 -1.000 4.022e-04	-2.082	-0.078	-0.641	-1.671	-2.250	-2.776	-3.490	-4.075	-4.150
0.00038  1.20e+10  0.8087107539   0.631  2.844  3.6644  1.004    8  0.526  0.441    19.76    10.73  1 -1.07e-07      0.00 7.438e-01 2.558e-01 5.886e-05 3.823e-05 1.779e-04 -1.000 4.022e-04	-2.339	-0.153	-0.807	-1.894	-2.495	-3.035	-3.768	-4.368	-4.445
0.00038  1.20e+10  0.8087112308   0.619  3.022  3.6536  0.774    8  0.526  0.441    32.65    16.25  1 -2.15e-07      0.00 7.438e-01 2.558e-01 5.886e-05 3.823e-05 1.779e-04 -1.000 4.022e-04	-2.785	-0.166	-1.031	-2.253	-2.910	-3.483	-4.258	-4.885	-4.965
0.00038  1.20e+10  0.8087117672   0.605  3.177  3.6455  0.577    8  0.527  0.441    50.52    23.09  1 -4.29e-07      0.00 7.438e-01 2.558e-01 5.886e-05 3.823e-05 1.779e-04 -1.000 4.022e-04	-3.172	-0.154	-1.212	-2.553	-3.261	-3.865	-4.677	-5.327	-5.411
0.00038  1.20e+10  0.8087124228   0.589  3.279  3.6423  0.450    8  0.527  0.441    67.46    28.58  1 -7.25e-07      0.00 7.438e-01 2.558e-01 5.886e-05 3.823e-05 1.779e-04 -1.000 4.022e-04	-3.429	-0.201	-1.360	-2.765	-3.502	-4.122	-4.949	-5.606	-5.691
0.00038  1.20e+10  0.8087130785   0.572  3.336  3.6436  0.386    8  0.528  0.441    79.56    31.21  1 -1.03e-06      0.00 7.438e-01 2.558e-01 5.886e-05 3.823e-05 1.779e-04 -1.000 4.021e-04	-3.570	-0.334	-1.498	-2.909	-3.648	-4.269	-5.091	-5.741	-5.825
0.00038  1.20e+10  0.8087139130   0.553  3.365  3.6479  0.359    8  0.528  0.441    88.50    31.14  1 -1.32e-06      0.00 7.438e-01 2.558e-01 5.886e-05 3.823e-05 1.779e-04 -1.000 4.021e-04	-3.643	-0.541	-1.645	-3.017	-3.740	-4.350	-5.153	-5.787	-5.870
0.00038  1.20e+10  0.8087147474   0.534  3.384  3.6536  0.348    8  0.529  0.439   106.85    27.67  1 -1.62e-06      0.00 7.438e-01 2.558e-01 5.886e-05 3.823e-05 1.779e-04 -1.000 4.021e-04	-3.689	-0.792	-1.805	-3.118	-3.814	-4.406	-5.184	-5.798	-5.878
0.00038  1.20e+10  0.8087154031   0.534 -9.999  4.0361  1.967    9  0.533  0.031     0.00     0.00 -1         0      0.00 7.438e-01 2.558e-01 5.886e-05 3.823e-05 1.779e-04 -1.000 4.022e-04	29.767	29.849	30.223	30.285	30.283	30.290	30.374	30.381	30.403
