# File generated by CMD 2.9 (http://stev.oapd.inaf.it/cmd) on Wed Feb  1 10:17:21 CET 2017
# isochrones PARSEC release v1.2S + COLIBRI release PR16, as in Marigo et al. 2017
# Basic reference: Marigo et al. (2017), ApJ, 835, 77
# Photometric system: <i>UBVRIJHK</i> (cf. Maiz-Apellaniz 2006 + Bessell 1990)
# Kind of output: isochrone tables
# Zini Age Mini  Mass   logL    logTe  logg  label   McoreTP C_O period0 period1 pmode  Mloss  tau1m  X   Y   Xc  Xn  Xo  Cexcess  Z	mbolmag  Umag    Bmag    Vmag    Rmag    Imag    Jmag    Hmag    Kmag 
0.00100  1.20e+10  0.0900000036   0.090 -3.211  3.4569  5.383    0  0.000  0.463     0.00     0.00 -1         0      0.00 7.000e-01 2.990e-01 1.100e-03 5.880e-04 3.170e-03 -1.000 1.000e-03	12.799	22.122	17.972	15.682	14.005	12.235	10.827	10.389	10.337
0.00100  1.20e+10  0.0979280174   0.098 -3.007  3.4860  5.332    0  0.000  0.463     0.00     0.00 -1         0      0.00 7.000e-01 2.990e-01 1.100e-03 5.880e-04 3.170e-03 -1.000 1.000e-03	12.288	19.949	16.678	14.536	13.166	11.700	10.417	9.894	9.768
0.00100  1.20e+10  0.1000000015   0.100 -2.957  3.4933  5.320    0  0.000  0.463     0.00     0.00 -1  9.62e-17      0.00 7.000e-01 2.990e-01 1.100e-03 5.880e-04 3.170e-03 -1.000 1.000e-03	12.162	19.439	16.375	14.278	12.962	11.569	10.315	9.776	9.635
0.00100  1.20e+10  0.1199999973   0.120 -2.673  3.5260  5.246    0  0.000  0.463     0.00     0.00 -1  1.84e-16      0.00 7.000e-01 2.990e-01 1.100e-03 5.880e-04 3.170e-03 -1.000 1.000e-03	11.452	17.179	14.930	13.055	11.931	10.838	9.705	9.124	8.933
0.00100  1.20e+10  0.1400000006   0.140 -2.491  3.5423  5.196    0  0.000  0.463     0.00     0.00 -1  2.74e-16      0.00 7.000e-01 2.990e-01 1.100e-03 5.880e-04 3.170e-03 -1.000 1.000e-03	10.998	16.098	14.152	12.400	11.339	10.369	9.296	8.709	8.504
0.00100  1.20e+10  0.1599999964   0.160 -2.351  3.5527  5.156    0  0.000  0.463     0.00     0.00 -1         0      0.00 7.000e-01 2.990e-01 1.100e-03 5.880e-04 3.170e-03 -1.000 1.000e-03	10.648	15.406	13.613	11.941	10.913	10.011	8.974	8.387	8.177
0.00100  1.20e+10  0.2000000179   0.200 -2.130  3.5668  5.088    0  0.000  0.463     0.00     0.00 -1         0      0.00 7.000e-01 2.990e-01 1.100e-03 5.880e-04 3.170e-03 -1.000 1.000e-03	10.094	14.435	12.821	11.253	10.272	9.447	8.459	7.875	7.660
0.00100  1.20e+10  0.2500000000   0.250 -1.925  3.5780  5.025    0  0.000  0.463     0.00     0.00 -1         0      0.00 7.000e-01 2.990e-01 1.100e-03 5.880e-04 3.170e-03 -1.000 1.000e-03	9.582	13.576	12.147	10.654	9.703	8.920	7.960	7.379	7.170
0.00100  1.20e+10  0.3000000417   0.300 -1.768  3.5865  4.981    0  0.000  0.463     0.00     0.00 -1         0      0.00 7.000e-01 2.990e-01 1.100e-03 5.880e-04 3.170e-03 -1.000 1.000e-03	9.191	12.870	11.619	10.190	9.267	8.514	7.577	6.998	6.799
0.00100  1.20e+10  0.3499999940   0.350 -1.640  3.5937  4.949    0  0.000  0.463     0.00     0.00 -1         0      0.00 7.000e-01 2.990e-01 1.100e-03 5.880e-04 3.170e-03 -1.000 1.000e-03	8.871	12.165	11.120	9.774	8.896	8.178	7.274	6.693	6.508
0.00100  1.20e+10  0.4000000060   0.400 -1.490  3.6048  4.901    0  0.000  0.463     0.00     0.00 -1  2.28e-15      0.00 7.000e-01 2.990e-01 1.100e-03 5.880e-04 3.170e-03 -1.000 1.000e-03	8.495	11.436	10.554	9.295	8.472	7.795	6.929	6.340	6.169
0.00100  1.20e+10  0.4500000179   0.450 -1.312  3.6224  4.845    0  0.000  0.463     0.00     0.00 -1  3.46e-15      0.00 7.000e-01 2.990e-01 1.100e-03 5.880e-04 3.170e-03 -1.000 1.000e-03	8.049	10.702	9.911	8.740	7.984	7.355	6.533	5.931	5.778
0.00100  1.20e+10  0.5000000000   0.500 -1.106  3.6513  4.801    0  0.000  0.463     0.00     0.00 -1  5.54e-15      0.00 7.000e-01 2.990e-01 1.100e-03 5.880e-04 3.170e-03 -1.000 1.000e-03	7.536	9.708	9.080	8.045	7.396	6.845	6.098	5.509	5.391
0.00100  1.20e+10  0.5500000715   0.550 -0.883  3.6824  4.742    0  0.000  0.463     0.00     0.00 -1  9.44e-15      0.00 7.000e-01 2.990e-01 1.100e-03 5.880e-04 3.170e-03 -1.000 1.000e-03	6.977	8.609	8.216	7.312	6.769	6.288	5.633	5.108	5.016
0.00100  1.20e+10  0.6000000238   0.600 -0.674  3.7114  4.688    0  0.000  0.463     0.00     0.00 -1  1.55e-14      0.00 7.000e-01 2.990e-01 1.100e-03 5.880e-04 3.170e-03 -1.000 1.000e-03	6.456	7.622	7.466	6.680	6.211	5.784	5.219	4.764	4.691
0.00100  1.20e+10  0.6050835848   0.605 -0.653  3.7147  4.683    0  0.000  0.463     0.00     0.00 -1  1.64e-14      0.00 7.000e-01 2.990e-01 1.100e-03 5.880e-04 3.170e-03 -1.000 1.000e-03	6.401	7.519	7.388	6.616	6.155	5.733	5.177	4.730	4.659
0.00100  1.20e+10  0.6185638905   0.618 -0.594  3.7234  4.669    0  0.000  0.463     0.00     0.00 -1         0      0.00 7.000e-01 2.990e-01 1.100e-03 5.880e-04 3.170e-03 -1.000 1.000e-03	6.256	7.248	7.182	6.447	6.004	5.597	5.066	4.639	4.573
0.00100  1.20e+10  0.6310797334   0.631 -0.540  3.7313  4.655    0  0.000  0.463     0.00     0.00 -1         0      0.00 7.000e-01 2.990e-01 1.100e-03 5.880e-04 3.170e-03 -1.000 9.999e-04	6.120	7.008	6.995	6.295	5.869	5.473	4.965	4.553	4.492
0.00100  1.20e+10  0.6432111263   0.643 -0.487  3.7388  4.641    0  0.000  0.463     0.00     0.00 -1         0      0.00 7.000e-01 2.990e-01 1.100e-03 5.880e-04 3.170e-03 -1.000 9.999e-04	5.988	6.779	6.815	6.149	5.737	5.354	4.866	4.469	4.413
0.00100  1.20e+10  0.6499999762   0.650 -0.457  3.7430  4.632    0  0.000  0.463     0.00     0.00 -1  2.62e-14      0.00 7.000e-01 2.990e-01 1.100e-03 5.880e-04 3.170e-03 -1.000 1.000e-03	5.914	6.659	6.717	6.069	5.666	5.289	4.811	4.422	4.368
0.00100  1.20e+10  0.6503136158   0.650 -0.456  3.7432  4.632    0  0.000  0.463     0.00     0.00 -1  2.63e-14      0.00 7.000e-01 2.990e-01 1.100e-03 5.880e-04 3.170e-03 -1.000 1.000e-03	5.910	6.654	6.713	6.065	5.662	5.286	4.808	4.419	4.366
0.00100  1.20e+10  0.6637238860   0.664 -0.397  3.7506  4.611    0  0.000  0.463     0.00     0.00 -1         0      0.00 7.000e-01 2.990e-01 1.100e-03 5.880e-04 3.170e-03 -1.000 1.000e-03	5.762	6.424	6.523	5.907	5.519	5.154	4.694	4.319	4.270
0.00100  1.20e+10  0.6761075258   0.676 -0.341  3.7573  4.590    0  0.000  0.463     0.00     0.00 -1         0      0.00 7.000e-01 2.990e-01 1.100e-03 5.880e-04 3.170e-03 -1.000 1.000e-03	5.623	6.221	6.349	5.762	5.386	5.031	4.587	4.223	4.179
0.00100  1.20e+10  0.6882347465   0.688 -0.286  3.7636  4.568    0  0.000  0.463     0.00     0.00 -1         0      0.00 7.000e-01 2.990e-01 1.100e-03 5.880e-04 3.170e-03 -1.000 9.999e-04	5.484	6.023	6.178	5.617	5.252	4.907	4.478	4.125	4.085
0.00100  1.20e+10  0.6990261078   0.699 -0.235  3.7690  4.545    0  0.000  0.463     0.00     0.00 -1         0      0.00 7.000e-01 2.990e-01 1.100e-03 5.880e-04 3.170e-03 -1.000 1.000e-03	5.358	5.852	6.025	5.486	5.131	4.794	4.377	4.034	3.997
0.00100  1.20e+10  0.6999999881   0.700 -0.230  3.7694  4.543    0  0.000  0.463     0.00     0.00 -1  4.72e-14      0.00 7.000e-01 2.990e-01 1.100e-03 5.880e-04 3.170e-03 -1.000 1.000e-03	5.346	5.837	6.011	5.474	5.120	4.783	4.368	4.026	3.989
0.00100  1.20e+10  0.7026079893   0.703 -0.218  3.7707  4.537    0  0.000  0.463     0.00     0.00 -1  4.88e-14      0.00 7.000e-01 2.990e-01 1.100e-03 5.880e-04 3.170e-03 -1.000 1.000e-03	5.315	5.796	5.974	5.442	5.090	4.755	4.343	4.003	3.966
0.00100  1.20e+10  0.7111800909   0.711 -0.176  3.7747  4.516    0  0.000  0.463     0.00     0.00 -1  5.47e-14      0.00 7.000e-01 2.990e-01 1.100e-03 5.880e-04 3.170e-03 -1.000 1.000e-03	5.209	5.661	5.850	5.334	4.989	4.660	4.257	3.923	3.890
0.00100  1.20e+10  0.7194184065   0.719 -0.134  3.7784  4.494    0  0.000  0.463     0.00     0.00 -1         0      0.00 7.000e-01 2.990e-01 1.100e-03 5.880e-04 3.170e-03 -1.000 1.000e-03	5.105	5.529	5.727	5.226	4.888	4.565	4.170	3.843	3.812
0.00100  1.20e+10  0.7303433418   0.730 -0.076  3.7831  4.462    0  0.000  0.463     0.00     0.00 -1         0      0.00 7.000e-01 2.990e-01 1.100e-03 5.880e-04 3.170e-03 -1.000 1.000e-03	4.960	5.356	5.562	5.078	4.749	4.433	4.049	3.730	3.701
0.00100  1.20e+10  0.7406086922   0.740 -0.018  3.7873  4.427    0  0.000  0.463     0.00     0.00 -1         0      0.00 7.000e-01 2.990e-01 1.100e-03 5.880e-04 3.170e-03 -1.000 1.000e-03	4.816	5.191	5.400	4.931	4.609	4.300	3.926	3.615	3.588
0.00100  1.20e+10  0.7500000000   0.750  0.038  3.7910  4.391    0  0.000  0.463     0.00     0.00 -1     1e-13      0.00 7.000e-01 2.990e-01 1.100e-03 5.880e-04 3.170e-03 -1.000 1.000e-03	4.675	5.032	5.244	4.787	4.472	4.169	3.804	3.499	3.474
0.00100  1.20e+10  0.7547351122   0.754  0.067  3.7926  4.371    0  0.000  0.463     0.00     0.00 -1   1.1e-13      0.00 7.000e-01 2.990e-01 1.100e-03 5.880e-04 3.170e-03 -1.000 1.000e-03	4.601	4.951	5.162	4.712	4.400	4.099	3.738	3.437	3.412
0.00100  1.20e+10  0.7650093436   0.764  0.136  3.7959  4.322    0  0.000  0.463     0.00     0.00 -1  1.35e-13      0.00 7.000e-01 2.990e-01 1.100e-03 5.880e-04 3.170e-03 -1.000 1.000e-03	4.431	4.768	4.978	4.539	4.233	3.938	3.584	3.289	3.266
0.00100  1.20e+10  0.7746376395   0.774  0.204  3.7984  4.268    0  0.000  0.463     0.00     0.00 -1         0      0.00 7.000e-01 2.990e-01 1.100e-03 5.880e-04 3.170e-03 -1.000 1.000e-03	4.260	4.590	4.794	4.364	4.063	3.773	3.424	3.135	3.113
0.00100  1.20e+10  0.7831290960   0.782  0.270  3.7999  4.213    0  0.000  0.463     0.00     0.00 -1         0      0.00 7.000e-01 2.990e-01 1.100e-03 5.880e-04 3.170e-03 -1.000 1.000e-03	4.095	4.422	4.621	4.197	3.899	3.612	3.267	2.981	2.960
0.00100  1.20e+10  0.7850383520   0.784  0.286  3.8002  4.200    0  0.000  0.463     0.00     0.00 -1         0      0.00 7.000e-01 2.990e-01 1.100e-03 5.880e-04 3.170e-03 -1.000 1.000e-03	4.056	4.383	4.581	4.158	3.860	3.573	3.229	2.944	2.922
0.00100  1.20e+10  0.7879912257   0.787  0.313  3.7999  4.173    0  0.000  0.463     0.00     0.00 -1         0      0.00 7.000e-01 2.990e-01 1.100e-03 5.880e-04 3.170e-03 -1.000 9.999e-04	3.989	4.317	4.513	4.090	3.792	3.505	3.160	2.875	2.853
0.00100  1.20e+10  0.7938891053   0.793  0.369  3.7984  4.113    0  0.000  0.463     0.00     0.00 -1         0      0.00 7.000e-01 2.990e-01 1.100e-03 5.880e-04 3.170e-03 -1.000 1.000e-03	3.846	4.183	4.373	3.947	3.648	3.359	3.010	2.723	2.700
0.00100  1.20e+10  0.7986006737   0.798  0.420  3.7958  4.056    0  0.000  0.463     0.00     0.00 -1         0      0.00 7.000e-01 2.990e-01 1.100e-03 5.880e-04 3.170e-03 -1.000 1.000e-03	3.721	4.069	4.255	3.823	3.520	3.227	2.872	2.579	2.556
0.00100  1.20e+10  0.8000000119   0.799  0.437  3.7939  4.031    0  0.000  0.463     0.00     0.00 -1   3.7e-13      0.00 7.000e-01 2.990e-01 1.100e-03 5.880e-04 3.170e-03 -1.000 1.000e-03	3.676	4.032	4.217	3.780	3.473	3.177	2.818	2.521	2.498
0.00100  1.20e+10  0.8015374541   0.800  0.457  3.7918  4.003    0  0.000  0.463     0.00     0.00 -1  3.99e-13      0.00 7.000e-01 2.990e-01 1.100e-03 5.880e-04 3.170e-03 -1.000 1.000e-03	3.627	3.994	4.175	3.732	3.422	3.123	2.758	2.457	2.433
0.00100  1.20e+10  0.8046722412   0.803  0.503  3.7847  3.931    0  0.000  0.463     0.00     0.00 -1  4.79e-13      0.00 7.000e-01 2.990e-01 1.100e-03 5.880e-04 3.170e-03 -1.000 1.000e-03	3.514	3.917	4.088	3.624	3.302	2.992	2.610	2.296	2.268
0.00100  1.20e+10  0.8068130016   0.805  0.538  3.7768  3.865    0  0.000  0.463     0.00     0.00 -1  5.59e-13      0.00 7.000e-01 2.990e-01 1.100e-03 5.880e-04 3.170e-03 -1.000 1.000e-03	3.426	3.875	4.032	3.543	3.207	2.885	2.483	2.153	2.122
0.00100  1.20e+10  0.8083806634   0.807  0.565  3.7682  3.804    0  0.000  0.463     0.00     0.00 -1  6.39e-13      0.00 7.000e-01 2.990e-01 1.100e-03 5.880e-04 3.170e-03 -1.000 9.999e-04	3.357	3.863	4.002	3.483	3.132	2.796	2.374	2.026	1.992
0.00100  1.20e+10  0.8096613288   0.808  0.591  3.7590  3.743    0  0.000  0.463     0.00     0.00 -1  7.28e-13      0.00 7.000e-01 2.990e-01 1.100e-03 5.880e-04 3.170e-03 -1.000 1.000e-03	3.293	3.869	3.983	3.429	3.062	2.712	2.267	1.900	1.861
0.00100  1.20e+10  0.8106545806   0.809  0.620  3.7512  3.683    0  0.000  0.463     0.00     0.00 -1  8.32e-13      0.00 7.000e-01 2.990e-01 1.100e-03 5.880e-04 3.170e-03 -1.000 1.000e-03	3.221	3.860	3.952	3.367	2.986	2.624	2.158	1.775	1.732
0.00100  1.20e+10  0.8114572167   0.810  0.653  3.7453  3.627    0  0.000  0.463     0.00     0.00 -1  9.57e-13      0.00 7.000e-01 2.990e-01 1.100e-03 5.880e-04 3.170e-03 -1.000 1.000e-03	3.137	3.834	3.902	3.293	2.901	2.529	2.048	1.652	1.607
0.00100  1.20e+10  0.8120916486   0.811  0.687  3.7412  3.576    0  0.000  0.463     0.00     0.00 -1   1.1e-12      0.00 7.000e-01 2.990e-01 1.100e-03 5.880e-04 3.170e-03 -1.000 1.000e-03	3.052	3.787	3.840	3.214	2.815	2.436	1.944	1.539	1.492
0.00100  1.20e+10  0.8124058843   0.811  0.706  3.7392  3.550    0  0.000  0.463     0.00     0.00 -1  1.18e-12      0.00 7.000e-01 2.990e-01 1.100e-03 5.880e-04 3.170e-03 -1.000 1.000e-03	3.006	3.758	3.804	3.171	2.768	2.386	1.889	1.480	1.432
0.00100  1.20e+10  0.8125219345   0.811  0.714  3.7387  3.540    0  0.000  0.463     0.00     0.00 -1  1.22e-12      0.00 7.000e-01 2.990e-01 1.100e-03 5.880e-04 3.170e-03 -1.000 1.000e-03	2.986	3.744	3.787	3.152	2.748	2.365	1.867	1.456	1.408
0.00100  1.20e+10  0.8131327629   0.812  0.758  3.7359  3.485    0  0.000  0.463     0.00     0.00 -1  1.43e-12      0.00 7.000e-01 2.990e-01 1.100e-03 5.880e-04 3.170e-03 -1.000 1.000e-03	2.875	3.664	3.693	3.046	2.637	2.250	1.743	1.326	1.277
0.00100  1.20e+10  0.8136473298   0.812  0.799  3.7338  3.435    0  0.000  0.463     0.00     0.00 -1  1.67e-12      0.00 7.000e-01 2.990e-01 1.100e-03 5.880e-04 3.170e-03 -1.000 1.000e-03	2.771	3.585	3.602	2.946	2.534	2.143	1.631	1.209	1.159
0.00100  1.20e+10  0.8142183423   0.812  0.849  3.7318  3.378    0  0.000  0.463     0.00     0.00 -1     2e-12      0.00 7.000e-01 2.990e-01 1.100e-03 5.880e-04 3.170e-03 -1.000 1.000e-03	2.647	3.485	3.490	2.826	2.409	2.015	1.498	1.071	1.020
0.00100  1.20e+10  0.8147460222   0.813  0.899  3.7300  3.321    0  0.000  0.463     0.00     0.00 -1  2.39e-12      0.00 7.000e-01 2.990e-01 1.100e-03 5.880e-04 3.170e-03 -1.000 1.000e-03	2.522	3.382	3.376	2.704	2.285	1.888	1.365	0.933	0.882
0.00100  1.20e+10  0.8152754307   0.813  0.954  3.7282  3.259    0  0.000  0.463     0.00     0.00 -1  2.91e-12      0.00 7.000e-01 2.990e-01 1.100e-03 5.880e-04 3.170e-03 -1.000 9.999e-04	2.386	3.267	3.250	2.572	2.149	1.749	1.221	0.785	0.733
0.00100  1.20e+10  0.8157442808   0.814  1.006  3.7266  3.201    0  0.000  0.463     0.00     0.00 -1  3.51e-12      0.00 7.000e-01 2.990e-01 1.100e-03 5.880e-04 3.170e-03 -1.000 1.000e-03	2.254	3.154	3.128	2.443	2.017	1.615	1.082	0.642	0.590
0.00100  1.20e+10  0.8161420226   0.814  1.055  3.7251  3.146    0  0.000  0.463     0.00     0.00 -1  4.18e-12      0.00 7.000e-01 2.990e-01 1.100e-03 5.880e-04 3.170e-03 -1.000 1.000e-03	2.133	3.050	3.016	2.325	1.896	1.491	0.954	0.510	0.457
0.00100  1.20e+10  0.8164533377   0.814  1.096  3.7238  3.100    0  0.000  0.463     0.00     0.00 -1  4.85e-12      0.00 7.000e-01 2.990e-01 1.100e-03 5.880e-04 3.170e-03 -1.000 1.000e-03	2.030	2.963	2.922	2.225	1.794	1.387	0.846	0.399	0.345
0.00100  1.20e+10  0.8167979717   0.815  1.145  3.7223  3.045    0  0.000  0.463     0.00     0.00 -1  5.78e-12      0.00 7.000e-01 2.990e-01 1.100e-03 5.880e-04 3.170e-03 -1.000 1.000e-03	1.907	2.860	2.809	2.105	1.671	1.262	0.716	0.266	0.211
0.00100  1.20e+10  0.8171275258   0.815  1.197  3.7206  2.986    0  0.000  0.463     0.00     0.00 -1  6.96e-12      0.00 7.000e-01 2.990e-01 1.100e-03 5.880e-04 3.170e-03 -1.000 1.000e-03	1.778	2.755	2.692	1.981	1.543	1.131	0.580	0.125	0.070
0.00100  1.20e+10  0.8174259663   0.815  1.248  3.7188  2.928    0  0.000  0.463     0.00     0.00 -1  8.38e-12      0.00 7.000e-01 2.990e-01 1.100e-03 5.880e-04 3.170e-03 -1.000 1.000e-03	1.649	2.652	2.575	1.856	1.415	1.000	0.444	-0.016	-0.071
0.00100  1.20e+10  0.8176864982   0.815  1.298  3.7172  2.872    0  0.000  0.463     0.00     0.00 -1     1e-11      0.00 7.000e-01 2.990e-01 1.100e-03 5.880e-04 3.170e-03 -1.000 1.000e-03	1.526	2.554	2.464	1.737	1.293	0.874	0.313	-0.150	-0.206
0.00100  1.20e+10  0.8179219961   0.815  1.346  3.7154  2.816    0  0.000  0.463     0.00     0.00 -1  1.19e-11      0.00 7.000e-01 2.990e-01 1.100e-03 5.880e-04 3.170e-03 -1.000 1.000e-03	1.404	2.459	2.356	1.620	1.172	0.751	0.184	-0.284	-0.340
0.00100  1.20e+10  0.8181338310   0.815  1.394  3.7136  2.761    0  0.000  0.463     0.00     0.00 -1  1.42e-11      0.00 7.000e-01 2.990e-01 1.100e-03 5.880e-04 3.170e-03 -1.000 1.000e-03	1.285	2.366	2.250	1.505	1.054	0.629	0.057	-0.416	-0.473
0.00100  1.20e+10  0.8183305264   0.815  1.443  3.7117  2.706    0  0.000  0.463     0.00     0.00 -1  1.69e-11      0.00 7.000e-01 2.990e-01 1.100e-03 5.880e-04 3.170e-03 -1.000 1.000e-03	1.163	2.271	2.142	1.389	0.933	0.505	-0.072	-0.550	-0.607
0.00100  1.20e+10  0.8185046315   0.815  1.490  3.7098  2.651    0  0.000  0.463     0.00     0.00 -1  2.01e-11      0.00 7.000e-01 2.990e-01 1.100e-03 5.880e-04 3.170e-03 -1.000 1.000e-03	1.046	2.183	2.040	1.276	0.817	0.385	-0.198	-0.681	-0.739
0.00100  1.20e+10  0.8186669946   0.815  1.538  3.7078  2.595    0  0.000  0.463     0.00     0.00 -1   2.4e-11      0.00 7.000e-01 2.990e-01 1.100e-03 5.880e-04 3.170e-03 -1.000 1.000e-03	0.925	2.094	1.936	1.162	0.698	0.263	-0.326	-0.814	-0.873
0.00100  1.20e+10  0.8188105226   0.815  1.584  3.7058  2.540    0  0.000  0.463     0.00     0.00 -1  2.84e-11      0.00 7.000e-01 2.990e-01 1.100e-03 5.880e-04 3.170e-03 -1.000 1.000e-03	0.809	2.010	1.836	1.052	0.584	0.145	-0.450	-0.944	-1.004
0.00100  1.20e+10  0.8189384341   0.815  1.629  3.7038  2.487    0  0.000  0.463     0.00     0.00 -1  3.35e-11      0.00 7.000e-01 2.990e-01 1.100e-03 5.880e-04 3.170e-03 -1.000 1.000e-03	0.697	1.930	1.740	0.946	0.474	0.031	-0.571	-1.070	-1.130
0.00100  1.20e+10  0.8190570474   0.815  1.675  3.7018  2.434    0  0.000  0.463     0.00     0.00 -1  3.96e-11      0.00 7.000e-01 2.990e-01 1.100e-03 5.880e-04 3.170e-03 -1.000 1.000e-03	0.583	1.851	1.644	0.838	0.362	-0.084	-0.692	-1.196	-1.258
0.00100  1.20e+10  0.8191623092   0.815  1.718  3.6997  2.382    0  0.000  0.463     0.00     0.00 -1  4.65e-11      0.00 7.000e-01 2.990e-01 1.100e-03 5.880e-04 3.170e-03 -1.000 1.000e-03	0.474	1.778	1.553	0.736	0.254	-0.196	-0.810	-1.320	-1.382
0.00100  1.20e+10  0.8192616105   0.815  1.763  3.6976  2.328    0  0.000  0.463     0.00     0.00 -1  5.47e-11      0.00 7.000e-01 2.990e-01 1.100e-03 5.880e-04 3.170e-03 -1.000 1.000e-03	0.363	1.703	1.461	0.631	0.145	-0.309	-0.930	-1.445	-1.508
0.00100  1.20e+10  0.8193510175   0.815  1.806  3.6954  2.277    0  0.000  0.463     0.00     0.00 -1  6.41e-11      0.00 7.000e-01 2.990e-01 1.100e-03 5.880e-04 3.170e-03 -1.000 1.000e-03	0.255	1.633	1.373	0.531	0.039	-0.419	-1.046	-1.567	-1.631
0.00100  1.20e+10  0.8194346428   0.814  1.849  3.6933  2.225    0  0.000  0.463     0.00     0.00 -1  7.51e-11      0.00 7.000e-01 2.990e-01 1.100e-03 5.880e-04 3.170e-03 -1.000 1.000e-03	0.148	1.568	1.286	0.432	-0.065	-0.527	-1.161	-1.689	-1.753
0.00100  1.20e+10  0.8195146918   0.814  1.891  3.6911  2.174    0  0.000  0.463     0.00     0.00 -1  8.78e-11      0.00 7.000e-01 2.990e-01 1.100e-03 5.880e-04 3.170e-03 -1.000 1.000e-03	0.043	1.503	1.201	0.335	-0.167	-0.633	-1.275	-1.808	-1.873
0.00100  1.20e+10  0.8195968270   0.814  1.931  3.6891  2.126    0  0.000  0.463     0.00     0.00 -1  1.02e-10      0.00 7.000e-01 2.990e-01 1.100e-03 5.880e-04 3.170e-03 -1.000 1.000e-03	-0.057	1.444	1.122	0.244	-0.263	-0.733	-1.382	-1.921	-1.986
0.00100  1.20e+10  0.8196714520   0.814  1.954  3.6881  2.099    0  0.000  0.463     0.00     0.00 -1  1.11e-10      0.00 7.000e-01 2.990e-01 1.100e-03 5.880e-04 3.170e-03 -1.000 1.000e-03	-0.114	1.407	1.075	0.190	-0.319	-0.791	-1.443	-1.985	-2.051
0.00100  1.20e+10  0.8197335601   0.813  1.934  3.6895  2.124    0  0.000  0.463     0.00     0.00 -1  1.04e-10      0.00 7.000e-01 2.990e-01 1.100e-03 5.880e-04 3.170e-03 -1.000 1.000e-03	-0.065	1.429	1.110	0.234	-0.272	-0.741	-1.388	-1.926	-1.992
0.00100  1.20e+10  0.8197445869   0.813  1.930  3.6898  2.129    0  0.000  0.463     0.00     0.00 -1  1.02e-10      0.00 7.000e-01 2.990e-01 1.100e-03 5.880e-04 3.170e-03 -1.000 9.999e-04	-0.055	1.433	1.117	0.242	-0.263	-0.732	-1.378	-1.915	-1.980
0.00100  1.20e+10  0.8197942972   0.813  1.966  3.6879  2.086    0  0.000  0.463     0.00     0.00 -1  1.16e-10      0.00 7.000e-01 2.990e-01 1.100e-03 5.880e-04 3.170e-03 -1.000 1.000e-03	-0.144	1.381	1.047	0.161	-0.349	-0.822	-1.474	-2.017	-2.082
0.00100  1.20e+10  0.8198492527   0.813  2.006  3.6856  2.036    0  0.000  0.463     0.00     0.00 -1  1.35e-10      0.00 7.000e-01 2.990e-01 1.100e-03 5.880e-04 3.170e-03 -1.000 1.000e-03	-0.246	1.323	0.967	0.068	-0.448	-0.925	-1.584	-2.134	-2.200
0.00100  1.20e+10  0.8199022412   0.812  2.048  3.6833  1.985    0  0.000  0.463     0.00     0.00 -1  1.57e-10      0.00 7.000e-01 2.990e-01 1.100e-03 5.880e-04 3.170e-03 -1.000 1.000e-03	-0.350	1.266	0.887	-0.026	-0.548	-1.029	-1.697	-2.252	-2.319
0.00100  1.20e+10  0.8199506998   0.812  2.088  3.6810  1.935    0  0.000  0.463     0.00     0.00 -1  1.82e-10      0.00 7.000e-01 2.990e-01 1.100e-03 5.880e-04 3.170e-03 -1.000 1.000e-03	-0.451	1.214	0.811	-0.118	-0.645	-1.131	-1.806	-2.368	-2.436
0.00100  1.20e+10  0.8199965954   0.812  2.130  3.6786  1.884    0  0.000  0.463     0.00     0.00 -1  2.13e-10      0.00 7.000e-01 2.990e-01 1.100e-03 5.880e-04 3.170e-03 -1.000 1.000e-03	-0.554	1.164	0.735	-0.209	-0.743	-1.234	-1.917	-2.487	-2.555
0.00100  1.20e+10  0.8200379014   0.811  2.169  3.6763  1.835    0  0.000  0.463     0.00     0.00 -1  2.47e-10      0.00 7.000e-01 2.990e-01 1.100e-03 5.880e-04 3.170e-03 -1.000 1.000e-03	-0.654	1.116	0.662	-0.297	-0.838	-1.333	-2.026	-2.602	-2.671
0.00100  1.20e+10  0.8200763464   0.811  2.210  3.6738  1.785    0  0.000  0.463     0.00     0.00 -1  2.87e-10      0.00 7.000e-01 2.990e-01 1.100e-03 5.880e-04 3.170e-03 -1.000 1.000e-03	-0.754	1.072	0.590	-0.385	-0.933	-1.433	-2.134	-2.717	-2.788
0.00100  1.20e+10  0.8201115727   0.810  2.249  3.6714  1.735    0  0.000  0.463     0.00     0.00 -1  3.33e-10      0.00 7.000e-01 2.990e-01 1.100e-03 5.880e-04 3.170e-03 -1.000 1.000e-03	-0.853	1.028	0.520	-0.472	-1.027	-1.532	-2.241	-2.832	-2.903
0.00100  1.20e+10  0.8201442957   0.810  2.289  3.6689  1.685    0  0.000  0.463     0.00     0.00 -1  3.87e-10      0.00 7.000e-01 2.990e-01 1.100e-03 5.880e-04 3.170e-03 -1.000 1.000e-03	-0.951	0.987	0.451	-0.559	-1.121	-1.631	-2.349	-2.946	-3.019
0.00100  1.20e+10  0.8201739192   0.809  2.327  3.6665  1.637    0  0.000  0.463     0.00     0.00 -1  4.47e-10      0.00 7.000e-01 2.990e-01 1.100e-03 5.880e-04 3.170e-03 -1.000 1.000e-03	-1.048	0.950	0.385	-0.642	-1.211	-1.726	-2.453	-3.058	-3.132
0.00100  1.20e+10  0.8202019334   0.808  2.366  3.6639  1.587    0  0.000  0.463     0.00     0.00 -1  5.17e-10      0.00 7.000e-01 2.990e-01 1.100e-03 5.880e-04 3.170e-03 -1.000 1.000e-03	-1.146	0.915	0.320	-0.725	-1.302	-1.823	-2.560	-3.172	-3.247
0.00100  1.20e+10  0.8202274442   0.808  2.405  3.6614  1.538    0  0.000  0.463     0.00     0.00 -1  5.98e-10      0.00 7.000e-01 2.990e-01 1.100e-03 5.880e-04 3.170e-03 -1.000 1.000e-03	-1.241	0.883	0.257	-0.806	-1.391	-1.917	-2.664	-3.284	-3.360
0.00100  1.20e+10  0.8202511072   0.807  2.443  3.6589  1.490    0  0.000  0.463     0.00     0.00 -1   6.9e-10      0.00 7.000e-01 2.990e-01 1.100e-03 5.880e-04 3.170e-03 -1.000 1.000e-03	-1.336	0.853	0.196	-0.886	-1.479	-2.011	-2.767	-3.395	-3.471
0.00100  1.20e+10  0.8202728033   0.806  2.480  3.6564  1.443    0  0.000  0.463     0.00     0.00 -1  7.94e-10      0.00 7.000e-01 2.990e-01 1.100e-03 5.880e-04 3.170e-03 -1.000 1.000e-03	-1.429	0.831	0.139	-0.963	-1.565	-2.102	-2.868	-3.503	-3.581
0.00100  1.20e+10  0.8202975988   0.805  2.525  3.6532  1.384    0  0.000  0.463     0.00     0.00 -1  9.44e-10      0.00 7.000e-01 2.990e-01 1.100e-03 5.880e-04 3.170e-03 -1.000 1.000e-03	-1.543	0.811	0.073	-1.056	-1.669	-2.214	-2.992	-3.637	-3.716
0.00100  1.20e+10  0.8203162551   0.804  2.562  3.6507  1.336    0  0.000  0.463     0.00     0.00 -1  1.09e-09      0.00 7.000e-01 2.990e-01 1.100e-03 5.880e-04 3.170e-03 -1.000 1.000e-03	-1.634	0.800	0.023	-1.127	-1.751	-2.302	-3.091	-3.744	-3.825
0.00100  1.20e+10  0.8203367591   0.803  2.605  3.6477  1.281    0  0.000  0.463     0.00     0.00 -1  1.28e-09      0.00 7.000e-01 2.990e-01 1.100e-03 5.880e-04 3.170e-03 -1.000 1.000e-03	-1.742	0.788	-0.036	-1.212	-1.847	-2.406	-3.208	-3.870	-3.952
0.00100  1.20e+10  0.8203560710   0.801  2.649  3.6446  1.224    0  0.000  0.463     0.00     0.00 -1  1.51e-09      0.00 7.000e-01 2.990e-01 1.100e-03 5.880e-04 3.170e-03 -1.000 1.000e-03	-1.851	0.782	-0.092	-1.296	-1.944	-2.511	-3.327	-3.998	-4.083
0.00100  1.20e+10  0.8203707933   0.800  2.684  3.6420  1.177    0  0.000  0.463     0.00     0.00 -1  1.73e-09      0.00 7.000e-01 2.990e-01 1.100e-03 5.880e-04 3.170e-03 -1.000 9.999e-04	-1.941	0.781	-0.137	-1.365	-2.023	-2.597	-3.424	-4.104	-4.190
0.00100  1.20e+10  0.8203867674   0.799  2.726  3.6390  1.123    0  0.000  0.463     0.00     0.00 -1  2.03e-09      0.00 7.000e-01 2.990e-01 1.100e-03 5.880e-04 3.170e-03 -1.000 1.000e-03	-2.044	0.781	-0.188	-1.443	-2.114	-2.696	-3.536	-4.225	-4.313
0.00100  1.20e+10  0.8204019666   0.797  2.768  3.6359  1.067    0  0.000  0.463     0.00     0.00 -1  2.39e-09      0.00 7.000e-01 2.990e-01 1.100e-03 5.880e-04 3.170e-03 -1.000 1.000e-03	-2.150	0.789	-0.235	-1.520	-2.204	-2.796	-3.649	-4.349	-4.439
0.00100  1.20e+10  0.8204163909   0.795  2.811  3.6326  1.011    0  0.000  0.463     0.00     0.00 -1  2.82e-09      0.00 7.000e-01 2.990e-01 1.100e-03 5.880e-04 3.170e-03 -1.000 1.000e-03	-2.256	0.804	-0.280	-1.596	-2.295	-2.896	-3.765	-4.475	-4.568
0.00100  1.20e+10  0.8204287291   0.793  2.850  3.6298  0.959    0  0.000  0.463     0.00     0.00 -1  3.27e-09      0.00 7.000e-01 2.990e-01 1.100e-03 5.880e-04 3.170e-03 -1.000 1.000e-03	-2.354	0.825	-0.318	-1.664	-2.378	-2.989	-3.870	-4.589	-4.685
0.00100  1.20e+10  0.8204405904   0.791  2.889  3.6268  0.906    0  0.000  0.463     0.00     0.00 -1  3.82e-09      0.00 7.000e-01 2.990e-01 1.100e-03 5.880e-04 3.170e-03 -1.000 1.000e-03	-2.453	0.852	-0.353	-1.733	-2.462	-3.083	-3.978	-4.707	-4.804
0.00100  1.20e+10  0.8204517961   0.789  2.930  3.6236  0.851    0  0.000  0.463     0.00     0.00 -1  4.47e-09      0.00 7.000e-01 2.990e-01 1.100e-03 5.880e-04 3.170e-03 -1.000 1.000e-03	-2.554	0.893	-0.381	-1.796	-2.544	-3.176	-4.088	-4.827	-4.927
0.00100  1.20e+10  0.8204618692   0.786  2.969  3.6206  0.799    0  0.000  0.463     0.00     0.00 -1   5.2e-09      0.00 7.000e-01 2.990e-01 1.100e-03 5.880e-04 3.170e-03 -1.000 1.000e-03	-2.651	0.930	-0.408	-1.857	-2.622	-3.264	-4.192	-4.941	-5.044
0.00100  1.20e+10  0.8204712272   0.784  3.006  3.6177  0.749    0  0.000  0.463     0.00     0.00 -1  6.02e-09      0.00 7.000e-01 2.990e-01 1.100e-03 5.880e-04 3.170e-03 -1.000 1.000e-03	-2.746	0.965	-0.435	-1.917	-2.699	-3.352	-4.294	-5.051	-5.158
0.00100  1.20e+10  0.8204799294   0.781  3.044  3.6147  0.697    0  0.000  0.463     0.00     0.00 -1  6.98e-09      0.00 7.000e-01 2.990e-01 1.100e-03 5.880e-04 3.170e-03 -1.000 1.000e-03	-2.840	1.009	-0.458	-1.974	-2.773	-3.437	-4.395	-5.163	-5.273
0.00100  1.20e+10  0.8204883933   0.778  3.082  3.6117  0.645    0  0.000  0.463     0.00     0.00 -1  8.12e-09      0.00 7.000e-01 2.990e-01 1.100e-03 5.880e-04 3.170e-03 -1.000 9.999e-04	-2.936	1.052	-0.481	-2.033	-2.849	-3.525	-4.498	-5.276	-5.389
0.00100  1.20e+10  0.8204957247   0.774  3.118  3.6090  0.597    0  0.000  0.463     0.00     0.00 -1  9.33e-09      0.00 7.000e-01 2.990e-01 1.100e-03 5.880e-04 3.170e-03 -1.000 1.000e-03	-3.025	1.090	-0.502	-2.084	-2.917	-3.604	-4.592	-5.379	-5.496
0.00100  1.20e+10  0.8205028772   0.771  3.154  3.6061  0.547    0  0.000  0.463     0.00     0.00 -1  1.08e-08      0.00 7.000e-01 2.990e-01 1.100e-03 5.880e-04 3.170e-03 -1.000 1.000e-03	-3.115	1.132	-0.521	-2.136	-2.986	-3.686	-4.688	-5.486	-5.606
0.00100  1.20e+10  0.8205096126   0.767  3.190  3.6033  0.498    0  0.000  0.463     0.00     0.00 -1  1.24e-08      0.00 7.000e-01 2.990e-01 1.100e-03 5.880e-04 3.170e-03 -1.000 1.000e-03	-3.205	1.175	-0.539	-2.186	-3.054	-3.766	-4.784	-5.592	-5.715
0.00100  1.20e+10  0.8205158710   0.762  3.225  3.6006  0.450    0  0.000  0.463     0.00     0.00 -1  1.42e-08      0.00 7.000e-01 2.990e-01 1.100e-03 5.880e-04 3.170e-03 -1.000 1.000e-03	-3.292	1.225	-0.547	-2.230	-3.118	-3.843	-4.876	-5.693	-5.820
0.00100  1.20e+10  0.8205215335   0.758  3.258  3.5980  0.403    0  0.000  0.463     0.00     0.00 -1  1.63e-08      0.00 7.000e-01 2.990e-01 1.100e-03 5.880e-04 3.170e-03 -1.000 1.000e-03	-3.375	1.273	-0.555	-2.271	-3.179	-3.917	-4.965	-5.791	-5.921
0.00100  1.20e+10  0.8205268979   0.753  3.290  3.5955  0.359    0  0.000  0.463     0.00     0.00 -1  1.85e-08      0.00 7.000e-01 2.990e-01 1.100e-03 5.880e-04 3.170e-03 -1.000 1.000e-03	-3.455	1.318	-0.561	-2.308	-3.235	-3.987	-5.050	-5.884	-6.018
0.00100  1.20e+10  0.8205321431   0.748  3.320  3.5931  0.316    0  0.000  0.463     0.00     0.00 -1   2.1e-08      0.00 7.000e-01 2.990e-01 1.100e-03 5.880e-04 3.170e-03 -1.000 1.000e-03	-3.530	1.362	-0.564	-2.342	-3.288	-4.053	-5.130	-5.972	-6.109
0.00100  1.20e+10  0.8205332756   0.747  1.730  3.7443  2.510    4  0.000  0.463     0.00     0.00 -1         0      0.00 7.000e-01 2.990e-01 1.100e-03 5.880e-04 3.170e-03 -1.000 1.000e-03	0.444	1.189	1.175	0.585	0.197	-0.173	-0.657	-1.051	-1.094
0.00100  1.20e+10  0.8205832243   0.747  1.746  3.7431  2.490    4  0.000  0.463     0.00     0.00 -1         0      0.00 7.000e-01 2.990e-01 1.100e-03 5.880e-04 3.170e-03 -1.000 1.000e-03	0.405	1.161	1.143	0.547	0.158	-0.214	-0.701	-1.098	-1.142
0.00100  1.20e+10  0.8206343651   0.747  1.750  3.7430  2.485    4  0.000  0.463     0.00     0.00 -1         0      0.00 7.000e-01 2.990e-01 1.100e-03 5.880e-04 3.170e-03 -1.000 1.000e-03	0.396	1.154	1.135	0.539	0.149	-0.224	-0.711	-1.108	-1.152
0.00100  1.20e+10  0.8206863403   0.747  1.751  3.7431  2.485    4  0.000  0.463     0.00     0.00 -1         0      0.00 7.000e-01 2.990e-01 1.100e-03 5.880e-04 3.170e-03 -1.000 1.000e-03	0.392	1.149	1.131	0.535	0.145	-0.227	-0.714	-1.111	-1.155
0.00100  1.20e+10  0.8207400441   0.747  1.752  3.7434  2.485    4  0.000  0.463     0.00     0.00 -1         0      0.00 7.000e-01 2.990e-01 1.100e-03 5.880e-04 3.170e-03 -1.000 9.999e-04	0.391	1.144	1.127	0.533	0.144	-0.228	-0.714	-1.110	-1.154
0.00100  1.20e+10  0.8207923174   0.747  1.752  3.7440  2.488    4  0.000  0.463     0.00     0.00 -1         0      0.00 7.000e-01 2.990e-01 1.100e-03 5.880e-04 3.170e-03 -1.000 1.000e-03	0.391	1.140	1.124	0.532	0.144	-0.226	-0.711	-1.105	-1.149
0.00100  1.20e+10  0.8208450079   0.747  1.751  3.7447  2.492    4  0.000  0.463     0.00     0.00 -1         0      0.00 7.000e-01 2.990e-01 1.100e-03 5.880e-04 3.170e-03 -1.000 1.000e-03	0.393	1.135	1.121	0.532	0.146	-0.223	-0.706	-1.099	-1.142
0.00100  1.20e+10  0.8208988309   0.747  1.750  3.7456  2.496    4  0.000  0.463     0.00     0.00 -1         0      0.00 7.000e-01 2.990e-01 1.100e-03 5.880e-04 3.170e-03 -1.000 1.000e-03	0.396	1.131	1.118	0.534	0.149	-0.219	-0.699	-1.090	-1.133
0.00100  1.20e+10  0.8209519982   0.747  1.748  3.7464  2.501    4  0.000  0.463     0.00     0.00 -1         0      0.00 7.000e-01 2.990e-01 1.100e-03 5.880e-04 3.170e-03 -1.000 1.000e-03	0.399	1.126	1.116	0.535	0.152	-0.214	-0.692	-1.080	-1.123
0.00100  1.20e+10  0.8210060000   0.747  1.747  3.7473  2.506    4  0.000  0.463     0.00     0.00 -1         0      0.00 7.000e-01 2.990e-01 1.100e-03 5.880e-04 3.170e-03 -1.000 1.000e-03	0.403	1.122	1.114	0.537	0.156	-0.209	-0.685	-1.071	-1.113
0.00100  1.20e+10  0.8210570812   0.747  1.746  3.7481  2.510    4  0.000  0.463     0.00     0.00 -1         0      0.00 7.000e-01 2.990e-01 1.100e-03 5.880e-04 3.170e-03 -1.000 9.999e-04	0.406	1.117	1.111	0.538	0.159	-0.204	-0.678	-1.062	-1.105
0.00100  1.20e+10  0.8211115003   0.747  1.745  3.7489  2.515    4  0.000  0.463     0.00     0.00 -1         0      0.00 7.000e-01 2.990e-01 1.100e-03 5.880e-04 3.170e-03 -1.000 1.000e-03	0.409	1.113	1.109	0.539	0.162	-0.200	-0.672	-1.054	-1.096
0.00100  1.20e+10  0.8211649656   0.748  1.744  3.7497  2.519    4  0.000  0.463     0.00     0.00 -1         0      0.00 7.000e-01 2.990e-01 1.100e-03 5.880e-04 3.170e-03 -1.000 1.000e-03	0.411	1.109	1.107	0.540	0.164	-0.196	-0.666	-1.046	-1.088
0.00100  1.20e+10  0.8212150335   0.748  1.743  3.7503  2.522    4  0.000  0.463     0.00     0.00 -1         0      0.00 7.000e-01 2.990e-01 1.100e-03 5.880e-04 3.170e-03 -1.000 1.000e-03	0.413	1.105	1.105	0.541	0.166	-0.193	-0.661	-1.040	-1.082
0.00100  1.20e+10  0.8212678432   0.748  1.742  3.7508  2.525    4  0.000  0.463     0.00     0.00 -1         0      0.00 7.000e-01 2.990e-01 1.100e-03 5.880e-04 3.170e-03 -1.000 1.000e-03	0.414	1.102	1.103	0.541	0.167	-0.191	-0.658	-1.035	-1.077
0.00100  1.20e+10  0.8212801814   0.748  1.742  3.7509  2.525    4  0.000  0.463     0.00     0.00 -1         0      0.00 7.000e-01 2.990e-01 1.100e-03 5.880e-04 3.170e-03 -1.000 1.000e-03	0.415	1.101	1.102	0.541	0.168	-0.191	-0.657	-1.034	-1.076
0.00100  1.20e+10  0.8212902546   0.748  1.742  3.7510  2.526    4  0.000  0.463     0.00     0.00 -1         0      0.00 7.000e-01 2.990e-01 1.100e-03 5.880e-04 3.170e-03 -1.000 1.000e-03	0.415	1.101	1.102	0.541	0.168	-0.190	-0.656	-1.034	-1.075
0.00100  1.20e+10  0.8213418126   0.748  1.742  3.7514  2.527    4  0.000  0.463     0.00     0.00 -1         0      0.00 7.000e-01 2.990e-01 1.100e-03 5.880e-04 3.170e-03 -1.000 1.000e-03	0.415	1.098	1.100	0.541	0.168	-0.190	-0.655	-1.031	-1.072
0.00100  1.20e+10  0.8213941455   0.748  1.742  3.7516  2.528    4  0.000  0.463     0.00     0.00 -1         0      0.00 7.000e-01 2.990e-01 1.100e-03 5.880e-04 3.170e-03 -1.000 1.000e-03	0.415	1.096	1.098	0.540	0.168	-0.190	-0.654	-1.030	-1.071
0.00100  1.20e+10  0.8214449883   0.748  1.743  3.7517  2.528    4  0.000  0.463     0.00     0.00 -1         0      0.00 7.000e-01 2.990e-01 1.100e-03 5.880e-04 3.170e-03 -1.000 1.000e-03	0.413	1.093	1.096	0.539	0.166	-0.191	-0.655	-1.031	-1.072
0.00100  1.20e+10  0.8214954734   0.748  1.744  3.7516  2.527    4  0.000  0.463     0.00     0.00 -1         0      0.00 7.000e-01 2.990e-01 1.100e-03 5.880e-04 3.170e-03 -1.000 1.000e-03	0.411	1.092	1.094	0.537	0.164	-0.193	-0.657	-1.033	-1.074
0.00100  1.20e+10  0.8215454221   0.748  1.745  3.7515  2.525    4  0.000  0.463     0.00     0.00 -1         0      0.00 7.000e-01 2.990e-01 1.100e-03 5.880e-04 3.170e-03 -1.000 9.999e-04	0.408	1.091	1.093	0.534	0.162	-0.196	-0.661	-1.037	-1.078
0.00100  1.20e+10  0.8215981126   0.748  1.746  3.7511  2.522    4  0.000  0.463     0.00     0.00 -1         0      0.00 7.000e-01 2.990e-01 1.100e-03 5.880e-04 3.170e-03 -1.000 1.000e-03	0.404	1.090	1.091	0.530	0.157	-0.201	-0.667	-1.044	-1.085
0.00100  1.20e+10  0.8216509223   0.748  1.749  3.7506  2.518    4  0.000  0.463     0.00     0.00 -1         0      0.00 7.000e-01 2.990e-01 1.100e-03 5.880e-04 3.170e-03 -1.000 9.999e-04	0.399	1.089	1.088	0.526	0.152	-0.207	-0.674	-1.053	-1.094
0.00100  1.20e+10  0.8216636777   0.748  1.749  3.7505  2.517    4  0.000  0.463     0.00     0.00 -1         0      0.00 7.000e-01 2.990e-01 1.100e-03 5.880e-04 3.170e-03 -1.000 1.000e-03	0.397	1.088	1.088	0.525	0.150	-0.209	-0.676	-1.055	-1.096
0.00100  1.20e+10  0.8216884136   0.748  1.750  3.7502  2.514    4  0.000  0.463     0.00     0.00 -1         0      0.00 7.000e-01 2.990e-01 1.100e-03 5.880e-04 3.170e-03 -1.000 9.999e-04	0.394	1.088	1.086	0.522	0.147	-0.213	-0.681	-1.060	-1.102
0.00100  1.20e+10  0.8217343092   0.748  1.753  3.7495  2.509    4  0.000  0.463     0.00     0.00 -1         0      0.00 7.000e-01 2.990e-01 1.100e-03 5.880e-04 3.170e-03 -1.000 1.000e-03	0.387	1.087	1.084	0.517	0.140	-0.221	-0.691	-1.071	-1.113
0.00100  1.20e+10  0.8217803240   0.748  1.756  3.7488  2.503    4  0.000  0.463     0.00     0.00 -1         0      0.00 7.000e-01 2.990e-01 1.100e-03 5.880e-04 3.170e-03 -1.000 1.000e-03	0.380	1.086	1.081	0.511	0.133	-0.229	-0.701	-1.083	-1.125
0.00100  1.20e+10  0.8218253851   0.748  1.759  3.7481  2.497    4  0.000  0.463     0.00     0.00 -1         0      0.00 7.000e-01 2.990e-01 1.100e-03 5.880e-04 3.170e-03 -1.000 1.000e-03	0.372	1.085	1.078	0.504	0.125	-0.238	-0.712	-1.096	-1.139
0.00100  1.20e+10  0.8218708038   0.748  1.763  3.7472  2.490    4  0.000  0.463     0.00     0.00 -1         0      0.00 7.000e-01 2.990e-01 1.100e-03 5.880e-04 3.170e-03 -1.000 1.000e-03	0.362	1.084	1.074	0.496	0.115	-0.250	-0.726	-1.112	-1.155
0.00100  1.20e+10  0.8219164610   0.748  1.768  3.7460  2.480    4  0.000  0.463     0.00     0.00 -1         0      0.00 7.000e-01 2.990e-01 1.100e-03 5.880e-04 3.170e-03 -1.000 1.000e-03	0.350	1.082	1.069	0.486	0.103	-0.264	-0.744	-1.133	-1.176
0.00100  1.20e+10  0.8219616413   0.748  1.773  3.7449  2.471    4  0.000  0.463     0.00     0.00 -1         0      0.00 7.000e-01 2.990e-01 1.100e-03 5.880e-04 3.170e-03 -1.000 1.000e-03	0.338	1.080	1.063	0.476	0.090	-0.279	-0.761	-1.153	-1.196
0.00100  1.20e+10  0.8220073581   0.748  1.776  3.7444  2.466    4  0.000  0.463     0.00     0.00 -1         0      0.00 7.000e-01 2.990e-01 1.100e-03 5.880e-04 3.170e-03 -1.000 1.000e-03	0.330	1.077	1.059	0.469	0.082	-0.288	-0.771	-1.164	-1.208
0.00100  1.20e+10  0.8220525980   0.749  1.784  3.7428  2.452    4  0.000  0.463     0.00     0.00 -1         0      0.00 7.000e-01 2.990e-01 1.100e-03 5.880e-04 3.170e-03 -1.000 9.999e-04	0.311	1.073	1.050	0.453	0.063	-0.310	-0.797	-1.194	-1.238
0.00100  1.20e+10  0.8221015930   0.749  1.794  3.7409  2.434    4  0.000  0.463     0.00     0.00 -1         0      0.00 7.000e-01 2.990e-01 1.100e-03 5.880e-04 3.170e-03 -1.000 1.000e-03	0.286	1.065	1.037	0.432	0.038	-0.338	-0.831	-1.232	-1.277
0.00100  1.20e+10  0.8221420050   0.749  1.804  3.7391  2.417    4  0.000  0.463     0.00     0.00 -1         0      0.00 7.000e-01 2.990e-01 1.100e-03 5.880e-04 3.170e-03 -1.000 1.000e-03	0.260	1.057	1.023	0.410	0.012	-0.367	-0.864	-1.270	-1.315
0.00100  1.20e+10  0.8221876025   0.749  1.819  3.7367  2.392    4  0.000  0.463     0.00     0.00 -1         0      0.00 7.000e-01 2.990e-01 1.100e-03 5.880e-04 3.170e-03 -1.000 1.000e-03	0.223	1.045	1.002	0.377	-0.025	-0.409	-0.913	-1.324	-1.370
0.00100  1.20e+10  0.8222337365   0.749  1.847  3.7325  2.348    4  0.000  0.463     0.00     0.00 -1         0      0.00 7.000e-01 2.990e-01 1.100e-03 5.880e-04 3.170e-03 -1.000 1.000e-03	0.153	1.025	0.963	0.317	-0.094	-0.485	-1.001	-1.422	-1.470
0.00100  1.20e+10  0.8222627044   0.749  1.880  3.7279  2.296    4  0.000  0.463     0.00     0.00 -1         0      0.00 7.000e-01 2.990e-01 1.100e-03 5.880e-04 3.170e-03 -1.000 1.000e-03	0.070	0.998	0.914	0.245	-0.176	-0.575	-1.104	-1.537	-1.587
0.00100  1.20e+10  0.8222773075   0.749  1.914  3.7233  2.243    4  0.000  0.463     0.00     0.00 -1         0      0.00 7.000e-01 2.990e-01 1.100e-03 5.880e-04 3.170e-03 -1.000 1.000e-03	-0.016	0.969	0.863	0.170	-0.261	-0.668	-1.210	-1.654	-1.706
0.00100  1.20e+10  0.8222837448   0.749  1.947  3.7191  2.194    4  0.000  0.463     0.00     0.00 -1         0      0.00 7.000e-01 2.990e-01 1.100e-03 5.880e-04 3.170e-03 -1.000 1.000e-03	-0.098	0.947	0.815	0.100	-0.340	-0.754	-1.309	-1.764	-1.818
0.00100  1.20e+10  0.8222869635   0.749  1.980  3.7152  2.145    4  0.000  0.463     0.00     0.00 -1         0      0.00 7.000e-01 2.990e-01 1.100e-03 5.880e-04 3.170e-03 -1.000 1.000e-03	-0.179	0.923	0.766	0.030	-0.419	-0.841	-1.407	-1.873	-1.928
0.00100  1.20e+10  0.8222885728   0.749  2.010  3.7117  2.101    4  0.000  0.463     0.00     0.00 -1         0      0.00 7.000e-01 2.990e-01 1.100e-03 5.880e-04 3.170e-03 -1.000 1.000e-03	-0.256	0.896	0.718	-0.037	-0.494	-0.921	-1.498	-1.973	-2.029
0.00100  1.20e+10  0.8222895861   0.749  2.040  3.7085  2.058    4  0.000  0.463     0.00     0.00 -1         0      0.00 7.000e-01 2.990e-01 1.100e-03 5.880e-04 3.170e-03 -1.000 1.000e-03	-0.331	0.871	0.671	-0.102	-0.566	-0.999	-1.586	-2.069	-2.126
0.00100  1.20e+10  0.8222898245   0.749  2.047  3.7078  2.049    4  0.000  0.463     0.00     0.00 -1         0      0.00 7.000e-01 2.990e-01 1.100e-03 5.880e-04 3.170e-03 -1.000 1.000e-03	-0.347	0.866	0.661	-0.115	-0.581	-1.016	-1.604	-2.089	-2.147
0.00100  1.20e+10  0.8222898841   0.749  2.051  3.7075  2.044    4  0.000  0.463     0.00     0.00 -1         0      0.00 7.000e-01 2.990e-01 1.100e-03 5.880e-04 3.170e-03 -1.000 1.000e-03	-0.356	0.862	0.655	-0.124	-0.590	-1.026	-1.615	-2.101	-2.159
0.00100  1.20e+10  0.8222910166   0.749  2.098  3.7030  1.978    4  0.000  0.463     0.00     0.00 -1         0      0.00 7.000e-01 2.990e-01 1.100e-03 5.880e-04 3.170e-03 -1.000 1.000e-03	-0.475	0.819	0.577	-0.228	-0.705	-1.149	-1.752	-2.251	-2.310
0.00100  1.20e+10  0.8222919106   0.749  2.136  3.6995  1.926    4  0.000  0.463     0.00     0.00 -1         0      0.00 7.000e-01 2.990e-01 1.100e-03 5.880e-04 3.170e-03 -1.000 1.000e-03	-0.571	0.785	0.515	-0.312	-0.797	-1.248	-1.862	-2.370	-2.431
0.00100  1.20e+10  0.8222927451   0.749  2.172  3.6963  1.878    4  0.000  0.463     0.00     0.00 -1         0      0.00 7.000e-01 2.990e-01 1.100e-03 5.880e-04 3.170e-03 -1.000 1.000e-03	-0.659	0.752	0.457	-0.389	-0.882	-1.340	-1.963	-2.479	-2.541
0.00100  1.20e+10  0.8222936988   0.749  2.195  3.6943  1.846    4  0.000  0.463     0.00     0.00 -1         0      0.00 7.000e-01 2.990e-01 1.100e-03 5.880e-04 3.170e-03 -1.000 1.000e-03	-0.718	0.733	0.419	-0.440	-0.938	-1.399	-2.029	-2.551	-2.614
0.00100  1.20e+10  0.8222958446   0.749  2.204  3.6937  1.835    4  0.000  0.463     0.00     0.00 -1         0      0.00 7.000e-01 2.990e-01 1.100e-03 5.880e-04 3.170e-03 -1.000 1.000e-03	-0.741	0.723	0.402	-0.460	-0.960	-1.423	-2.055	-2.578	-2.641
0.00100  1.20e+10  0.8222977519   0.749  2.186  3.6953  1.860    4  0.000  0.463     0.00     0.00 -1         0      0.00 7.000e-01 2.990e-01 1.100e-03 5.880e-04 3.170e-03 -1.000 1.000e-03	-0.695	0.735	0.430	-0.421	-0.917	-1.377	-2.003	-2.521	-2.584
0.00100  1.20e+10  0.8223028183   0.749  2.162  3.6974  1.892    4  0.000  0.463     0.00     0.00 -1         0      0.00 7.000e-01 2.990e-01 1.100e-03 5.880e-04 3.170e-03 -1.000 1.000e-03	-0.636	0.756	0.469	-0.370	-0.860	-1.316	-1.936	-2.448	-2.510
0.00100  1.20e+10  0.8223319650   0.749  2.172  3.6961  1.877    4  0.000  0.463     0.00     0.00 -1         0      0.00 7.000e-01 2.990e-01 1.100e-03 5.880e-04 3.170e-03 -1.000 1.000e-03	-0.660	0.755	0.458	-0.389	-0.882	-1.341	-1.965	-2.481	-2.543
0.00100  1.20e+10  0.8223494291   0.749  2.206  3.6929  1.830    4  0.000  0.463     0.00     0.00 -1         0      0.00 7.000e-01 2.990e-01 1.100e-03 5.880e-04 3.170e-03 -1.000 1.000e-03	-0.744	0.733	0.406	-0.461	-0.962	-1.426	-2.061	-2.586	-2.650
0.00100  1.20e+10  0.8223691583   0.749  2.252  3.6888  1.768    4  0.000  0.463     0.00     0.00 -1         0      0.00 7.000e-01 2.990e-01 1.100e-03 5.880e-04 3.170e-03 -1.000 1.000e-03	-0.859	0.702	0.335	-0.558	-1.070	-1.543	-2.191	-2.728	-2.792
0.00100  1.20e+10  0.8223873377   0.749  2.296  3.6849  1.709    4  0.000  0.463     0.00     0.00 -1         0      0.00 7.000e-01 2.990e-01 1.100e-03 5.880e-04 3.170e-03 -1.000 1.000e-03	-0.969	0.671	0.265	-0.653	-1.174	-1.654	-2.316	-2.863	-2.929
0.00100  1.20e+10  0.8224033117   0.749  2.338  3.6813  1.652    4  0.000  0.463     0.00     0.00 -1         0      0.00 7.000e-01 2.990e-01 1.100e-03 5.880e-04 3.170e-03 -1.000 1.000e-03	-1.074	0.642	0.200	-0.742	-1.274	-1.761	-2.434	-2.992	-3.059
0.00100  1.20e+10  0.8224173784   0.749  2.379  3.6778  1.596    4  0.000  0.463     0.00     0.00 -1         0      0.00 7.000e-01 2.990e-01 1.100e-03 5.880e-04 3.170e-03 -1.000 1.000e-03	-1.179	0.615	0.136	-0.829	-1.371	-1.865	-2.551	-3.120	-3.188
0.00100  1.20e+10  0.8224297166   0.749  2.421  3.6743  1.541    4  0.000  0.463     0.00     0.00 -1         0      0.00 7.000e-01 2.990e-01 1.100e-03 5.880e-04 3.170e-03 -1.000 1.000e-03	-1.282	0.590	0.074	-0.916	-1.467	-1.968	-2.666	-3.246	-3.315
0.00100  1.20e+10  0.8224405646   0.749  2.462  3.6708  1.486    4  0.000  0.463     0.00     0.00 -1         0      0.00 7.000e-01 2.990e-01 1.100e-03 5.880e-04 3.170e-03 -1.000 1.000e-03	-1.385	0.569	0.013	-1.000	-1.561	-2.069	-2.780	-3.370	-3.441
0.00100  1.20e+10  0.8224503398   0.749  2.503  3.6674  1.431    4  0.000  0.463     0.00     0.00 -1         0      0.00 7.000e-01 2.990e-01 1.100e-03 5.880e-04 3.170e-03 -1.000 1.000e-03	-1.487	0.554	-0.044	-1.083	-1.655	-2.171	-2.895	-3.494	-3.566
0.00100  1.20e+10  0.8224592209   0.749  2.544  3.6639  1.376    4  0.000  0.463     0.00     0.00 -1         0      0.00 7.000e-01 2.990e-01 1.100e-03 5.880e-04 3.170e-03 -1.000 1.000e-03	-1.589	0.545	-0.098	-1.164	-1.748	-2.271	-3.008	-3.618	-3.692
0.00100  1.20e+10  0.8224673867   0.749  2.584  3.6604  1.322    4  0.000  0.463     0.00     0.00 -1         0      0.00 7.000e-01 2.990e-01 1.100e-03 5.880e-04 3.170e-03 -1.000 1.000e-03	-1.690	0.538	-0.150	-1.244	-1.840	-2.371	-3.122	-3.742	-3.817
0.00100  1.20e+10  0.8224749565   0.749  2.625  3.6569  1.267    4  0.000  0.463     0.00     0.00 -1         0      0.00 7.000e-01 2.990e-01 1.100e-03 5.880e-04 3.170e-03 -1.000 1.000e-03	-1.793	0.536	-0.202	-1.325	-1.933	-2.472	-3.236	-3.867	-3.944
0.00100  1.20e+10  0.8224819899   0.749  2.666  3.6534  1.212    4  0.000  0.463     0.00     0.00 -1         0      0.00 7.000e-01 2.990e-01 1.100e-03 5.880e-04 3.170e-03 -1.000 9.999e-04	-1.894	0.537	-0.250	-1.403	-2.023	-2.571	-3.349	-3.990	-4.069
0.00100  1.20e+10  0.8224887848   0.749  2.706  3.6498  1.158    4  0.000  0.463     0.00     0.00 -1         0      0.00 7.000e-01 2.990e-01 1.100e-03 5.880e-04 3.170e-03 -1.000 1.000e-03	-1.996	0.546	-0.294	-1.477	-2.111	-2.668	-3.461	-4.113	-4.194
0.00100  1.20e+10  0.8224953413   0.749  2.746  3.6463  1.103    4  0.000  0.463     0.00     0.00 -1         0      0.00 7.000e-01 2.990e-01 1.100e-03 5.880e-04 3.170e-03 -1.000 1.000e-03	-2.096	0.559	-0.337	-1.550	-2.197	-2.763	-3.571	-4.235	-4.317
0.00100  1.20e+10  0.8225016594   0.749  2.788  3.6427  1.047    4  0.000  0.463     0.00     0.00 -1         0      0.00 7.000e-01 2.990e-01 1.100e-03 5.880e-04 3.170e-03 -1.000 1.000e-03	-2.199	0.577	-0.378	-1.624	-2.286	-2.861	-3.685	-4.360	-4.446
0.00100  1.20e+10  0.8225072622   0.749  2.829  3.6391  0.992    4  0.000  0.463     0.00     0.00 -1         0      0.00 7.000e-01 2.990e-01 1.100e-03 5.880e-04 3.170e-03 -1.000 1.000e-03	-2.301	0.599	-0.416	-1.695	-2.373	-2.958	-3.798	-4.484	-4.572
0.00100  1.20e+10  0.8225123882   0.749  2.872  3.6352  0.934    4  0.000  0.463     0.00     0.00 -1         0      0.00 7.000e-01 2.990e-01 1.100e-03 5.880e-04 3.170e-03 -1.000 9.999e-04	-2.410	0.642	-0.447	-1.765	-2.461	-3.059	-3.916	-4.615	-4.706
0.00100  1.20e+10  0.8225165009   0.749  2.916  3.6313  0.874    4  0.000  0.463     0.00     0.00 -1         0      0.00 7.000e-01 2.990e-01 1.100e-03 5.880e-04 3.170e-03 -1.000 1.000e-03	-2.519	0.690	-0.475	-1.835	-2.551	-3.160	-4.037	-4.748	-4.842
0.00100  1.20e+10  0.8225196600   0.749  2.956  3.6276  0.819    4  0.000  0.463     0.00     0.00 -1         0      0.00 7.000e-01 2.990e-01 1.100e-03 5.880e-04 3.170e-03 -1.000 1.000e-03	-2.620	0.740	-0.499	-1.898	-2.632	-3.254	-4.148	-4.870	-4.968
0.00100  1.20e+10  0.8225225210   0.749  2.996  3.6240  0.764    4  0.000  0.463     0.00     0.00 -1         0      0.00 7.000e-01 2.990e-01 1.100e-03 5.880e-04 3.170e-03 -1.000 1.000e-03	-2.720	0.793	-0.520	-1.957	-2.712	-3.346	-4.257	-4.992	-5.092
0.00100  1.20e+10  0.8225252628   0.749  3.037  3.6203  0.709    4  0.000  0.463     0.00     0.00 -1         0      0.00 7.000e-01 2.990e-01 1.100e-03 5.880e-04 3.170e-03 -1.000 1.000e-03	-2.822	0.850	-0.539	-2.016	-2.790	-3.437	-4.368	-5.115	-5.219
0.00100  1.20e+10  0.8225275278   0.749  3.075  3.6168  0.657    4  0.000  0.463     0.00     0.00 -1         0      0.00 7.000e-01 2.990e-01 1.100e-03 5.880e-04 3.170e-03 -1.000 1.000e-03	-2.917	0.906	-0.554	-2.068	-2.863	-3.522	-4.471	-5.229	-5.337
0.00100  1.20e+10  0.8225293159   0.749  3.120  3.6127  0.596    4  0.000  0.463     0.00     0.00 -1         0      0.00 7.000e-01 2.990e-01 1.100e-03 5.880e-04 3.170e-03 -1.000 1.000e-03	-3.029	0.977	-0.570	-2.130	-2.947	-3.622	-4.592	-5.364	-5.477
0.00100  1.20e+10  0.8225297332   0.749  3.138  3.6110  0.571    4  0.000  0.463     0.00     0.00 -1         0      0.00 7.000e-01 2.990e-01 1.100e-03 5.880e-04 3.170e-03 -1.000 1.000e-03	-3.075	1.007	-0.576	-2.154	-2.981	-3.663	-4.642	-5.420	-5.534
0.00100  1.20e+10  0.8225302100   0.749  3.156  3.6065  0.535    8  0.523  0.456    53.16    28.10  1 -1.85e-07      0.00 7.398e-01 2.592e-01 1.489e-04 8.444e-05 4.350e-04 -1.000 9.963e-04	-3.119	1.129	-0.526	-2.142	-2.993	-3.691	-4.692	-5.488	-5.608
0.00100  1.20e+10  0.8225302696   0.748  2.919  3.6276  0.855    8  0.523  0.456    26.65    15.46  1 -7.56e-08      0.00 7.398e-01 2.592e-01 1.489e-04 8.444e-05 4.350e-04 -1.000 9.964e-04	-2.528	0.801	-0.420	-1.809	-2.541	-3.161	-4.054	-4.778	-4.875
0.00100  1.20e+10  0.8225303888   0.747  2.768  3.6411  1.060    8  0.523  0.456    17.15    10.55  1 -4.57e-08      0.00 7.398e-01 2.592e-01 1.489e-04 8.444e-05 4.350e-04 -1.000 9.963e-04	-2.150	0.659	-0.309	-1.563	-2.230	-2.809	-3.640	-4.320	-4.407
0.00100  1.20e+10  0.8225305676   0.745  2.590  3.6569  1.299    8  0.523  0.456    10.22     6.74  1  -2.7e-08      0.00 7.398e-01 2.592e-01 1.489e-04 8.444e-05 4.350e-04 -1.000 9.963e-04	-1.706	0.608	-0.120	-1.239	-1.845	-2.384	-3.148	-3.779	-3.856
0.00100  1.20e+10  0.8225308061   0.741  2.604  3.6557  1.279    8  0.523  0.456    10.68     6.98  1 -2.82e-08      0.00 7.398e-01 2.592e-01 1.489e-04 8.444e-05 4.350e-04 -1.000 9.964e-04	-1.739	0.611	-0.135	-1.264	-1.875	-2.416	-3.185	-3.820	-3.897
0.00100  1.20e+10  0.8225311041   0.737  2.728  3.6445  1.107    8  0.523  0.456    15.47     9.59  1  -4.1e-08      0.00 7.398e-01 2.592e-01 1.489e-04 8.444e-05 4.350e-04 -1.000 9.963e-04	-2.050	0.648	-0.266	-1.490	-2.144	-2.714	-3.530	-4.200	-4.284
0.00100  1.20e+10  0.8225315213   0.732  2.910  3.6282  0.857    8  0.524  0.456    26.53    15.24  1 -7.53e-08      0.00 7.398e-01 2.592e-01 1.489e-04 8.444e-05 4.350e-04 -1.000 9.964e-04	-2.504	0.806	-0.407	-1.791	-2.520	-3.139	-4.029	-4.751	-4.847
0.00100  1.20e+10  0.8225319386   0.726  3.065  3.6143  0.643    8  0.524  0.456    42.18    22.66  1 -1.35e-07      0.00 7.398e-01 2.592e-01 1.489e-04 8.444e-05 4.350e-04 -1.000 9.964e-04	-2.892	1.022	-0.479	-2.015	-2.822	-3.490	-4.451	-5.218	-5.329
0.00100  1.20e+10  0.8225324750   0.719  3.170  3.6048  0.496    8  0.524  0.456    57.95    29.68  1  -2.1e-07      0.00 7.398e-01 2.592e-01 1.489e-04 8.444e-05 4.350e-04 -1.000 9.964e-04	-3.155	1.184	-0.513	-2.152	-3.015	-3.721	-4.732	-5.533	-5.655
0.00100  1.20e+10  0.8225330710   0.711  3.232  3.5992  0.407    8  0.525  0.456    70.28    34.86  1 -2.77e-07      0.00 7.398e-01 2.592e-01 1.489e-04 8.444e-05 4.350e-04 -1.000 9.964e-04	-3.309	1.300	-0.513	-2.220	-3.123	-3.856	-4.898	-5.719	-5.848
0.00100  1.20e+10  0.8225337267   0.702  3.268  3.5957  0.351    8  0.525  0.456    79.30    38.45  1  -3.3e-07      0.00 7.398e-01 2.592e-01 1.489e-04 8.444e-05 4.350e-04 -1.000 9.964e-04	-3.401	1.373	-0.507	-2.256	-3.184	-3.935	-4.996	-5.829	-5.962
0.00100  1.20e+10  0.8225344419   0.693  3.296  3.5931  0.307    8  0.525  0.456    87.38    41.49  1 -3.82e-07      0.00 7.398e-01 2.592e-01 1.489e-04 8.444e-05 4.350e-04 -1.000 9.964e-04	-3.471	1.431	-0.500	-2.281	-3.229	-3.994	-5.071	-5.913	-6.050
0.00100  1.20e+10  0.8225345016   0.693  3.111  3.6097  0.558    8  0.525  0.456    50.80    25.95  1 -1.74e-07      0.00 7.398e-01 2.592e-01 1.489e-04 8.444e-05 4.350e-04 -1.000 9.964e-04	-3.008	1.125	-0.480	-2.070	-2.904	-3.591	-4.576	-5.359	-5.476
0.00100  1.20e+10  0.8225345612   0.691  2.916  3.6271  0.822    8  0.525  0.456    28.77    15.85  1 -8.34e-08      0.00 7.398e-01 2.592e-01 1.489e-04 8.444e-05 4.350e-04 -1.000 9.964e-04	-2.521	0.850	-0.394	-1.795	-2.531	-3.154	-4.049	-4.774	-4.871
0.00100  1.20e+10  0.8225346804   0.689  2.735  3.6435  1.067    8  0.526  0.456    16.98    10.03  1 -4.57e-08      0.00 7.398e-01 2.592e-01 1.489e-04 8.444e-05 4.350e-04 -1.000 9.964e-04	-2.068	0.677	-0.262	-1.499	-2.158	-2.731	-3.552	-4.224	-4.309
0.00100  1.20e+10  0.8225349188   0.685  2.745  3.6428  1.053    8  0.526  0.456    17.51    10.27  1 -4.76e-08      0.00 7.398e-01 2.592e-01 1.489e-04 8.444e-05 4.350e-04 -1.000 9.964e-04	-2.092	0.677	-0.274	-1.517	-2.179	-2.754	-3.577	-4.252	-4.337
0.00100  1.20e+10  0.8225351572   0.681  2.863  3.6325  0.891    8  0.526  0.456    24.84    13.84  1 -7.11e-08      0.00 7.398e-01 2.592e-01 1.489e-04 8.444e-05 4.350e-04 -1.000 9.965e-04	-2.386	0.774	-0.368	-1.715	-2.424	-3.030	-3.901	-4.608	-4.701
0.00100  1.20e+10  0.8225354552   0.676  3.035  3.6174  0.654    8  0.526  0.456    41.43    21.42  1 -1.36e-07      0.00 7.398e-01 2.592e-01 1.489e-04 8.444e-05 4.350e-04 -1.000 9.964e-04	-2.818	0.992	-0.463	-1.975	-2.767	-3.425	-4.371	-5.127	-5.235
0.00100  1.20e+10  0.8225358725   0.670  3.181  3.6047  0.454    8  0.526  0.456    63.96    31.00  1 -2.49e-07      0.00 7.398e-01 2.592e-01 1.489e-04 8.444e-05 4.350e-04 -1.000 9.964e-04	-3.182	1.209	-0.513	-2.169	-3.039	-3.749	-4.762	-5.563	-5.685
0.00100  1.20e+10  0.8225362897   0.663  3.276  3.5965  0.321    8  0.527  0.456    85.28    39.46  1 -3.83e-07      0.00 7.398e-01 2.592e-01 1.489e-04 8.444e-05 4.350e-04 -1.000 9.964e-04	-3.421	1.367	-0.522	-2.278	-3.207	-3.958	-5.017	-5.846	-5.979
0.00100  1.20e+10  0.8225367069   0.655  3.328  3.5922  0.247    8  0.527  0.456   100.27    45.00  0 -4.94e-07      0.00 7.398e-01 2.592e-01 1.489e-04 8.444e-05 4.350e-04 -1.000 9.964e-04	-3.551	1.447	-0.525	-2.335	-3.297	-4.071	-5.155	-5.998	-6.137
0.00100  1.20e+10  0.8225372434   0.647  3.354  3.5903  0.208    8  0.527  0.456   109.50    48.07  0 -5.72e-07      0.00 7.398e-01 2.592e-01 1.489e-04 8.444e-05 4.350e-04 -1.000 9.964e-04	-3.616	1.482	-0.529	-2.366	-3.343	-4.129	-5.225	-6.074	-6.216
0.00100  1.20e+10  0.8225378394   0.638  3.371  3.5893  0.181    8  0.528  0.456   116.49    50.09  0 -6.35e-07      0.00 7.398e-01 2.592e-01 1.489e-04 8.444e-05 4.350e-04 -1.000 9.964e-04	-3.658	1.501	-0.535	-2.388	-3.375	-4.167	-5.269	-6.121	-6.265
0.00100  1.20e+10  0.8225378394   0.637  3.192  3.6056  0.424    8  0.528  0.456    68.89    31.79  1 -2.89e-07      0.00 7.398e-01 2.592e-01 1.489e-04 8.444e-05 4.350e-04 -1.000 9.965e-04	-3.210	1.189	-0.539	-2.200	-3.071	-3.781	-4.791	-5.587	-5.708
0.00100  1.20e+10  0.8225378990   0.636  2.996  3.6234  0.691    8  0.528  0.456    38.82    19.31  1 -1.32e-07      0.00 7.398e-01 2.592e-01 1.489e-04 8.444e-05 4.350e-04 -1.000 9.964e-04	-2.721	0.875	-0.483	-1.944	-2.708	-3.347	-4.262	-4.997	-5.098
0.00100  1.20e+10  0.8225379586   0.633  2.812  3.6405  0.942    8  0.528  0.456    22.62    12.06  1 -6.91e-08      0.00 7.398e-01 2.592e-01 1.489e-04 8.444e-05 4.350e-04 -1.000 9.964e-04	-2.259	0.642	-0.379	-1.660	-2.337	-2.921	-3.755	-4.435	-4.521
0.00100  1.20e+10  0.8225380778   0.629  2.816  3.6406  0.935    8  0.528  0.456    22.98    12.16  1 -7.11e-08      0.00 7.398e-01 2.592e-01 1.489e-04 8.444e-05 4.350e-04 -1.000 9.964e-04	-2.271	0.633	-0.390	-1.672	-2.349	-2.933	-3.766	-4.446	-4.532
0.00100  1.20e+10  0.8225381970   0.625  2.927  3.6313  0.784    8  0.528  0.456    31.90    16.03  1 -1.07e-07      0.00 7.398e-01 2.592e-01 1.489e-04 8.444e-05 4.350e-04 -1.000 9.964e-04	-2.546	0.738	-0.471	-1.853	-2.577	-3.191	-4.068	-4.777	-4.871
0.00100  1.20e+10  0.8225383759   0.619  3.089  3.6174  0.562    8  0.528  0.456    51.68    24.11  1 -2.03e-07      0.00 7.398e-01 2.592e-01 1.489e-04 8.444e-05 4.350e-04 -1.000 9.964e-04	-2.953	0.944	-0.560	-2.099	-2.900	-3.563	-4.511	-5.264	-5.372
0.00100  1.20e+10  0.8225385547   0.613  3.224  3.6061  0.378    8  0.528  0.456    77.28    33.75  1 -3.66e-07      0.00 7.398e-01 2.592e-01 1.489e-04 8.444e-05 4.350e-04 -1.000 9.964e-04	-3.290	1.147	-0.600	-2.277	-3.153	-3.865	-4.874	-5.665	-5.786
0.00100  1.20e+10  0.8225387931   0.606  3.308  3.5996  0.263    8  0.529  0.456    99.67    41.44  0 -5.45e-07      0.00 7.398e-01 2.592e-01 1.489e-04 8.444e-05 4.350e-04 -1.000 9.964e-04	-3.500	1.266	-0.621	-2.382	-3.307	-4.052	-5.098	-5.911	-6.040
0.00100  1.20e+10  0.8225390315   0.598  3.348  3.5972  0.207    8  0.529  0.456   113.18    45.43  0 -6.75e-07      0.00 7.398e-01 2.592e-01 1.489e-04 8.444e-05 4.350e-04 -1.000 9.964e-04	-3.600	1.302	-0.642	-2.439	-3.385	-4.143	-5.204	-6.024	-6.157
0.00100  1.20e+10  0.8225393295   0.589  3.361  3.5973  0.188    8  0.529  0.456   119.22    46.45  0 -7.45e-07      0.00 7.398e-01 2.592e-01 1.489e-04 8.444e-05 4.350e-04 -1.000 9.964e-04	-3.633	1.289	-0.665	-2.469	-3.418	-4.177	-5.238	-6.057	-6.190
0.00100  1.20e+10  0.8225396276   0.579  3.364  3.5985  0.183    8  0.530  0.456   122.17    46.07  0 -7.86e-07      0.00 7.398e-01 2.592e-01 1.489e-04 8.444e-05 4.350e-04 -1.000 9.964e-04	-3.640	1.252	-0.691	-2.490	-3.434	-4.189	-5.244	-6.058	-6.190
0.00100  1.20e+10  0.8225396276   0.579  3.191  3.6145  0.419    8  0.530  0.456    73.44    29.63  1 -3.68e-07      0.00 7.398e-01 2.592e-01 1.489e-04 8.444e-05 4.350e-04 -1.000 9.964e-04	-3.208	0.930	-0.691	-2.299	-3.132	-3.812	-4.779	-5.538	-5.649
0.00100  1.20e+10  0.8225396872   0.578  2.995  3.6331  0.689    8  0.530  0.456    41.09    17.86  1 -1.69e-07      0.00 7.398e-01 2.592e-01 1.489e-04 8.444e-05 4.350e-04 -1.000 9.964e-04	-2.717	0.591	-0.638	-2.032	-2.758	-3.370	-4.240	-4.939	-5.032
0.00100  1.20e+10  0.8225398064   0.576  2.808  3.6516  0.949    8  0.530  0.456    23.55    10.96  1 -8.86e-08      0.00 7.398e-01 2.592e-01 1.489e-04 8.444e-05 4.350e-04 -1.000 9.964e-04	-2.249	0.359	-0.530	-1.735	-2.374	-2.931	-3.717	-4.359	-4.438
0.00100  1.20e+10  0.8225399256   0.573  2.809  3.6537  0.954    8  0.530  0.456    23.41    10.79  1 -9.19e-08      0.00 7.398e-01 2.592e-01 1.489e-04 8.444e-05 4.350e-04 -1.000 9.964e-04	-2.252	0.299	-0.563	-1.754	-2.385	-2.938	-3.715	-4.350	-4.427
0.00100  1.20e+10  0.8225401044   0.570  2.913  3.6469  0.820    8  0.530  0.456    31.49    13.76  1 -1.37e-07      0.00 7.398e-01 2.592e-01 1.489e-04 8.444e-05 4.350e-04 -1.000 9.964e-04	-2.514	0.303	-0.691	-1.955	-2.620	-3.192	-3.999	-4.653	-4.735
0.00100  1.20e+10  0.8225403428   0.566  3.069  3.6362  0.619    8  0.530  0.456    49.09    19.82  1 -2.58e-07      0.00 7.398e-01 2.592e-01 1.489e-04 8.444e-05 4.350e-04 -1.000 9.964e-04	-2.902	0.371	-0.849	-2.238	-2.959	-3.565	-4.422	-5.108	-5.198
0.00100  1.20e+10  0.8225405812   0.561  3.196  3.6286  0.457    8  0.530  0.456    70.46    26.43  1 -4.55e-07      0.00 7.398e-01 2.592e-01 1.489e-04 8.444e-05 4.350e-04 -1.000 9.964e-04	-3.220	0.430	-0.976	-2.467	-3.235	-3.870	-4.765	-5.473	-5.569
0.00100  1.20e+10  0.8225408196   0.555  3.272  3.6262  0.367    8  0.530  0.456    87.15    30.72  1 -6.67e-07      0.00 7.398e-01 2.592e-01 1.489e-04 8.444e-05 4.350e-04 -1.000 9.964e-04	-3.411	0.412	-1.077	-2.618	-3.409	-4.057	-4.967	-5.679	-5.778
0.00100  1.20e+10  0.8225411773   0.549  3.304  3.6284  0.339    8  0.530  0.456    95.10    31.57  1 -8.17e-07      0.00 7.398e-01 2.592e-01 1.489e-04 8.444e-05 4.350e-04 -1.000 9.964e-04	-3.490	0.290	-1.181	-2.714	-3.500	-4.144	-5.044	-5.747	-5.844
0.00100  1.20e+10  0.8225415349   0.543  3.309  3.6335  0.350    8  0.530  0.456    97.12    29.79  1 -8.95e-07      0.00 7.398e-01 2.592e-01 1.489e-04 8.444e-05 4.350e-04 -1.000 9.964e-04	-3.502	0.096	-1.292	-2.779	-3.540	-4.169	-5.044	-5.729	-5.822
0.00100  1.20e+10  0.8225418925   0.535  3.302  3.6403  0.378    8  0.531  0.456   100.55    26.19  1 -9.41e-07      0.00 7.398e-01 2.592e-01 1.489e-04 8.444e-05 4.350e-04 -1.000 9.964e-04	-3.486	-0.136	-1.409	-2.832	-3.562	-4.169	-5.010	-5.673	-5.760
0.00100  1.20e+10  0.8225425482   0.535 -9.999  4.0665  2.084    9  0.536  0.000     0.00     0.00 -1         0      0.00 7.398e-01 2.592e-01 1.489e-04 8.444e-05 4.350e-04 -1.000 9.964e-04	29.767	29.897	30.348	30.428	30.437	30.460	30.573	30.592	30.620
