# File generated by CMD 2.9 (http://stev.oapd.inaf.it/cmd) on Wed Feb  1 10:21:00 CET 2017
# isochrones PARSEC release v1.2S + COLIBRI release PR16, as in Marigo et al. 2017
# Basic reference: Marigo et al. (2017), ApJ, 835, 77
# Photometric system: <i>UBVRIJHK</i> (cf. Maiz-Apellaniz 2006 + Bessell 1990)
# Kind of output: isochrone tables
# Zini Age Mini  Mass   logL    logTe  logg  label   McoreTP C_O period0 period1 pmode  Mloss  tau1m  X   Y   Xc  Xn  Xo  Cexcess  Z	mbolmag  Umag    Bmag    Vmag    Rmag    Imag    Jmag    Hmag    Kmag 
0.00290  1.20e+10  0.0900000036   0.090 -3.283  3.4239  5.323    0  0.000  0.463     0.00     0.00 -1         0      0.00 7.000e-01 2.990e-01 1.100e-03 5.880e-04 3.170e-03 -1.000 1.000e-03	12.977	21.642	18.880	16.834	15.054	12.896	10.914	10.376	10.085
0.00290  1.20e+10  0.0924984142   0.093 -3.226  3.4318  5.309    0  0.000  0.463     0.00     0.00 -1         0      0.00 7.000e-01 2.990e-01 1.100e-03 5.880e-04 3.170e-03 -1.000 1.000e-03	12.835	21.239	18.523	16.492	14.766	12.673	10.792	10.256	9.980
0.00290  1.20e+10  0.0996180773   0.100 -3.072  3.4533  5.274    0  0.000  0.463     0.00     0.00 -1         0      0.00 7.000e-01 2.990e-01 1.100e-03 5.880e-04 3.170e-03 -1.000 1.000e-03	12.451	21.035	17.742	15.572	13.912	12.024	10.486	9.936	9.758
0.00290  1.20e+10  0.1066567227   0.107 -2.969  3.4659  5.250    0  0.000  0.463     0.00     0.00 -1         0      0.00 7.000e-01 2.990e-01 1.100e-03 5.880e-04 3.170e-03 -1.000 1.000e-03	12.191	20.184	17.110	14.990	13.466	11.713	10.267	9.701	9.512
0.00290  1.20e+10  0.1188542396   0.119 -2.804  3.4859  5.212    0  0.000  0.463     0.00     0.00 -1  1.42e-16      0.00 7.000e-01 2.990e-01 1.100e-03 5.880e-04 3.170e-03 -1.000 1.000e-03	11.780	18.721	16.119	14.114	12.784	11.253	9.918	9.332	9.116
0.00290  1.20e+10  0.1380904019   0.138 -2.619  3.5051  5.169    0  0.000  0.463     0.00     0.00 -1         0      0.00 7.000e-01 2.990e-01 1.100e-03 5.880e-04 3.170e-03 -1.000 1.000e-03	11.319	17.400	15.181	13.290	12.089	10.755	9.513	8.919	8.689
0.00290  1.20e+10  0.1573265791   0.157 -2.478  3.5178  5.135    0  0.000  0.463     0.00     0.00 -1  2.86e-16      0.00 7.000e-01 2.990e-01 1.100e-03 5.880e-04 3.170e-03 -1.000 1.000e-03	10.964	16.550	14.543	12.729	11.593	10.379	9.192	8.598	8.363
0.00290  1.20e+10  0.1957989037   0.195 -2.259  3.5342  5.076    0  0.000  0.463     0.00     0.00 -1  4.54e-16      0.00 7.000e-01 2.990e-01 1.100e-03 5.880e-04 3.170e-03 -1.000 1.000e-03	10.417	15.455	13.667	11.953	10.883	9.804	8.687	8.096	7.859
0.00290  1.20e+10  0.2438893318   0.243 -2.052  3.5469  5.016    0  0.000  0.463     0.00     0.00 -1         0      0.00 7.000e-01 2.990e-01 1.100e-03 5.880e-04 3.170e-03 -1.000 1.000e-03	9.901	14.579	12.922	11.285	10.255	9.270	8.202	7.614	7.378
0.00290  1.20e+10  0.2919797301   0.291 -1.892  3.5559  4.970    0  0.000  0.463     0.00     0.00 -1         0      0.00 7.000e-01 2.990e-01 1.100e-03 5.880e-04 3.170e-03 -1.000 1.000e-03	9.500	13.959	12.375	10.786	9.781	8.857	7.824	7.237	7.004
0.00290  1.20e+10  0.3400701284   0.340 -1.757  3.5636  4.932    0  0.000  0.463     0.00     0.00 -1         0      0.00 7.000e-01 2.990e-01 1.100e-03 5.880e-04 3.170e-03 -1.000 9.999e-04	9.161	13.457	11.927	10.374	9.391	8.511	7.506	6.919	6.689
0.00290  1.20e+10  0.3881605268   0.388 -1.611  3.5741  4.886    0  0.000  0.463     0.00     0.00 -1         0      0.00 7.000e-01 2.990e-01 1.100e-03 5.880e-04 3.170e-03 -1.000 1.000e-03	8.798	12.857	11.428	9.927	8.967	8.135	7.159	6.576	6.354
0.00290  1.20e+10  0.4362509847   0.436 -1.449  3.5880  4.830    0  0.000  0.463     0.00     0.00 -1  2.61e-15      0.00 7.000e-01 2.990e-01 1.100e-03 5.880e-04 3.170e-03 -1.000 1.000e-03	8.393	12.017	10.818	9.411	8.490	7.708	6.764	6.181	5.985
0.00290  1.20e+10  0.4843413830   0.484 -1.269  3.6081  4.775    0  0.000  0.463     0.00     0.00 -1  3.99e-15      0.00 7.000e-01 2.990e-01 1.100e-03 5.880e-04 3.170e-03 -1.000 1.000e-03	7.942	10.924	9.995	8.747	7.927	7.250	6.378	5.754	5.603
0.00290  1.20e+10  0.5324318409   0.532 -1.064  3.6366  4.726    0  0.000  0.463     0.00     0.00 -1  6.44e-15      0.00 7.000e-01 2.990e-01 1.100e-03 5.880e-04 3.170e-03 -1.000 1.000e-03	7.431	9.981	9.174	8.055	7.338	6.751	5.947	5.305	5.188
0.00290  1.20e+10  0.5724368691   0.572 -0.894  3.6635  4.695    0  0.000  0.463     0.00     0.00 -1  9.53e-15      0.00 7.000e-01 2.990e-01 1.100e-03 5.880e-04 3.170e-03 -1.000 1.000e-03	7.004	9.091	8.451	7.454	6.837	6.322	5.594	4.995	4.904
0.00290  1.20e+10  0.5805221796   0.580 -0.861  3.6688  4.689    0  0.000  0.463     0.00     0.00 -1  1.03e-14      0.00 7.000e-01 2.990e-01 1.100e-03 5.880e-04 3.170e-03 -1.000 1.000e-03	6.922	8.916	8.315	7.339	6.740	6.237	5.527	4.941	4.854
0.00290  1.20e+10  0.6286125779   0.628 -0.664  3.7000  4.652    0  0.000  0.463     0.00     0.00 -1  1.62e-14      0.00 7.000e-01 2.990e-01 1.100e-03 5.880e-04 3.170e-03 -1.000 1.000e-03	6.430	7.897	7.544	6.689	6.186	5.745	5.139	4.640	4.571
0.00290  1.20e+10  0.6336272955   0.633 -0.644  3.7032  4.648    0  0.000  0.463     0.00     0.00 -1   1.7e-14      0.00 7.000e-01 2.990e-01 1.100e-03 5.880e-04 3.170e-03 -1.000 1.000e-03	6.379	7.796	7.469	6.626	6.131	5.695	5.099	4.609	4.542
0.00290  1.20e+10  0.6476917267   0.647 -0.586  3.7120  4.635    0  0.000  0.463     0.00     0.00 -1         0      0.00 7.000e-01 2.990e-01 1.100e-03 5.880e-04 3.170e-03 -1.000 1.000e-03	6.235	7.514	7.258	6.450	5.976	5.556	4.988	4.522	4.460
0.00290  1.20e+10  0.6613100767   0.661 -0.530  3.7205  4.622    0  0.000  0.463     0.00     0.00 -1         0      0.00 7.000e-01 2.990e-01 1.100e-03 5.880e-04 3.170e-03 -1.000 1.000e-03	6.096	7.249	7.057	6.283	5.829	5.424	4.881	4.437	4.379
0.00290  1.20e+10  0.6739760041   0.674 -0.478  3.7282  4.609    0  0.000  0.463     0.00     0.00 -1         0      0.00 7.000e-01 2.990e-01 1.100e-03 5.880e-04 3.170e-03 -1.000 1.000e-03	5.965	7.008	6.874	6.132	5.695	5.302	4.782	4.357	4.302
0.00290  1.20e+10  0.6767030954   0.676 -0.467  3.7298  4.606    0  0.000  0.463     0.00     0.00 -1         0      0.00 7.000e-01 2.990e-01 1.100e-03 5.880e-04 3.170e-03 -1.000 1.000e-03	5.937	6.958	6.835	6.100	5.666	5.276	4.761	4.339	4.286
0.00290  1.20e+10  0.6901600361   0.690 -0.411  3.7374  4.589    0  0.000  0.463     0.00     0.00 -1         0      0.00 7.000e-01 2.990e-01 1.100e-03 5.880e-04 3.170e-03 -1.000 9.999e-04	5.797	6.713	6.644	5.941	5.524	5.146	4.653	4.249	4.199
0.00290  1.20e+10  0.7030075788   0.702 -0.357  3.7445  4.571    0  0.000  0.463     0.00     0.00 -1         0      0.00 7.000e-01 2.990e-01 1.100e-03 5.880e-04 3.170e-03 -1.000 1.000e-03	5.661	6.492	6.466	5.794	5.391	5.023	4.549	4.160	4.114
0.00290  1.20e+10  0.7151784897   0.715 -0.304  3.7510  4.552    0  0.000  0.463     0.00     0.00 -1         0      0.00 7.000e-01 2.990e-01 1.100e-03 5.880e-04 3.170e-03 -1.000 1.000e-03	5.531	6.284	6.297	5.653	5.262	4.904	4.447	4.073	4.029
0.00290  1.20e+10  0.7255936861   0.725 -0.259  3.7563  4.535    0  0.000  0.463     0.00     0.00 -1         0      0.00 7.000e-01 2.990e-01 1.100e-03 5.880e-04 3.170e-03 -1.000 1.000e-03	5.417	6.113	6.153	5.532	5.151	4.802	4.358	3.995	3.954
0.00290  1.20e+10  0.7263492346   0.726 -0.255  3.7567  4.533    0  0.000  0.463     0.00     0.00 -1         0      0.00 7.000e-01 2.990e-01 1.100e-03 5.880e-04 3.170e-03 -1.000 1.000e-03	5.409	6.101	6.142	5.523	5.143	4.794	4.352	3.989	3.948
0.00290  1.20e+10  0.7368875742   0.736 -0.208  3.7615  4.511    0  0.000  0.463     0.00     0.00 -1         0      0.00 7.000e-01 2.990e-01 1.100e-03 5.880e-04 3.170e-03 -1.000 1.000e-03	5.291	5.933	5.997	5.399	5.028	4.687	4.256	3.903	3.865
0.00290  1.20e+10  0.7471058965   0.746 -0.161  3.7660  4.488    0  0.000  0.463     0.00     0.00 -1         0      0.00 7.000e-01 2.990e-01 1.100e-03 5.880e-04 3.170e-03 -1.000 9.999e-04	5.173	5.769	5.854	5.275	4.913	4.578	4.159	3.815	3.779
0.00290  1.20e+10  0.7562981248   0.756 -0.117  3.7699  4.465    0  0.000  0.463     0.00     0.00 -1         0      0.00 7.000e-01 2.990e-01 1.100e-03 5.880e-04 3.170e-03 -1.000 1.000e-03	5.064	5.627	5.725	5.162	4.807	4.478	4.069	3.732	3.698
0.00290  1.20e+10  0.7652434707   0.764 -0.074  3.7735  4.441    0  0.000  0.463     0.00     0.00 -1         0      0.00 7.000e-01 2.990e-01 1.100e-03 5.880e-04 3.170e-03 -1.000 9.999e-04	4.954	5.487	5.597	5.049	4.701	4.377	3.977	3.647	3.615
0.00290  1.20e+10  0.7733173966   0.772 -0.032  3.7766  4.416    0  0.000  0.463     0.00     0.00 -1         0      0.00 7.000e-01 2.990e-01 1.100e-03 5.880e-04 3.170e-03 -1.000 1.000e-03	4.851	5.359	5.478	4.943	4.601	4.282	3.889	3.565	3.534
0.00290  1.20e+10  0.7744842768   0.774 -0.026  3.7770  4.413    0  0.000  0.463     0.00     0.00 -1         0      0.00 7.000e-01 2.990e-01 1.100e-03 5.880e-04 3.170e-03 -1.000 1.000e-03	4.836	5.340	5.461	4.928	4.586	4.267	3.876	3.552	3.522
0.00290  1.20e+10  0.7836247087   0.783  0.023  3.7799  4.380    0  0.000  0.463     0.00     0.00 -1         0      0.00 7.000e-01 2.990e-01 1.100e-03 5.880e-04 3.170e-03 -1.000 1.000e-03	4.712	5.192	5.321	4.801	4.465	4.151	3.766	3.449	3.420
0.00290  1.20e+10  0.7926993966   0.792  0.075  3.7825  4.344    0  0.000  0.463     0.00     0.00 -1         0      0.00 7.000e-01 2.990e-01 1.100e-03 5.880e-04 3.170e-03 -1.000 1.000e-03	4.584	5.048	5.180	4.670	4.339	4.029	3.650	3.338	3.311
0.00290  1.20e+10  0.8013079762   0.800  0.125  3.7845  4.306    0  0.000  0.463     0.00     0.00 -1         0      0.00 7.000e-01 2.990e-01 1.100e-03 5.880e-04 3.170e-03 -1.000 1.000e-03	4.458	4.910	5.044	4.542	4.214	3.908	3.534	3.226	3.199
0.00290  1.20e+10  0.8096008301   0.808  0.176  3.7860  4.265    0  0.000  0.463     0.00     0.00 -1         0      0.00 7.000e-01 2.990e-01 1.100e-03 5.880e-04 3.170e-03 -1.000 1.000e-03	4.330	4.774	4.908	4.413	4.088	3.784	3.413	3.108	3.082
0.00290  1.20e+10  0.8152020574   0.814  0.212  3.7867  4.235    0  0.000  0.463     0.00     0.00 -1         0      0.00 7.000e-01 2.990e-01 1.100e-03 5.880e-04 3.170e-03 -1.000 1.000e-03	4.239	4.680	4.813	4.321	3.998	3.695	3.326	3.023	2.997
0.00290  1.20e+10  0.8190350533   0.818  0.239  3.7867  4.210    0  0.000  0.463     0.00     0.00 -1         0      0.00 7.000e-01 2.990e-01 1.100e-03 5.880e-04 3.170e-03 -1.000 1.000e-03	4.171	4.613	4.744	4.253	3.930	3.628	3.258	2.955	2.929
0.00290  1.20e+10  0.8233749866   0.822  0.271  3.7863  4.178    0  0.000  0.463     0.00     0.00 -1         0      0.00 7.000e-01 2.990e-01 1.100e-03 5.880e-04 3.170e-03 -1.000 1.000e-03	4.091	4.536	4.664	4.173	3.849	3.547	3.176	2.872	2.846
0.00290  1.20e+10  0.8240591884   0.822  0.277  3.7862  4.173    0  0.000  0.463     0.00     0.00 -1         0      0.00 7.000e-01 2.990e-01 1.100e-03 5.880e-04 3.170e-03 -1.000 1.000e-03	4.079	4.524	4.652	4.160	3.837	3.534	3.163	2.859	2.833
0.00290  1.20e+10  0.8305603862   0.829  0.329  3.7843  4.117    0  0.000  0.463     0.00     0.00 -1         0      0.00 7.000e-01 2.990e-01 1.100e-03 5.880e-04 3.170e-03 -1.000 1.000e-03	3.948	4.406	4.527	4.031	3.704	3.398	3.023	2.715	2.689
0.00290  1.20e+10  0.8328462839   0.831  0.348  3.7833  4.095    0  0.000  0.463     0.00     0.00 -1         0      0.00 7.000e-01 2.990e-01 1.100e-03 5.880e-04 3.170e-03 -1.000 1.000e-03	3.900	4.364	4.483	3.983	3.655	3.348	2.970	2.660	2.633
0.00290  1.20e+10  0.8365992904   0.835  0.383  3.7800  4.048    0  0.000  0.463     0.00     0.00 -1         0      0.00 7.000e-01 2.990e-01 1.100e-03 5.880e-04 3.170e-03 -1.000 1.000e-03	3.812	4.297	4.408	3.898	3.564	3.252	2.866	2.550	2.522
0.00290  1.20e+10  0.8405723572   0.839  0.423  3.7738  3.986    0  0.000  0.463     0.00     0.00 -1         0      0.00 7.000e-01 2.990e-01 1.100e-03 5.880e-04 3.170e-03 -1.000 1.000e-03	3.713	4.247	4.338	3.805	3.460	3.139	2.738	2.409	2.378
0.00290  1.20e+10  0.8436310291   0.842  0.454  3.7651  3.921    0  0.000  0.463     0.00     0.00 -1         0      0.00 7.000e-01 2.990e-01 1.100e-03 5.880e-04 3.170e-03 -1.000 1.000e-03	3.635	4.240	4.304	3.737	3.377	3.042	2.618	2.271	2.237
0.00290  1.20e+10  0.8454979658   0.843  0.472  3.7561  3.868    0  0.000  0.463     0.00     0.00 -1         0      0.00 7.000e-01 2.990e-01 1.100e-03 5.880e-04 3.170e-03 -1.000 1.000e-03	3.589	4.279	4.308	3.704	3.327	2.978	2.531	2.165	2.127
0.00290  1.20e+10  0.8470368385   0.845  0.490  3.7461  3.812    0  0.000  0.463     0.00     0.00 -1         0      0.00 7.000e-01 2.990e-01 1.100e-03 5.880e-04 3.170e-03 -1.000 1.000e-03	3.546	4.340	4.324	3.677	3.281	2.916	2.443	2.054	2.011
0.00290  1.20e+10  0.8482469320   0.846  0.513  3.7374  3.754    0  0.000  0.463     0.00     0.00 -1         0      0.00 7.000e-01 2.990e-01 1.100e-03 5.880e-04 3.170e-03 -1.000 1.000e-03	3.488	4.377	4.319	3.634	3.222	2.843	2.346	1.938	1.891
0.00290  1.20e+10  0.8492968678   0.847  0.546  3.7308  3.695    0  0.000  0.463     0.00     0.00 -1         0      0.00 7.000e-01 2.990e-01 1.100e-03 5.880e-04 3.170e-03 -1.000 1.000e-03	3.404	4.379	4.281	3.566	3.141	2.751	2.235	1.810	1.761
0.00290  1.20e+10  0.8502697945   0.848  0.590  3.7258  3.632    0  0.000  0.463     0.00     0.00 -1         0      0.00 7.000e-01 2.990e-01 1.100e-03 5.880e-04 3.170e-03 -1.000 1.000e-03	3.296	4.333	4.205	3.468	3.034	2.637	2.105	1.668	1.617
0.00290  1.20e+10  0.8504087329   0.848  0.597  3.7252  3.623    0  0.000  0.463     0.00     0.00 -1         0      0.00 7.000e-01 2.990e-01 1.100e-03 5.880e-04 3.170e-03 -1.000 1.000e-03	3.278	4.324	4.192	3.452	3.017	2.618	2.085	1.646	1.595
0.00290  1.20e+10  0.8512217999   0.849  0.644  3.7222  3.564    0  0.000  0.463     0.00     0.00 -1         0      0.00 7.000e-01 2.990e-01 1.100e-03 5.880e-04 3.170e-03 -1.000 1.000e-03	3.160	4.245	4.095	3.342	2.901	2.498	1.955	1.508	1.456
0.00290  1.20e+10  0.8518875241   0.850  0.687  3.7201  3.513    0  0.000  0.463     0.00     0.00 -1         0      0.00 7.000e-01 2.990e-01 1.100e-03 5.880e-04 3.170e-03 -1.000 1.000e-03	3.053	4.167	4.003	3.241	2.796	2.389	1.840	1.387	1.334
0.00290  1.20e+10  0.8526171446   0.850  0.739  3.7181  3.453    0  0.000  0.463     0.00     0.00 -1         0      0.00 7.000e-01 2.990e-01 1.100e-03 5.880e-04 3.170e-03 -1.000 1.000e-03	2.924	4.067	3.888	3.117	2.668	2.258	1.703	1.245	1.191
0.00290  1.20e+10  0.8531517386   0.851  0.780  3.7168  3.407    0  0.000  0.463     0.00     0.00 -1         0      0.00 7.000e-01 2.990e-01 1.100e-03 5.880e-04 3.170e-03 -1.000 1.000e-03	2.821	3.985	3.795	3.019	2.567	2.154	1.595	1.133	1.079
0.00290  1.20e+10  0.8537927866   0.851  0.833  3.7151  3.348    0  0.000  0.463     0.00     0.00 -1         0      0.00 7.000e-01 2.990e-01 1.100e-03 5.880e-04 3.170e-03 -1.000 1.000e-03	2.688	3.876	3.674	2.890	2.435	2.020	1.455	0.989	0.935
0.00290  1.20e+10  0.8542689085   0.852  0.876  3.7139  3.300    0  0.000  0.463     0.00     0.00 -1         0      0.00 7.000e-01 2.990e-01 1.100e-03 5.880e-04 3.170e-03 -1.000 1.000e-03	2.580	3.787	3.575	2.786	2.328	1.911	1.342	0.873	0.818
0.00290  1.20e+10  0.8546856046   0.852  0.917  3.7127  3.255    0  0.000  0.463     0.00     0.00 -1         0      0.00 7.000e-01 2.990e-01 1.100e-03 5.880e-04 3.170e-03 -1.000 1.000e-03	2.478	3.703	3.483	2.687	2.228	1.808	1.236	0.763	0.709
0.00290  1.20e+10  0.8550786376   0.852  0.958  3.7115  3.209    0  0.000  0.463     0.00     0.00 -1         0      0.00 7.000e-01 2.990e-01 1.100e-03 5.880e-04 3.170e-03 -1.000 1.000e-03	2.376	3.618	3.389	2.588	2.126	1.705	1.129	0.653	0.598
0.00290  1.20e+10  0.8554534316   0.853  0.999  3.7102  3.162    0  0.000  0.463     0.00     0.00 -1         0      0.00 7.000e-01 2.990e-01 1.100e-03 5.880e-04 3.170e-03 -1.000 1.000e-03	2.271	3.533	3.294	2.487	2.023	1.599	1.019	0.540	0.485
0.00290  1.20e+10  0.8557834029   0.853  1.039  3.7090  3.117    0  0.000  0.463     0.00     0.00 -1         0      0.00 7.000e-01 2.990e-01 1.100e-03 5.880e-04 3.170e-03 -1.000 9.999e-04	2.172	3.453	3.204	2.391	1.924	1.498	0.914	0.431	0.376
0.00290  1.20e+10  0.8560971022   0.853  1.080  3.7077  3.071    0  0.000  0.463     0.00     0.00 -1         0      0.00 7.000e-01 2.990e-01 1.100e-03 5.880e-04 3.170e-03 -1.000 9.999e-04	2.069	3.371	3.113	2.294	1.824	1.395	0.807	0.320	0.265
0.00290  1.20e+10  0.8564512134   0.854  1.130  3.7059  3.015    0  0.000  0.463     0.00     0.00 -1         0      0.00 7.000e-01 2.990e-01 1.100e-03 5.880e-04 3.170e-03 -1.000 9.999e-04	1.944	3.273	3.001	2.174	1.700	1.269	0.675	0.183	0.127
0.00290  1.20e+10  0.8567157984   0.854  1.171  3.7045  2.968    0  0.000  0.463     0.00     0.00 -1         0      0.00 7.000e-01 2.990e-01 1.100e-03 5.880e-04 3.170e-03 -1.000 1.000e-03	1.842	3.196	2.911	2.076	1.600	1.165	0.567	0.071	0.015
0.00290  1.20e+10  0.8570218086   0.854  1.223  3.7025  2.909    0  0.000  0.463     0.00     0.00 -1         0      0.00 7.000e-01 2.990e-01 1.100e-03 5.880e-04 3.170e-03 -1.000 1.000e-03	1.713	3.100	2.799	1.954	1.473	1.035	0.430	-0.070	-0.128
0.00290  1.20e+10  0.8572914004   0.854  1.273  3.7006  2.851    0  0.000  0.463     0.00     0.00 -1         0      0.00 7.000e-01 2.990e-01 1.100e-03 5.880e-04 3.170e-03 -1.000 1.000e-03	1.588	3.009	2.691	1.836	1.351	0.909	0.298	-0.208	-0.266
0.00290  1.20e+10  0.8575291634   0.854  1.321  3.6986  2.795    0  0.000  0.463     0.00     0.00 -1         0      0.00 7.000e-01 2.990e-01 1.100e-03 5.880e-04 3.170e-03 -1.000 9.999e-04	1.468	2.922	2.587	1.722	1.232	0.787	0.170	-0.341	-0.400
0.00290  1.20e+10  0.8577479720   0.854  1.369  3.6965  2.738    0  0.000  0.463     0.00     0.00 -1         0      0.00 7.000e-01 2.990e-01 1.100e-03 5.880e-04 3.170e-03 -1.000 1.000e-03	1.347	2.836	2.484	1.608	1.113	0.665	0.041	-0.476	-0.535
0.00290  1.20e+10  0.8579335213   0.854  1.414  3.6945  2.686    0  0.000  0.463     0.00     0.00 -1         0      0.00 7.000e-01 2.990e-01 1.100e-03 5.880e-04 3.170e-03 -1.000 1.000e-03	1.234	2.759	2.389	1.503	1.005	0.552	-0.078	-0.601	-0.661
0.00290  1.20e+10  0.8581058979   0.854  1.459  3.6925  2.632    0  0.000  0.463     0.00     0.00 -1         0      0.00 7.000e-01 2.990e-01 1.100e-03 5.880e-04 3.170e-03 -1.000 9.999e-04	1.121	2.682	2.295	1.398	0.895	0.439	-0.198	-0.727	-0.788
0.00290  1.20e+10  0.8582631350   0.854  1.504  3.6904  2.579    0  0.000  0.463     0.00     0.00 -1         0      0.00 7.000e-01 2.990e-01 1.100e-03 5.880e-04 3.170e-03 -1.000 1.000e-03	1.009	2.608	2.202	1.295	0.787	0.328	-0.317	-0.853	-0.914
0.00290  1.20e+10  0.8584030867   0.854  1.547  3.6883  2.528    0  0.000  0.463     0.00     0.00 -1         0      0.00 7.000e-01 2.990e-01 1.100e-03 5.880e-04 3.170e-03 -1.000 1.000e-03	0.902	2.538	2.114	1.196	0.684	0.220	-0.432	-0.974	-1.036
0.00290  1.20e+10  0.8585308790   0.854  1.589  3.6862  2.477    0  0.000  0.463     0.00     0.00 -1         0      0.00 7.000e-01 2.990e-01 1.100e-03 5.880e-04 3.170e-03 -1.000 1.000e-03	0.796	2.470	2.028	1.099	0.582	0.114	-0.545	-1.093	-1.155
0.00290  1.20e+10  0.8586442471   0.854  1.630  3.6841  2.429    0  0.000  0.463     0.00     0.00 -1         0      0.00 7.000e-01 2.990e-01 1.100e-03 5.880e-04 3.170e-03 -1.000 1.000e-03	0.696	2.410	1.948	1.007	0.485	0.014	-0.652	-1.206	-1.269
0.00290  1.20e+10  0.8587481380   0.854  1.668  3.6821  2.382    0  0.000  0.463     0.00     0.00 -1         0      0.00 7.000e-01 2.990e-01 1.100e-03 5.880e-04 3.170e-03 -1.000 1.000e-03	0.599	2.352	1.871	0.919	0.392	-0.083	-0.756	-1.316	-1.380
0.00290  1.20e+10  0.8588479757   0.854  1.706  3.6801  2.336    0  0.000  0.463     0.00     0.00 -1         0      0.00 7.000e-01 2.990e-01 1.100e-03 5.880e-04 3.170e-03 -1.000 1.000e-03	0.504	2.296	1.797	0.834	0.301	-0.177	-0.858	-1.423	-1.488
0.00290  1.20e+10  0.8589487672   0.854  1.739  3.6784  2.296    0  0.000  0.463     0.00     0.00 -1         0      0.00 7.000e-01 2.990e-01 1.100e-03 5.880e-04 3.170e-03 -1.000 1.000e-03	0.423	2.247	1.732	0.761	0.224	-0.258	-0.944	-1.515	-1.581
0.00290  1.20e+10  0.8590612411   0.854  1.765  3.6771  2.264    0  0.000  0.463     0.00     0.00 -1         0      0.00 7.000e-01 2.990e-01 1.100e-03 5.880e-04 3.170e-03 -1.000 1.000e-03	0.356	2.206	1.679	0.701	0.161	-0.324	-1.015	-1.590	-1.657
0.00290  1.20e+10  0.8591095209   0.854  1.756  3.6778  2.277    0  0.000  0.463     0.00     0.00 -1         0      0.00 7.000e-01 2.990e-01 1.100e-03 5.880e-04 3.170e-03 -1.000 1.000e-03	0.380	2.216	1.696	0.721	0.183	-0.300	-0.989	-1.561	-1.627
0.00290  1.20e+10  0.8591917157   0.853  1.728  3.6799  2.312    0  0.000  0.463     0.00     0.00 -1         0      0.00 7.000e-01 2.990e-01 1.100e-03 5.880e-04 3.170e-03 -1.000 1.000e-03	0.449	2.247	1.744	0.779	0.246	-0.233	-0.914	-1.480	-1.545
0.00290  1.20e+10  0.8592053652   0.853  1.735  3.6795  2.304    0  0.000  0.463     0.00     0.00 -1         0      0.00 7.000e-01 2.990e-01 1.100e-03 5.880e-04 3.170e-03 -1.000 1.000e-03	0.433	2.238	1.731	0.765	0.231	-0.249	-0.932	-1.499	-1.564
0.00290  1.20e+10  0.8592890501   0.853  1.778  3.6771  2.252    0  0.000  0.463     0.00     0.00 -1         0      0.00 7.000e-01 2.990e-01 1.100e-03 5.880e-04 3.170e-03 -1.000 1.000e-03	0.326	2.177	1.649	0.670	0.130	-0.355	-1.046	-1.621	-1.687
0.00290  1.20e+10  0.8593731523   0.853  1.822  3.6745  2.197    0  0.000  0.463     0.00     0.00 -1         0      0.00 7.000e-01 2.990e-01 1.100e-03 5.880e-04 3.170e-03 -1.000 1.000e-03	0.214	2.116	1.564	0.571	0.024	-0.465	-1.166	-1.748	-1.816
0.00290  1.20e+10  0.8594517708   0.853  1.867  3.6719  2.141    0  0.000  0.463     0.00     0.00 -1         0      0.00 7.000e-01 2.990e-01 1.100e-03 5.880e-04 3.170e-03 -1.000 1.000e-03	0.102	2.055	1.480	0.472	-0.081	-0.575	-1.286	-1.876	-1.945
0.00290  1.20e+10  0.8595231175   0.853  1.911  3.6693  2.087    0  0.000  0.463     0.00     0.00 -1         0      0.00 7.000e-01 2.990e-01 1.100e-03 5.880e-04 3.170e-03 -1.000 1.000e-03	-0.006	1.998	1.399	0.377	-0.184	-0.683	-1.403	-2.000	-2.071
0.00290  1.20e+10  0.8595899343   0.852  1.954  3.6666  2.033    0  0.000  0.463     0.00     0.00 -1         0      0.00 7.000e-01 2.990e-01 1.100e-03 5.880e-04 3.170e-03 -1.000 1.000e-03	-0.116	1.942	1.318	0.281	-0.286	-0.790	-1.520	-2.126	-2.198
0.00290  1.20e+10  0.8596490026   0.852  1.996  3.6640  1.981    0  0.000  0.463     0.00     0.00 -1         0      0.00 7.000e-01 2.990e-01 1.100e-03 5.880e-04 3.170e-03 -1.000 1.000e-03	-0.220	1.892	1.244	0.192	-0.382	-0.892	-1.632	-2.246	-2.319
0.00290  1.20e+10  0.8597049117   0.852  2.038  3.6613  1.927    0  0.000  0.463     0.00     0.00 -1         0      0.00 7.000e-01 2.990e-01 1.100e-03 5.880e-04 3.170e-03 -1.000 1.000e-03	-0.326	1.846	1.169	0.102	-0.481	-0.996	-1.746	-2.368	-2.443
0.00290  1.20e+10  0.8597562313   0.851  2.080  3.6586  1.874    0  0.000  0.463     0.00     0.00 -1         0      0.00 7.000e-01 2.990e-01 1.100e-03 5.880e-04 3.170e-03 -1.000 1.000e-03	-0.431	1.803	1.097	0.013	-0.578	-1.098	-1.859	-2.488	-2.566
0.00290  1.20e+10  0.8598041534   0.851  2.123  3.6559  1.821    0  0.000  0.463     0.00     0.00 -1         0      0.00 7.000e-01 2.990e-01 1.100e-03 5.880e-04 3.170e-03 -1.000 1.000e-03	-0.537	1.761	1.024	-0.077	-0.676	-1.202	-1.974	-2.611	-2.690
0.00290  1.20e+10  0.8598467112   0.850  2.163  3.6532  1.769    0  0.000  0.463     0.00     0.00 -1         0      0.00 7.000e-01 2.990e-01 1.100e-03 5.880e-04 3.170e-03 -1.000 1.000e-03	-0.638	1.724	0.957	-0.162	-0.769	-1.300	-2.083	-2.728	-2.809
0.00290  1.20e+10  0.8598867059   0.850  2.204  3.6504  1.717    0  0.000  0.463     0.00     0.00 -1         0      0.00 7.000e-01 2.990e-01 1.100e-03 5.880e-04 3.170e-03 -1.000 1.000e-03	-0.741	1.692	0.892	-0.244	-0.860	-1.399	-2.193	-2.847	-2.930
0.00290  1.20e+10  0.8599231243   0.849  2.245  3.6476  1.665    0  0.000  0.463     0.00     0.00 -1         0      0.00 7.000e-01 2.990e-01 1.100e-03 5.880e-04 3.170e-03 -1.000 1.000e-03	-0.842	1.663	0.829	-0.325	-0.950	-1.495	-2.301	-2.963	-3.049
0.00290  1.20e+10  0.8599570990   0.849  2.285  3.6448  1.613    0  0.000  0.463     0.00     0.00 -1         0      0.00 7.000e-01 2.990e-01 1.100e-03 5.880e-04 3.170e-03 -1.000 1.000e-03	-0.943	1.635	0.767	-0.405	-1.040	-1.592	-2.409	-3.080	-3.168
0.00290  1.20e+10  0.8599877357   0.848  2.324  3.6421  1.562    0  0.000  0.463     0.00     0.00 -1         0      0.00 7.000e-01 2.990e-01 1.100e-03 5.880e-04 3.170e-03 -1.000 9.999e-04	-1.041	1.611	0.707	-0.483	-1.127	-1.685	-2.515	-3.194	-3.284
0.00290  1.20e+10  0.8600166440   0.848  2.364  3.6393  1.511    0  0.000  0.463     0.00     0.00 -1         0      0.00 7.000e-01 2.990e-01 1.100e-03 5.880e-04 3.170e-03 -1.000 1.000e-03	-1.140	1.589	0.648	-0.561	-1.215	-1.780	-2.621	-3.310	-3.402
0.00290  1.20e+10  0.8600435853   0.847  2.404  3.6364  1.459    0  0.000  0.463     0.00     0.00 -1         0      0.00 7.000e-01 2.990e-01 1.100e-03 5.880e-04 3.170e-03 -1.000 1.000e-03	-1.240	1.579	0.595	-0.636	-1.301	-1.874	-2.728	-3.425	-3.520
0.00290  1.20e+10  0.8600676656   0.846  2.442  3.6336  1.409    0  0.000  0.463     0.00     0.00 -1         0      0.00 7.000e-01 2.990e-01 1.100e-03 5.880e-04 3.170e-03 -1.000 1.000e-03	-1.336	1.575	0.545	-0.707	-1.384	-1.965	-2.831	-3.536	-3.634
0.00290  1.20e+10  0.8600907922   0.845  2.482  3.6307  1.358    0  0.000  0.463     0.00     0.00 -1         0      0.00 7.000e-01 2.990e-01 1.100e-03 5.880e-04 3.170e-03 -1.000 9.999e-04	-1.435	1.572	0.495	-0.780	-1.469	-2.058	-2.937	-3.651	-3.752
0.00290  1.20e+10  0.8601161242   0.844  2.529  3.6273  1.297    0  0.000  0.463     0.00     0.00 -1         0      0.00 7.000e-01 2.990e-01 1.100e-03 5.880e-04 3.170e-03 -1.000 1.000e-03	-1.552	1.572	0.437	-0.866	-1.569	-2.167	-3.063	-3.787	-3.891
0.00290  1.20e+10  0.8601347208   0.843  2.566  3.6245  1.248    0  0.000  0.463     0.00     0.00 -1         0      0.00 7.000e-01 2.990e-01 1.100e-03 5.880e-04 3.170e-03 -1.000 1.000e-03	-1.644	1.578	0.394	-0.932	-1.647	-2.254	-3.162	-3.894	-4.002
0.00290  1.20e+10  0.8601529598   0.842  2.604  3.6215  1.197    0  0.000  0.463     0.00     0.00 -1         0      0.00 7.000e-01 2.990e-01 1.100e-03 5.880e-04 3.170e-03 -1.000 1.000e-03	-1.741	1.588	0.352	-0.998	-1.726	-2.342	-3.264	-4.006	-4.117
0.00290  1.20e+10  0.8601726890   0.841  2.649  3.6181  1.138    0  0.000  0.463     0.00     0.00 -1         0      0.00 7.000e-01 2.990e-01 1.100e-03 5.880e-04 3.170e-03 -1.000 1.000e-03	-1.853	1.601	0.303	-1.074	-1.818	-2.445	-3.383	-4.136	-4.251
0.00290  1.20e+10  0.8601877093   0.839  2.686  3.6154  1.090    0  0.000  0.463     0.00     0.00 -1         0      0.00 7.000e-01 2.990e-01 1.100e-03 5.880e-04 3.170e-03 -1.000 1.000e-03	-1.944	1.613	0.264	-1.137	-1.894	-2.530	-3.481	-4.242	-4.361
0.00290  1.20e+10  0.8602020144   0.838  2.723  3.6125  1.040    0  0.000  0.463     0.00     0.00 -1         0      0.00 7.000e-01 2.990e-01 1.100e-03 5.880e-04 3.170e-03 -1.000 1.000e-03	-2.036	1.629	0.226	-1.199	-1.969	-2.615	-3.579	-4.349	-4.472
0.00290  1.20e+10  0.8602179289   0.836  2.766  3.6090  0.982    0  0.000  0.463     0.00     0.00 -1         0      0.00 7.000e-01 2.990e-01 1.100e-03 5.880e-04 3.170e-03 -1.000 9.999e-04	-2.146	1.655	0.187	-1.267	-2.055	-2.714	-3.696	-4.477	-4.604
0.00290  1.20e+10  0.8602325916   0.834  2.810  3.6055  0.923    0  0.000  0.463     0.00     0.00 -1         0      0.00 7.000e-01 2.990e-01 1.100e-03 5.880e-04 3.170e-03 -1.000 9.999e-04	-2.255	1.689	0.152	-1.334	-2.140	-2.813	-3.812	-4.604	-4.736
0.00290  1.20e+10  0.8602440953   0.833  2.846  3.6027  0.875    0  0.000  0.463     0.00     0.00 -1         0      0.00 7.000e-01 2.990e-01 1.100e-03 5.880e-04 3.170e-03 -1.000 1.000e-03	-2.345	1.717	0.123	-1.389	-2.210	-2.894	-3.908	-4.709	-4.845
0.00290  1.20e+10  0.8602564335   0.830  2.888  3.5993  0.819    0  0.000  0.463     0.00     0.00 -1         0      0.00 7.000e-01 2.990e-01 1.100e-03 5.880e-04 3.170e-03 -1.000 1.000e-03	-2.449	1.757	0.095	-1.449	-2.289	-2.987	-4.018	-4.830	-4.971
0.00290  1.20e+10  0.8602681756   0.828  2.930  3.5958  0.761    0  0.000  0.463     0.00     0.00 -1         0      0.00 7.000e-01 2.990e-01 1.100e-03 5.880e-04 3.170e-03 -1.000 1.000e-03	-2.555	1.796	0.068	-1.507	-2.366	-3.081	-4.130	-4.954	-5.099
0.00290  1.20e+10  0.8602789044   0.825  2.971  3.5925  0.705    0  0.000  0.463     0.00     0.00 -1         0      0.00 7.000e-01 2.990e-01 1.100e-03 5.880e-04 3.170e-03 -1.000 1.000e-03	-2.658	1.833	0.042	-1.564	-2.441	-3.173	-4.239	-5.074	-5.224
0.00290  1.20e+10  0.8602889776   0.822  3.012  3.5891  0.649    0  0.000  0.463     0.00     0.00 -1         0      0.00 7.000e-01 2.990e-01 1.100e-03 5.880e-04 3.170e-03 -1.000 1.000e-03	-2.761	1.870	0.017	-1.619	-2.515	-3.264	-4.348	-5.194	-5.349
0.00290  1.20e+10  0.8602979779   0.819  3.051  3.5858  0.595    0  0.000  0.463     0.00     0.00 -1         0      0.00 7.000e-01 2.990e-01 1.100e-03 5.880e-04 3.170e-03 -1.000 1.000e-03	-2.858	1.912	-0.002	-1.669	-2.584	-3.350	-4.451	-5.309	-5.469
0.00290  1.20e+10  0.8603066206   0.816  3.091  3.5824  0.540    0  0.000  0.463     0.00     0.00 -1         0      0.00 7.000e-01 2.990e-01 1.100e-03 5.880e-04 3.170e-03 -1.000 1.000e-03	-2.957	1.952	-0.019	-1.715	-2.650	-3.436	-4.556	-5.424	-5.589
0.00290  1.20e+10  0.8603144884   0.812  3.129  3.5791  0.487    0  0.000  0.463     0.00     0.00 -1         0      0.00 7.000e-01 2.990e-01 1.100e-03 5.880e-04 3.170e-03 -1.000 1.000e-03	-3.052	1.990	-0.031	-1.755	-2.710	-3.519	-4.657	-5.535	-5.706
0.00290  1.20e+10  0.8603218794   0.808  3.167  3.5757  0.433    0  0.000  0.463     0.00     0.00 -1         0      0.00 7.000e-01 2.990e-01 1.100e-03 5.880e-04 3.170e-03 -1.000 1.000e-03	-3.147	2.035	-0.035	-1.790	-2.769	-3.601	-4.759	-5.647	-5.823
0.00290  1.20e+10  0.8603286147   0.804  3.203  3.5724  0.381    0  0.000  0.463     0.00     0.00 -1         0      0.00 7.000e-01 2.990e-01 1.100e-03 5.880e-04 3.170e-03 -1.000 1.000e-03	-3.238	2.080	-0.036	-1.822	-2.823	-3.679	-4.856	-5.754	-5.935
0.00290  1.20e+10  0.8603348136   0.799  3.238  3.5691  0.331    0  0.000  0.463     0.00     0.00 -1         0      0.00 7.000e-01 2.990e-01 1.100e-03 5.880e-04 3.170e-03 -1.000 1.000e-03	-3.326	2.123	-0.034	-1.848	-2.871	-3.754	-4.949	-5.857	-6.044
0.00290  1.20e+10  0.8603405952   0.794  3.272  3.5658  0.281    0  0.000  0.463     0.00     0.00 -1         0      0.00 7.000e-01 2.990e-01 1.100e-03 5.880e-04 3.170e-03 -1.000 9.999e-04	-3.411	2.157	-0.025	-1.863	-2.909	-3.825	-5.042	-5.958	-6.150
0.00290  1.20e+10  0.8603461385   0.789  3.307  3.5625  0.231    0  0.000  0.463     0.00     0.00 -1         0      0.00 7.000e-01 2.990e-01 1.100e-03 5.880e-04 3.170e-03 -1.000 1.000e-03	-3.496	2.190	-0.016	-1.877	-2.948	-3.897	-5.134	-6.059	-6.256
0.00290  1.20e+10  0.8603513837   0.783  3.339  3.5595  0.183    0  0.000  0.463     0.00     0.00 -1         0      0.00 7.000e-01 2.990e-01 1.100e-03 5.880e-04 3.170e-03 -1.000 1.000e-03	-3.577	2.221	-0.008	-1.891	-2.984	-3.964	-5.221	-6.155	-6.356
0.00290  1.20e+10  0.8603552580   0.777  1.716  3.7162  2.429    4  0.000  0.463     0.00     0.00 -1         0      0.00 7.000e-01 2.990e-01 1.100e-03 5.880e-04 3.170e-03 -1.000 1.000e-03	0.479	1.692	1.450	0.670	0.219	-0.195	-0.756	-1.215	-1.267
0.00290  1.20e+10  0.8604125381   0.777  1.730  3.7152  2.411    4  0.000  0.463     0.00     0.00 -1         0      0.00 7.000e-01 2.990e-01 1.100e-03 5.880e-04 3.170e-03 -1.000 1.000e-03	0.444	1.674	1.424	0.638	0.185	-0.230	-0.795	-1.256	-1.309
0.00290  1.20e+10  0.8604667783   0.777  1.734  3.7150  2.407    4  0.000  0.463     0.00     0.00 -1         0      0.00 7.000e-01 2.990e-01 1.100e-03 5.880e-04 3.170e-03 -1.000 1.000e-03	0.436	1.669	1.417	0.631	0.177	-0.239	-0.804	-1.266	-1.318
0.00290  1.20e+10  0.8605204225   0.777  1.735  3.7151  2.406    4  0.000  0.463     0.00     0.00 -1         0      0.00 7.000e-01 2.990e-01 1.100e-03 5.880e-04 3.170e-03 -1.000 1.000e-03	0.432	1.664	1.413	0.627	0.173	-0.242	-0.807	-1.268	-1.321
0.00290  1.20e+10  0.8605757952   0.777  1.735  3.7155  2.407    4  0.000  0.463     0.00     0.00 -1         0      0.00 7.000e-01 2.990e-01 1.100e-03 5.880e-04 3.170e-03 -1.000 1.000e-03	0.432	1.658	1.410	0.625	0.172	-0.242	-0.805	-1.266	-1.319
0.00290  1.20e+10  0.8606311083   0.778  1.734  3.7160  2.411    4  0.000  0.463     0.00     0.00 -1         0      0.00 7.000e-01 2.990e-01 1.100e-03 5.880e-04 3.170e-03 -1.000 1.000e-03	0.434	1.652	1.407	0.626	0.174	-0.239	-0.801	-1.260	-1.313
0.00290  1.20e+10  0.8606870770   0.778  1.733  3.7167  2.415    4  0.000  0.463     0.00     0.00 -1         0      0.00 7.000e-01 2.990e-01 1.100e-03 5.880e-04 3.170e-03 -1.000 1.000e-03	0.438	1.646	1.406	0.628	0.177	-0.235	-0.795	-1.252	-1.304
0.00290  1.20e+10  0.8607425690   0.778  1.731  3.7173  2.419    4  0.000  0.463     0.00     0.00 -1         0      0.00 7.000e-01 2.990e-01 1.100e-03 5.880e-04 3.170e-03 -1.000 1.000e-03	0.443	1.641	1.405	0.630	0.181	-0.230	-0.788	-1.243	-1.295
0.00290  1.20e+10  0.8607987165   0.778  1.729  3.7180  2.424    4  0.000  0.463     0.00     0.00 -1         0      0.00 7.000e-01 2.990e-01 1.100e-03 5.880e-04 3.170e-03 -1.000 9.999e-04	0.447	1.635	1.404	0.633	0.185	-0.225	-0.780	-1.234	-1.286
0.00290  1.20e+10  0.8608558774   0.778  1.727  3.7187  2.428    4  0.000  0.463     0.00     0.00 -1         0      0.00 7.000e-01 2.990e-01 1.100e-03 5.880e-04 3.170e-03 -1.000 1.000e-03	0.452	1.629	1.402	0.635	0.189	-0.220	-0.774	-1.225	-1.277
0.00290  1.20e+10  0.8609141111   0.778  1.726  3.7193  2.432    4  0.000  0.463     0.00     0.00 -1         0      0.00 7.000e-01 2.990e-01 1.100e-03 5.880e-04 3.170e-03 -1.000 9.999e-04	0.455	1.624	1.401	0.637	0.192	-0.216	-0.767	-1.217	-1.269
0.00290  1.20e+10  0.8609668016   0.778  1.725  3.7199  2.436    4  0.000  0.463     0.00     0.00 -1         0      0.00 7.000e-01 2.990e-01 1.100e-03 5.880e-04 3.170e-03 -1.000 1.000e-03	0.458	1.619	1.399	0.638	0.194	-0.212	-0.762	-1.211	-1.262
0.00290  1.20e+10  0.8610253930   0.778  1.724  3.7204  2.439    4  0.000  0.463     0.00     0.00 -1         0      0.00 7.000e-01 2.990e-01 1.100e-03 5.880e-04 3.170e-03 -1.000 1.000e-03	0.461	1.614	1.398	0.640	0.197	-0.209	-0.757	-1.204	-1.256
0.00290  1.20e+10  0.8610820770   0.778  1.723  3.7208  2.442    4  0.000  0.463     0.00     0.00 -1         0      0.00 7.000e-01 2.990e-01 1.100e-03 5.880e-04 3.170e-03 -1.000 1.000e-03	0.463	1.609	1.396	0.640	0.199	-0.206	-0.753	-1.199	-1.250
0.00290  1.20e+10  0.8611373901   0.778  1.722  3.7212  2.444    4  0.000  0.463     0.00     0.00 -1         0      0.00 7.000e-01 2.990e-01 1.100e-03 5.880e-04 3.170e-03 -1.000 1.000e-03	0.465	1.605	1.395	0.641	0.200	-0.204	-0.750	-1.195	-1.246
0.00290  1.20e+10  0.8611435294   0.778  1.722  3.7213  2.444    4  0.000  0.463     0.00     0.00 -1         0      0.00 7.000e-01 2.990e-01 1.100e-03 5.880e-04 3.170e-03 -1.000 1.000e-03	0.465	1.605	1.395	0.641	0.200	-0.204	-0.750	-1.195	-1.246
0.00290  1.20e+10  0.8611494899   0.778  1.722  3.7213  2.444    4  0.000  0.463     0.00     0.00 -1         0      0.00 7.000e-01 2.990e-01 1.100e-03 5.880e-04 3.170e-03 -1.000 1.000e-03	0.465	1.604	1.395	0.641	0.200	-0.204	-0.750	-1.194	-1.245
0.00290  1.20e+10  0.8612038493   0.778  1.722  3.7216  2.446    4  0.000  0.463     0.00     0.00 -1         0      0.00 7.000e-01 2.990e-01 1.100e-03 5.880e-04 3.170e-03 -1.000 1.000e-03	0.466	1.601	1.393	0.641	0.201	-0.203	-0.748	-1.191	-1.242
0.00290  1.20e+10  0.8612623215   0.778  1.721  3.7219  2.447    4  0.000  0.463     0.00     0.00 -1         0      0.00 7.000e-01 2.990e-01 1.100e-03 5.880e-04 3.170e-03 -1.000 1.000e-03	0.466	1.597	1.391	0.640	0.201	-0.202	-0.746	-1.189	-1.240
0.00290  1.20e+10  0.8613170385   0.778  1.722  3.7220  2.448    4  0.000  0.463     0.00     0.00 -1         0      0.00 7.000e-01 2.990e-01 1.100e-03 5.880e-04 3.170e-03 -1.000 1.000e-03	0.466	1.594	1.389	0.639	0.200	-0.203	-0.746	-1.189	-1.239
0.00290  1.20e+10  0.8613761663   0.778  1.722  3.7221  2.447    4  0.000  0.463     0.00     0.00 -1         0      0.00 7.000e-01 2.990e-01 1.100e-03 5.880e-04 3.170e-03 -1.000 1.000e-03	0.465	1.591	1.387	0.638	0.199	-0.204	-0.747	-1.189	-1.240
0.00290  1.20e+10  0.8614330292   0.778  1.723  3.7221  2.446    4  0.000  0.463     0.00     0.00 -1         0      0.00 7.000e-01 2.990e-01 1.100e-03 5.880e-04 3.170e-03 -1.000 1.000e-03	0.462	1.589	1.385	0.635	0.196	-0.206	-0.750	-1.192	-1.243
0.00290  1.20e+10  0.8614899516   0.779  1.724  3.7220  2.445    4  0.000  0.463     0.00     0.00 -1         0      0.00 7.000e-01 2.990e-01 1.100e-03 5.880e-04 3.170e-03 -1.000 1.000e-03	0.459	1.588	1.382	0.632	0.193	-0.210	-0.753	-1.196	-1.247
0.00290  1.20e+10  0.8615445495   0.779  1.726  3.7218  2.442    4  0.000  0.463     0.00     0.00 -1         0      0.00 7.000e-01 2.990e-01 1.100e-03 5.880e-04 3.170e-03 -1.000 1.000e-03	0.455	1.586	1.380	0.629	0.189	-0.214	-0.758	-1.201	-1.252
0.00290  1.20e+10  0.8615525365   0.779  1.726  3.7218  2.442    4  0.000  0.463     0.00     0.00 -1         0      0.00 7.000e-01 2.990e-01 1.100e-03 5.880e-04 3.170e-03 -1.000 1.000e-03	0.454	1.586	1.379	0.628	0.189	-0.215	-0.759	-1.202	-1.253
0.00290  1.20e+10  0.8616008162   0.779  1.728  3.7215  2.439    4  0.000  0.463     0.00     0.00 -1         0      0.00 7.000e-01 2.990e-01 1.100e-03 5.880e-04 3.170e-03 -1.000 1.000e-03	0.449	1.586	1.377	0.624	0.184	-0.220	-0.765	-1.209	-1.260
0.00290  1.20e+10  0.8616559505   0.779  1.731  3.7211  2.435    4  0.000  0.463     0.00     0.00 -1         0      0.00 7.000e-01 2.990e-01 1.100e-03 5.880e-04 3.170e-03 -1.000 1.000e-03	0.442	1.585	1.373	0.618	0.177	-0.227	-0.773	-1.218	-1.269
0.00290  1.20e+10  0.8617112637   0.779  1.734  3.7206  2.430    4  0.000  0.463     0.00     0.00 -1         0      0.00 7.000e-01 2.990e-01 1.100e-03 5.880e-04 3.170e-03 -1.000 1.000e-03	0.434	1.584	1.369	0.612	0.170	-0.236	-0.783	-1.230	-1.281
0.00290  1.20e+10  0.8617674708   0.779  1.738  3.7201  2.423    4  0.000  0.463     0.00     0.00 -1         0      0.00 7.000e-01 2.990e-01 1.100e-03 5.880e-04 3.170e-03 -1.000 1.000e-03	0.424	1.583	1.364	0.604	0.160	-0.246	-0.795	-1.243	-1.295
0.00290  1.20e+10  0.8618216515   0.779  1.742  3.7194  2.417    4  0.000  0.463     0.00     0.00 -1         0      0.00 7.000e-01 2.990e-01 1.100e-03 5.880e-04 3.170e-03 -1.000 1.000e-03	0.414	1.582	1.358	0.595	0.150	-0.257	-0.809	-1.258	-1.310
0.00290  1.20e+10  0.8618748784   0.779  1.748  3.7186  2.408    4  0.000  0.463     0.00     0.00 -1         0      0.00 7.000e-01 2.990e-01 1.100e-03 5.880e-04 3.170e-03 -1.000 1.000e-03	0.400	1.582	1.352	0.584	0.137	-0.272	-0.825	-1.277	-1.329
0.00290  1.20e+10  0.8619304895   0.779  1.754  3.7176  2.398    4  0.000  0.463     0.00     0.00 -1         0      0.00 7.000e-01 2.990e-01 1.100e-03 5.880e-04 3.170e-03 -1.000 1.000e-03	0.384	1.580	1.344	0.571	0.122	-0.288	-0.845	-1.299	-1.351
0.00290  1.20e+10  0.8619836569   0.779  1.760  3.7168  2.389    4  0.000  0.463     0.00     0.00 -1         0      0.00 7.000e-01 2.990e-01 1.100e-03 5.880e-04 3.170e-03 -1.000 1.000e-03	0.370	1.578	1.336	0.559	0.109	-0.303	-0.863	-1.319	-1.371
0.00290  1.20e+10  0.8620374203   0.779  1.761  3.7167  2.387    4  0.000  0.463     0.00     0.00 -1         0      0.00 7.000e-01 2.990e-01 1.100e-03 5.880e-04 3.170e-03 -1.000 1.000e-03	0.367	1.577	1.334	0.556	0.106	-0.307	-0.866	-1.323	-1.375
0.00290  1.20e+10  0.8620907068   0.779  1.774  3.7150  2.368    4  0.000  0.463     0.00     0.00 -1         0      0.00 7.000e-01 2.990e-01 1.100e-03 5.880e-04 3.170e-03 -1.000 1.000e-03	0.336	1.573	1.318	0.530	0.076	-0.339	-0.904	-1.366	-1.418
0.00290  1.20e+10  0.8621438146   0.779  1.792  3.7125  2.340    4  0.000  0.463     0.00     0.00 -1         0      0.00 7.000e-01 2.990e-01 1.100e-03 5.880e-04 3.170e-03 -1.000 1.000e-03	0.290	1.565	1.292	0.492	0.032	-0.387	-0.959	-1.428	-1.481
0.00290  1.20e+10  0.8621984124   0.779  1.825  3.7083  2.290    4  0.000  0.463     0.00     0.00 -1         0      0.00 7.000e-01 2.990e-01 1.100e-03 5.880e-04 3.170e-03 -1.000 1.000e-03	0.207	1.549	1.245	0.422	-0.047	-0.474	-1.060	-1.539	-1.594
0.00290  1.20e+10  0.8622270823   0.779  1.861  3.7041  2.237    4  0.000  0.463     0.00     0.00 -1         0      0.00 7.000e-01 2.990e-01 1.100e-03 5.880e-04 3.170e-03 -1.000 1.000e-03	0.118	1.532	1.194	0.348	-0.131	-0.566	-1.165	-1.657	-1.713
0.00290  1.20e+10  0.8622415066   0.779  1.898  3.6996  2.182    4  0.000  0.463     0.00     0.00 -1         0      0.00 7.000e-01 2.990e-01 1.100e-03 5.880e-04 3.170e-03 -1.000 1.000e-03	0.024	1.514	1.141	0.270	-0.219	-0.662	-1.275	-1.780	-1.837
0.00290  1.20e+10  0.8622483015   0.779  1.936  3.6953  2.127    4  0.000  0.463     0.00     0.00 -1         0      0.00 7.000e-01 2.990e-01 1.100e-03 5.880e-04 3.170e-03 -1.000 1.000e-03	-0.069	1.496	1.088	0.192	-0.306	-0.758	-1.384	-1.901	-1.960
0.00290  1.20e+10  0.8622514606   0.779  1.970  3.6915  2.078    4  0.000  0.463     0.00     0.00 -1         0      0.00 7.000e-01 2.990e-01 1.100e-03 5.880e-04 3.170e-03 -1.000 1.000e-03	-0.155	1.480	1.038	0.122	-0.385	-0.844	-1.484	-2.011	-2.071
0.00290  1.20e+10  0.8622533679   0.779  2.007  3.6876  2.025    4  0.000  0.463     0.00     0.00 -1         0      0.00 7.000e-01 2.990e-01 1.100e-03 5.880e-04 3.170e-03 -1.000 1.000e-03	-0.247	1.461	0.985	0.047	-0.470	-0.935	-1.589	-2.128	-2.190
0.00290  1.20e+10  0.8622545600   0.779  2.041  3.6840  1.977    4  0.000  0.463     0.00     0.00 -1         0      0.00 7.000e-01 2.990e-01 1.100e-03 5.880e-04 3.170e-03 -1.000 1.000e-03	-0.331	1.444	0.935	-0.023	-0.548	-1.020	-1.686	-2.236	-2.298
0.00290  1.20e+10  0.8622547388   0.779  2.049  3.6832  1.966    4  0.000  0.463     0.00     0.00 -1         0      0.00 7.000e-01 2.990e-01 1.100e-03 5.880e-04 3.170e-03 -1.000 1.000e-03	-0.352	1.440	0.923	-0.040	-0.567	-1.040	-1.709	-2.262	-2.325
0.00290  1.20e+10  0.8622550368   0.779  2.060  3.6821  1.950    4  0.000  0.463     0.00     0.00 -1         0      0.00 7.000e-01 2.990e-01 1.100e-03 5.880e-04 3.170e-03 -1.000 1.000e-03	-0.380	1.434	0.906	-0.063	-0.593	-1.068	-1.741	-2.296	-2.360
0.00290  1.20e+10  0.8622559905   0.779  2.099  3.6783  1.896    4  0.000  0.463     0.00     0.00 -1         0      0.00 7.000e-01 2.990e-01 1.100e-03 5.880e-04 3.170e-03 -1.000 1.000e-03	-0.478	1.412	0.849	-0.142	-0.682	-1.165	-1.852	-2.418	-2.484
0.00290  1.20e+10  0.8622568846   0.779  2.137  3.6747  1.844    4  0.000  0.463     0.00     0.00 -1         0      0.00 7.000e-01 2.990e-01 1.100e-03 5.880e-04 3.170e-03 -1.000 1.000e-03	-0.572	1.390	0.794	-0.217	-0.767	-1.256	-1.956	-2.534	-2.601
0.00290  1.20e+10  0.8622578382   0.779  2.166  3.6720  1.803    4  0.000  0.463     0.00     0.00 -1         0      0.00 7.000e-01 2.990e-01 1.100e-03 5.880e-04 3.170e-03 -1.000 1.000e-03	-0.646	1.373	0.750	-0.278	-0.834	-1.329	-2.039	-2.625	-2.693
0.00290  1.20e+10  0.8622599244   0.779  2.180  3.6708  1.785    4  0.000  0.463     0.00     0.00 -1         0      0.00 7.000e-01 2.990e-01 1.100e-03 5.880e-04 3.170e-03 -1.000 1.000e-03	-0.681	1.362	0.728	-0.307	-0.867	-1.364	-2.078	-2.667	-2.736
0.00290  1.20e+10  0.8622620702   0.779  2.148  3.6739  1.829    4  0.000  0.463     0.00     0.00 -1         0      0.00 7.000e-01 2.990e-01 1.100e-03 5.880e-04 3.170e-03 -1.000 1.000e-03	-0.600	1.380	0.775	-0.242	-0.793	-1.284	-1.987	-2.567	-2.635
0.00290  1.20e+10  0.8622814417   0.779  2.123  3.6762  1.864    4  0.000  0.463     0.00     0.00 -1         0      0.00 7.000e-01 2.990e-01 1.100e-03 5.880e-04 3.170e-03 -1.000 1.000e-03	-0.536	1.396	0.813	-0.190	-0.735	-1.222	-1.917	-2.490	-2.556
0.00290  1.20e+10  0.8623065352   0.779  2.156  3.6728  1.817    4  0.000  0.463     0.00     0.00 -1         0      0.00 7.000e-01 2.990e-01 1.100e-03 5.880e-04 3.170e-03 -1.000 9.999e-04	-0.621	1.381	0.766	-0.257	-0.811	-1.305	-2.012	-2.595	-2.663
0.00290  1.20e+10  0.8623259664   0.779  2.200  3.6685  1.756    4  0.000  0.463     0.00     0.00 -1         0      0.00 7.000e-01 2.990e-01 1.100e-03 5.880e-04 3.170e-03 -1.000 1.000e-03	-0.729	1.360	0.704	-0.344	-0.910	-1.411	-2.134	-2.729	-2.800
0.00290  1.20e+10  0.8623410463   0.779  2.237  3.6649  1.704    4  0.000  0.463     0.00     0.00 -1         0      0.00 7.000e-01 2.990e-01 1.100e-03 5.880e-04 3.170e-03 -1.000 1.000e-03	-0.823	1.344	0.652	-0.417	-0.993	-1.501	-2.238	-2.844	-2.917
0.00290  1.20e+10  0.8623585105   0.780  2.279  3.6610  1.647    4  0.000  0.463     0.00     0.00 -1         0      0.00 7.000e-01 2.990e-01 1.100e-03 5.880e-04 3.170e-03 -1.000 1.000e-03	-0.928	1.326	0.594	-0.499	-1.086	-1.603	-2.354	-2.973	-3.048
0.00290  1.20e+10  0.8623743057   0.780  2.321  3.6572  1.590    4  0.000  0.463     0.00     0.00 -1         0      0.00 7.000e-01 2.990e-01 1.100e-03 5.880e-04 3.170e-03 -1.000 1.000e-03	-1.031	1.309	0.536	-0.580	-1.178	-1.703	-2.470	-3.099	-3.177
0.00290  1.20e+10  0.8623882532   0.780  2.361  3.6534  1.534    4  0.000  0.463     0.00     0.00 -1         0      0.00 7.000e-01 2.990e-01 1.100e-03 5.880e-04 3.170e-03 -1.000 1.000e-03	-1.134	1.295	0.481	-0.659	-1.269	-1.801	-2.583	-3.224	-3.304
0.00290  1.20e+10  0.8624008298   0.780  2.403  3.6497  1.478    4  0.000  0.463     0.00     0.00 -1         0      0.00 7.000e-01 2.990e-01 1.100e-03 5.880e-04 3.170e-03 -1.000 1.000e-03	-1.236	1.290	0.430	-0.734	-1.356	-1.898	-2.695	-3.348	-3.431
0.00290  1.20e+10  0.8624120355   0.780  2.443  3.6459  1.422    4  0.000  0.463     0.00     0.00 -1         0      0.00 7.000e-01 2.990e-01 1.100e-03 5.880e-04 3.170e-03 -1.000 1.000e-03	-1.339	1.292	0.382	-0.808	-1.444	-1.994	-2.808	-3.472	-3.558
0.00290  1.20e+10  0.8624221087   0.780  2.484  3.6422  1.367    4  0.000  0.463     0.00     0.00 -1         0      0.00 7.000e-01 2.990e-01 1.100e-03 5.880e-04 3.170e-03 -1.000 9.999e-04	-1.441	1.296	0.335	-0.881	-1.530	-2.090	-2.920	-3.595	-3.684
0.00290  1.20e+10  0.8624311686   0.780  2.525  3.6385  1.311    4  0.000  0.463     0.00     0.00 -1         0      0.00 7.000e-01 2.990e-01 1.100e-03 5.880e-04 3.170e-03 -1.000 1.000e-03	-1.542	1.306	0.291	-0.953	-1.616	-2.185	-3.031	-3.717	-3.810
0.00290  1.20e+10  0.8624394536   0.780  2.565  3.6349  1.256    4  0.000  0.463     0.00     0.00 -1         0      0.00 7.000e-01 2.990e-01 1.100e-03 5.880e-04 3.170e-03 -1.000 9.999e-04	-1.643	1.322	0.250	-1.021	-1.699	-2.278	-3.141	-3.838	-3.935
0.00290  1.20e+10  0.8624471426   0.780  2.605  3.6312  1.201    4  0.000  0.463     0.00     0.00 -1         0      0.00 7.000e-01 2.990e-01 1.100e-03 5.880e-04 3.170e-03 -1.000 1.000e-03	-1.744	1.341	0.210	-1.089	-1.782	-2.371	-3.250	-3.958	-4.059
0.00290  1.20e+10  0.8624543548   0.780  2.645  3.6276  1.147    4  0.000  0.463     0.00     0.00 -1         0      0.00 7.000e-01 2.990e-01 1.100e-03 5.880e-04 3.170e-03 -1.000 1.000e-03	-1.844	1.361	0.171	-1.157	-1.864	-2.464	-3.359	-4.078	-4.183
0.00290  1.20e+10  0.8624612689   0.780  2.685  3.6239  1.092    4  0.000  0.463     0.00     0.00 -1         0      0.00 7.000e-01 2.990e-01 1.100e-03 5.880e-04 3.170e-03 -1.000 1.000e-03	-1.943	1.388	0.136	-1.221	-1.944	-2.554	-3.466	-4.197	-4.306
0.00290  1.20e+10  0.8624680042   0.780  2.725  3.6203  1.038    4  0.000  0.463     0.00     0.00 -1         0      0.00 7.000e-01 2.990e-01 1.100e-03 5.880e-04 3.170e-03 -1.000 1.000e-03	-2.042	1.418	0.103	-1.282	-2.021	-2.643	-3.573	-4.315	-4.428
0.00290  1.20e+10  0.8624743223   0.780  2.765  3.6166  0.983    4  0.000  0.463     0.00     0.00 -1         0      0.00 7.000e-01 2.990e-01 1.100e-03 5.880e-04 3.170e-03 -1.000 1.000e-03	-2.143	1.454	0.072	-1.344	-2.100	-2.734	-3.681	-4.435	-4.553
0.00290  1.20e+10  0.8624801040   0.780  2.804  3.6130  0.929    4  0.000  0.463     0.00     0.00 -1         0      0.00 7.000e-01 2.990e-01 1.100e-03 5.880e-04 3.170e-03 -1.000 1.000e-03	-2.241	1.499	0.046	-1.402	-2.177	-2.823	-3.788	-4.552	-4.675
0.00290  1.20e+10  0.8624853492   0.780  2.846  3.6092  0.873    4  0.000  0.463     0.00     0.00 -1         0      0.00 7.000e-01 2.990e-01 1.100e-03 5.880e-04 3.170e-03 -1.000 1.000e-03	-2.344	1.548	0.022	-1.459	-2.253	-2.915	-3.898	-4.675	-4.803
0.00290  1.20e+10  0.8624891639   0.780  2.886  3.6055  0.818    4  0.000  0.463     0.00     0.00 -1         0      0.00 7.000e-01 2.990e-01 1.100e-03 5.880e-04 3.170e-03 -1.000 1.000e-03	-2.444	1.597	0.000	-1.513	-2.327	-3.003	-4.005	-4.794	-4.927
0.00290  1.20e+10  0.8624920249   0.780  2.923  3.6020  0.767    4  0.000  0.463     0.00     0.00 -1         0      0.00 7.000e-01 2.990e-01 1.100e-03 5.880e-04 3.170e-03 -1.000 1.000e-03	-2.538	1.644	-0.019	-1.563	-2.395	-3.086	-4.106	-4.906	-5.044
0.00290  1.20e+10  0.8624946475   0.780  2.961  3.5984  0.714    4  0.000  0.463     0.00     0.00 -1         0      0.00 7.000e-01 2.990e-01 1.100e-03 5.880e-04 3.170e-03 -1.000 1.000e-03	-2.634	1.695	-0.037	-1.614	-2.465	-3.170	-4.208	-5.021	-5.163
0.00290  1.20e+10  0.8624969125   0.780  2.997  3.5949  0.664    4  0.000  0.463     0.00     0.00 -1         0      0.00 7.000e-01 2.990e-01 1.100e-03 5.880e-04 3.170e-03 -1.000 1.000e-03	-2.723	1.741	-0.051	-1.656	-2.526	-3.248	-4.304	-5.127	-5.275
0.00290  1.20e+10  0.8624989390   0.780  3.033  3.5915  0.616    4  0.000  0.463     0.00     0.00 -1         0      0.00 7.000e-01 2.990e-01 1.100e-03 5.880e-04 3.170e-03 -1.000 1.000e-03	-2.811	1.787	-0.063	-1.697	-2.585	-3.325	-4.397	-5.233	-5.385
0.00290  1.20e+10  0.8625012040   0.780  3.072  3.5877  0.560    4  0.000  0.463     0.00     0.00 -1         0      0.00 7.000e-01 2.990e-01 1.100e-03 5.880e-04 3.170e-03 -1.000 1.000e-03	-2.911	1.842	-0.075	-1.742	-2.652	-3.410	-4.503	-5.352	-5.510
0.00290  1.20e+10  0.8625035882   0.780  3.116  3.5834  0.499    4  0.000  0.463     0.00     0.00 -1         0      0.00 7.000e-01 2.990e-01 1.100e-03 5.880e-04 3.170e-03 -1.000 1.000e-03	-3.020	1.902	-0.086	-1.789	-2.723	-3.504	-4.619	-5.482	-5.647
0.00290  1.20e+10  0.8625042439   0.780  3.135  3.5815  0.473    4  0.000  0.463     0.00     0.00 -1         0      0.00 7.000e-01 2.990e-01 1.100e-03 5.880e-04 3.170e-03 -1.000 1.000e-03	-3.066	1.931	-0.084	-1.803	-2.749	-3.543	-4.669	-5.538	-5.705
0.00290  1.20e+10  0.8625047803   0.780  3.111  3.5840  0.507    4  0.000  0.463     0.00     0.00 -1         0      0.00 7.000e-01 2.990e-01 1.100e-03 5.880e-04 3.170e-03 -1.000 1.000e-03	-3.008	1.892	-0.088	-1.787	-2.717	-3.494	-4.606	-5.467	-5.630
0.00290  1.20e+10  0.8625048995   0.780  3.168  3.5777  0.425    4  0.000  0.463     0.00     0.00 -1         0      0.00 7.000e-01 2.990e-01 1.100e-03 5.880e-04 3.170e-03 -1.000 1.000e-03	-3.149	1.992	-0.071	-1.821	-2.791	-3.611	-4.758	-5.639	-5.812
0.00290  1.20e+10  0.8625049591   0.780  3.108  3.5844  0.511    4  0.000  0.463     0.00     0.00 -1         0      0.00 7.000e-01 2.990e-01 1.100e-03 5.880e-04 3.170e-03 -1.000 1.000e-03	-3.000	1.887	-0.088	-1.784	-2.712	-3.487	-4.597	-5.457	-5.620
0.00290  1.20e+10  0.8625050187   0.780  3.110  3.5841  0.509    4  0.000  0.463     0.00     0.00 -1         0      0.00 7.000e-01 2.990e-01 1.100e-03 5.880e-04 3.170e-03 -1.000 9.999e-04	-3.004	1.891	-0.087	-1.785	-2.715	-3.491	-4.602	-5.463	-5.626
0.00290  1.20e+10  0.8625050783   0.780  3.120  3.5830  0.493    4  0.000  0.463     0.00     0.00 -1         0      0.00 7.000e-01 2.990e-01 1.100e-03 5.880e-04 3.170e-03 -1.000 1.000e-03	-3.031	1.908	-0.086	-1.793	-2.730	-3.513	-4.631	-5.495	-5.660
0.00290  1.20e+10  0.8625053167   0.780  3.146  3.5802  0.456    4  0.000  0.463     0.00     0.00 -1         0      0.00 7.000e-01 2.990e-01 1.100e-03 5.880e-04 3.170e-03 -1.000 1.000e-03	-3.096	1.951	-0.080	-1.810	-2.764	-3.568	-4.701	-5.574	-5.743
0.00290  1.20e+10  0.8625054359   0.780  3.164  3.5783  0.432    4  0.000  0.463     0.00     0.00 -1         0      0.00 7.000e-01 2.990e-01 1.100e-03 5.880e-04 3.170e-03 -1.000 1.000e-03	-3.139	1.981	-0.075	-1.821	-2.787	-3.603	-4.747	-5.626	-5.798
0.00290  1.20e+10  0.8625054955   0.780  3.176  3.5770  0.414    4  0.000  0.463     0.00     0.00 -1         0      0.00 7.000e-01 2.990e-01 1.100e-03 5.880e-04 3.170e-03 -1.000 1.000e-03	-3.169	2.002	-0.071	-1.828	-2.803	-3.629	-4.780	-5.663	-5.837
0.00290  1.20e+10  0.8625056744   0.780  3.195  3.5749  0.387    4  0.000  0.463     0.00     0.00 -1         0      0.00 7.000e-01 2.990e-01 1.100e-03 5.880e-04 3.170e-03 -1.000 1.000e-03	-3.217	2.034	-0.065	-1.840	-2.828	-3.668	-4.832	-5.721	-5.898
0.00290  1.20e+10  0.8625058532   0.780  3.214  3.5728  0.359    4  0.000  0.463     0.00     0.00 -1         0      0.00 7.000e-01 2.990e-01 1.100e-03 5.880e-04 3.170e-03 -1.000 1.000e-03	-3.265	2.068	-0.058	-1.850	-2.852	-3.707	-4.883	-5.779	-5.960
0.00290  1.20e+10  0.8625060916   0.780  3.237  3.5702  0.325    4  0.000  0.463     0.00     0.00 -1         0      0.00 7.000e-01 2.990e-01 1.100e-03 5.880e-04 3.170e-03 -1.000 1.000e-03	-3.324	2.108	-0.050	-1.864	-2.882	-3.756	-4.946	-5.850	-6.035
0.00290  1.20e+10  0.8625063896   0.780  3.268  3.5669  0.282    4  0.000  0.463     0.00     0.00 -1         0      0.00 7.000e-01 2.990e-01 1.100e-03 5.880e-04 3.170e-03 -1.000 1.000e-03	-3.399	2.146	-0.036	-1.871	-2.912	-3.818	-5.029	-5.942	-6.132
0.00290  1.20e+10  0.8625066876   0.780  3.300  3.5634  0.236    4  0.000  0.463     0.00     0.00 -1         0      0.00 7.000e-01 2.990e-01 1.100e-03 5.880e-04 3.170e-03 -1.000 1.000e-03	-3.480	2.184	-0.020	-1.878	-2.943	-3.884	-5.116	-6.039	-6.234
0.00290  1.20e+10  0.8625072241   0.780  3.336  3.5594  0.183    4  0.524  0.463     0.00     0.00 -1         0      0.00 7.000e-01 2.990e-01 1.100e-03 5.880e-04 3.170e-03 -1.000 1.000e-03	-3.571	2.227	-0.002	-1.885	-2.978	-3.958	-5.215	-6.149	-6.350
0.00290  1.20e+10  0.8625074625   0.780  3.344  3.5556  0.160    8  0.524  0.472   119.43    57.41  0 -2.88e-07      0.00 7.338e-01 2.632e-01 4.698e-04 2.359e-04 1.324e-03 -1.000 3.019e-03	-3.590	2.307	0.073	-1.824	-2.941	-3.959	-5.241	-6.186	-6.393
0.00290  1.20e+10  0.8625075221   0.779  3.097  3.5812  0.509    8  0.524  0.473    56.28    29.94  1 -1.02e-07      0.00 7.338e-01 2.632e-01 4.698e-04 2.359e-04 1.324e-03 -1.000 3.019e-03	-2.973	1.994	-0.002	-1.711	-2.654	-3.448	-4.574	-5.446	-5.613
0.00290  1.20e+10  0.8625075817   0.778  2.949  3.5966  0.718    8  0.524  0.473    35.88    20.28  1 -5.81e-08      0.00 7.338e-01 2.632e-01 4.698e-04 2.359e-04 1.324e-03 -1.000 3.019e-03	-2.604	1.769	0.022	-1.562	-2.420	-3.134	-4.180	-4.999	-5.144
0.00290  1.20e+10  0.8625077605   0.775  2.782  3.6139  0.953    8  0.524  0.473    21.61    13.07  1 -3.31e-08      0.00 7.338e-01 2.632e-01 4.698e-04 2.359e-04 1.324e-03 -1.000 3.019e-03	-2.186	1.509	0.079	-1.358	-2.127	-2.770	-3.730	-4.492	-4.614
0.00290  1.20e+10  0.8625079393   0.772  2.800  3.6120  0.925    8  0.524  0.473    22.92    13.73  1 -3.52e-08      0.00 7.338e-01 2.632e-01 4.698e-04 2.359e-04 1.324e-03 -1.000 3.019e-03	-2.231	1.541	0.074	-1.381	-2.160	-2.810	-3.779	-4.547	-4.671
0.00290  1.20e+10  0.8625082374   0.768  2.928  3.5985  0.742    8  0.525  0.473    34.06    19.29  1 -5.46e-08      0.00 7.338e-01 2.632e-01 4.698e-04 2.359e-04 1.324e-03 -1.000 3.019e-03	-2.549	1.748	0.034	-1.534	-2.382	-3.086	-4.122	-4.935	-5.077
0.00290  1.20e+10  0.8625085950   0.763  3.096  3.5809  0.500    8  0.525  0.473    57.36    30.18  1 -1.04e-07      0.00 7.338e-01 2.632e-01 4.698e-04 2.359e-04 1.324e-03 -1.000 3.019e-03	-2.969	2.014	0.012	-1.701	-2.646	-3.443	-4.571	-5.444	-5.611
0.00290  1.20e+10  0.8625089526   0.757  3.234  3.5662  0.300    8  0.525  0.473    88.42    43.73  1 -1.87e-07      0.00 7.338e-01 2.632e-01 4.698e-04 2.359e-04 1.324e-03 -1.000 3.019e-03	-3.316	2.224	0.052	-1.778	-2.820	-3.732	-4.945	-5.861	-6.052
0.00290  1.20e+10  0.8625094295   0.751  3.324  3.5566  0.168    8  0.525  0.473   117.47    55.69  0  -2.8e-07      0.00 7.338e-01 2.632e-01 4.698e-04 2.359e-04 1.324e-03 -1.000 3.019e-03	-3.539	2.331	0.097	-1.797	-2.907	-3.914	-5.188	-6.131	-6.336
0.00290  1.20e+10  0.8625099063   0.743  3.372  3.5513  0.095    8  0.526  0.473   137.68    63.59  0 -3.53e-07      0.00 7.338e-01 2.632e-01 4.698e-04 2.359e-04 1.324e-03 -1.000 3.019e-03	-3.659	2.372	0.139	-1.773	-2.926	-4.007	-5.322	-6.275	-6.489
0.00290  1.20e+10  0.8625105023   0.735  3.395  3.5485  0.055    8  0.526  0.473   150.04    68.14  0    -4e-07      0.00 7.338e-01 2.632e-01 4.698e-04 2.359e-04 1.324e-03 -1.000 3.019e-03	-3.718	2.397	0.167	-1.754	-2.930	-4.052	-5.388	-6.347	-6.565
0.00290  1.20e+10  0.8625110984   0.726  3.410  3.5466  0.027    8  0.527  0.472   159.41    71.36  0 -4.37e-07      0.00 7.338e-01 2.632e-01 4.698e-04 2.359e-04 1.324e-03 -1.000 3.019e-03	-3.756	2.417	0.191	-1.737	-2.929	-4.079	-5.430	-6.393	-6.614
0.00290  1.20e+10  0.8625110984   0.726  3.218  3.5669  0.300    8  0.527  0.473    88.43    42.87  1 -1.86e-07      0.00 7.338e-01 2.632e-01 4.698e-04 2.359e-04 1.324e-03 -1.000 3.019e-03	-3.275	2.251	0.079	-1.749	-2.788	-3.693	-4.903	-5.817	-6.007
0.00290  1.20e+10  0.8625112176   0.724  3.026  3.5871  0.572    8  0.527  0.473    49.21    25.80  1 -8.54e-08      0.00 7.338e-01 2.632e-01 4.698e-04 2.359e-04 1.324e-03 -1.000 3.019e-03	-2.795	1.962	0.046	-1.620	-2.532	-3.292	-4.388	-5.239	-5.398
0.00290  1.20e+10  0.8625113368   0.722  2.858  3.6049  0.810    8  0.527  0.473    29.48    16.54  1 -4.66e-08      0.00 7.338e-01 2.632e-01 4.698e-04 2.359e-04 1.324e-03 -1.000 3.019e-03	-2.376	1.688	0.081	-1.438	-2.254	-2.933	-3.938	-4.729	-4.863
0.00290  1.20e+10  0.8625114560   0.718  2.875  3.6033  0.784    8  0.527  0.473    31.14    17.30  1 -4.99e-08      0.00 7.338e-01 2.632e-01 4.698e-04 2.359e-04 1.324e-03 -1.000 3.019e-03	-2.418	1.712	0.074	-1.459	-2.285	-2.970	-3.983	-4.779	-4.915
0.00290  1.20e+10  0.8625116944   0.714  2.999  3.5904  0.606    8  0.527  0.473    45.77    24.06  1 -7.91e-08      0.00 7.338e-01 2.632e-01 4.698e-04 2.359e-04 1.324e-03 -1.000 3.019e-03	-2.728	1.910	0.044	-1.598	-2.492	-3.237	-4.316	-5.155	-5.309
0.00290  1.20e+10  0.8625119328   0.709  3.163  3.5733  0.371    8  0.528  0.473    76.02    37.15  1 -1.54e-07      0.00 7.338e-01 2.632e-01 4.698e-04 2.359e-04 1.324e-03 -1.000 3.019e-03	-3.137	2.171	0.054	-1.732	-2.730	-3.581	-4.754	-5.648	-5.828
0.00290  1.20e+10  0.8625122309   0.703  3.297  3.5593  0.177    8  0.528  0.473   115.69    53.15  0  -2.8e-07      0.00 7.338e-01 2.632e-01 4.698e-04 2.359e-04 1.324e-03 -1.000 3.019e-03	-3.473	2.336	0.104	-1.782	-2.877	-3.859	-5.118	-6.051	-6.253
0.00290  1.20e+10  0.8625125885   0.696  3.383  3.5503  0.051    8  0.528  0.473   151.96    66.89  0  -4.2e-07      0.00 7.338e-01 2.632e-01 4.698e-04 2.359e-04 1.324e-03 -1.000 3.019e-03	-3.687	2.404	0.158	-1.768	-2.933	-4.030	-5.353	-6.308	-6.524
0.00290  1.20e+10  0.8625130057   0.688  3.428  3.5457 -0.017    8  0.529  0.473   176.25    75.53  0 -5.28e-07      0.00 7.338e-01 2.632e-01 4.698e-04 2.359e-04 1.324e-03 -1.000 3.019e-03	-3.800	2.431	0.194	-1.748	-2.953	-4.118	-5.477	-6.442	-6.665
0.00290  1.20e+10  0.8625134230   0.680  3.449  3.5437 -0.051    8  0.529  0.473   190.15    80.01  0 -5.97e-07      0.00 7.338e-01 2.632e-01 4.698e-04 2.359e-04 1.324e-03 -1.000 3.019e-03	-3.853	2.442	0.213	-1.737	-2.963	-4.160	-5.536	-6.504	-6.731
0.00290  1.20e+10  0.8625138998   0.671  3.461  3.5427 -0.074    8  0.530  0.472   199.94    82.77  0 -6.49e-07      0.00 7.338e-01 2.632e-01 4.698e-04 2.359e-04 1.324e-03 -1.000 3.019e-03	-3.883	2.448	0.222	-1.734	-2.971	-4.185	-5.570	-6.539	-6.768
0.00290  1.20e+10  0.8625139594   0.670  3.277  3.5629  0.190    8  0.530  0.473   113.13    50.55  0 -2.83e-07      0.00 7.338e-01 2.632e-01 4.698e-04 2.359e-04 1.324e-03 -1.000 3.019e-03	-3.423	2.299	0.072	-1.802	-2.876	-3.825	-5.062	-5.984	-6.182
0.00290  1.20e+10  0.8625140190   0.667  3.086  3.5844  0.466    8  0.530  0.473    62.47    30.17  1 -1.28e-07      0.00 7.338e-01 2.632e-01 4.698e-04 2.359e-04 1.324e-03 -1.000 3.019e-03	-2.945	1.988	-0.012	-1.723	-2.656	-3.433	-4.545	-5.402	-5.566
0.00290  1.20e+10  0.8625141382   0.663  2.917  3.6043  0.712    8  0.530  0.473    36.82    19.01  1 -6.93e-08      0.00 7.338e-01 2.632e-01 4.698e-04 2.359e-04 1.324e-03 -1.000 3.019e-03	-2.522	1.647	-0.022	-1.569	-2.395	-3.079	-4.090	-4.879	-5.015
0.00290  1.20e+10  0.8625143766   0.657  2.932  3.6048  0.695    8  0.530  0.473    38.25    19.51  1  -7.6e-08      0.00 7.338e-01 2.632e-01 4.698e-04 2.359e-04 1.324e-03 -1.000 3.019e-03	-2.560	1.608	-0.063	-1.611	-2.437	-3.119	-4.128	-4.914	-5.049
0.00290  1.20e+10  0.8625146151   0.649  3.052  3.5947  0.529    8  0.530  0.473    54.81    26.38  1 -1.25e-07      0.00 7.338e-01 2.632e-01 4.698e-04 2.359e-04 1.324e-03 -1.000 3.019e-03	-2.860	1.736	-0.134	-1.777	-2.658	-3.386	-4.446	-5.266	-5.415
0.00290  1.20e+10  0.8625149131   0.640  3.209  3.5811  0.311    8  0.531  0.473    88.07    39.27  0 -2.51e-07      0.00 7.338e-01 2.632e-01 4.698e-04 2.359e-04 1.324e-03 -1.000 3.019e-03	-3.253	1.931	-0.178	-1.954	-2.923	-3.730	-4.865	-5.727	-5.899
0.00290  1.20e+10  0.8625152707   0.630  3.338  3.5712  0.136    8  0.531  0.473   129.24    53.85  0 -4.68e-07      0.00 7.338e-01 2.632e-01 4.698e-04 2.359e-04 1.324e-03 -1.000 3.019e-03	-3.574	2.036	-0.218	-2.094	-3.133	-4.012	-5.205	-6.097	-6.285
0.00290  1.20e+10  0.8625156879   0.618  3.418  3.5670  0.031    8  0.532  0.473   163.41    64.62  0 -7.23e-07      0.00 7.338e-01 2.632e-01 4.698e-04 2.359e-04 1.324e-03 -1.000 3.019e-03	-3.775	2.034	-0.278	-2.200	-3.276	-4.195	-5.416	-6.317	-6.514
0.00290  1.20e+10  0.8625161648   0.605  3.458  3.5679 -0.015    8  0.532  0.473   182.32    69.17  0  -9.4e-07      0.00 7.338e-01 2.632e-01 4.698e-04 2.359e-04 1.324e-03 -1.000 3.019e-03	-3.874	1.967	-0.367	-2.305	-3.383	-4.298	-5.517	-6.413	-6.609
0.00290  1.20e+10  0.8625166416   0.591  3.474  3.5719 -0.025    8  0.533  0.473   189.40    68.93  0  -1.1e-06      0.00 7.338e-01 2.632e-01 4.698e-04 2.359e-04 1.324e-03 -1.000 3.019e-03	-3.914	1.854	-0.480	-2.410	-3.470	-4.355	-5.553	-6.433	-6.625
0.00290  1.20e+10  0.8625172377   0.575  3.480  3.5774 -0.020    8  0.533  0.472   192.50    66.35  0 -1.26e-06      0.00 7.338e-01 2.632e-01 4.698e-04 2.359e-04 1.324e-03 -1.000 3.019e-03	-3.930	1.702	-0.608	-2.514	-3.545	-4.395	-5.564	-6.423	-6.607
0.00290  1.20e+10  0.8625172377   0.575  3.307  3.5965  0.228    8  0.533  0.473   112.67    41.69  0  -5.8e-07      0.00 7.338e-01 2.632e-01 4.698e-04 2.359e-04 1.324e-03 -1.000 3.019e-03	-3.498	1.377	-0.659	-2.391	-3.300	-4.037	-5.100	-5.898	-6.051
0.00290  1.20e+10  0.8625172973   0.574  3.117  3.6178  0.503    8  0.533  0.473    62.43    24.92  1 -2.66e-07      0.00 7.338e-01 2.632e-01 4.698e-04 2.359e-04 1.324e-03 -1.000 3.019e-03	-3.023	0.942	-0.678	-2.202	-2.987	-3.631	-4.583	-5.314	-5.435
0.00290  1.20e+10  0.8625173569   0.572  2.947  3.6376  0.751    8  0.533  0.473    36.69    15.64  1 -1.44e-07      0.00 7.338e-01 2.632e-01 4.698e-04 2.359e-04 1.324e-03 -1.000 3.019e-03	-2.598	0.608	-0.633	-1.981	-2.673	-3.253	-4.109	-4.783	-4.879
0.00290  1.20e+10  0.8625174165   0.570  2.961  3.6378  0.736    8  0.533  0.473    38.06    15.98  1 -1.54e-07      0.00 7.338e-01 2.632e-01 4.698e-04 2.359e-04 1.324e-03 -1.000 3.019e-03	-2.632	0.579	-0.666	-2.016	-2.709	-3.289	-4.144	-4.816	-4.912
0.00290  1.20e+10  0.8625175357   0.568  3.077  3.6273  0.576    8  0.534  0.473    54.12    21.37  1 -2.43e-07      0.00 7.338e-01 2.632e-01 4.698e-04 2.359e-04 1.324e-03 -1.000 3.019e-03	-2.922	0.705	-0.752	-2.202	-2.944	-3.556	-4.462	-5.163	-5.272
0.00290  1.20e+10  0.8625176549   0.564  3.229  3.6133  0.365    8  0.534  0.473    86.13    31.37  0 -4.63e-07      0.00 7.338e-01 2.632e-01 4.698e-04 2.359e-04 1.324e-03 -1.000 3.019e-03	-3.303	0.944	-0.820	-2.415	-3.235	-3.900	-4.878	-5.618	-5.747
0.00290  1.20e+10  0.8625178337   0.560  3.353  3.6029  0.197    8  0.534  0.473   125.62    42.43  0 -8.18e-07      0.00 7.338e-01 2.632e-01 4.698e-04 2.359e-04 1.324e-03 -1.000 3.019e-03	-3.613	1.117	-0.870	-2.579	-3.464	-4.177	-5.211	-5.982	-6.127
0.00290  1.20e+10  0.8625180125   0.556  3.430  3.5980  0.097    8  0.534  0.473   158.69    50.27  0  -1.2e-06      0.00 7.338e-01 2.632e-01 4.698e-04 2.359e-04 1.324e-03 -1.000 3.019e-03	-3.806	1.174	-0.929	-2.698	-3.616	-4.353	-5.415	-6.199	-6.353
0.00290  1.20e+10  0.8625181913   0.551  3.467  3.5979  0.055    8  0.534  0.473   178.02    53.02  0 -1.49e-06      0.00 7.338e-01 2.632e-01 4.698e-04 2.359e-04 1.324e-03 -1.000 3.019e-03	-3.898	1.129	-1.000	-2.782	-3.706	-4.446	-5.510	-6.292	-6.447
0.00290  1.20e+10  0.8625184298   0.545  3.481  3.6009  0.050    8  0.534  0.473   187.98    51.72  0 -1.67e-06      0.00 7.338e-01 2.632e-01 4.698e-04 2.359e-04 1.324e-03 -1.000 3.019e-03	-3.932	1.017	-1.082	-2.850	-3.762	-4.491	-5.540	-6.311	-6.462
0.00290  1.20e+10  0.8625186682   0.539  3.485  3.6053  0.058    8  0.535  0.472   200.72    47.52  0 -1.81e-06      0.00 7.338e-01 2.632e-01 4.698e-04 2.359e-04 1.324e-03 -1.000 3.019e-03	-3.942	0.870	-1.175	-2.915	-3.806	-4.517	-5.546	-6.300	-6.445
0.00290  1.20e+10  0.8625193238   0.539 -9.999  4.0679  2.064    9  0.540  0.000     0.00     0.00 -1         0      0.00 7.338e-01 2.632e-01 4.698e-04 2.359e-04 1.324e-03 -1.000 3.019e-03	29.767	29.866	30.332	30.414	30.424	30.449	30.568	30.589	30.618
