# File generated by CMD 2.9 (http://stev.oapd.inaf.it/cmd) on Wed Feb  1 10:18:29 CET 2017
# isochrones PARSEC release v1.2S + COLIBRI release PR16, as in Marigo et al. 2017
# Basic reference: Marigo et al. (2017), ApJ, 835, 77
# Photometric system: <i>UBVRIJHK</i> (cf. Maiz-Apellaniz 2006 + Bessell 1990)
# Kind of output: isochrone tables
# Zini Age Mini  Mass   logL    logTe  logg  label   McoreTP C_O period0 period1 pmode  Mloss  tau1m  X   Y   Xc  Xn  Xo  Cexcess  Z	mbolmag  Umag    Bmag    Vmag    Rmag    Imag    Jmag    Hmag    Kmag 
0.00110  1.20e+10  0.0900000036   0.090 -3.217  3.4540  5.378    0  0.000  0.463     0.00     0.00 -1         0      0.00 7.000e-01 2.990e-01 1.100e-03 5.880e-04 3.170e-03 -1.000 1.000e-03	12.814	22.141	18.073	15.793	14.092	12.280	10.835	10.384	10.317
0.00110  1.20e+10  0.0977993086   0.098 -3.019  3.4823  5.329    0  0.000  0.463     0.00     0.00 -1         0      0.00 7.000e-01 2.990e-01 1.100e-03 5.880e-04 3.170e-03 -1.000 1.000e-03	12.318	20.130	16.807	14.654	13.252	11.739	10.436	9.912	9.785
0.00110  1.20e+10  0.1000000015   0.100 -2.966  3.4898  5.315    0  0.000  0.463     0.00     0.00 -1  9.46e-17      0.00 7.000e-01 2.990e-01 1.100e-03 5.880e-04 3.170e-03 -1.000 1.000e-03	12.185	19.585	16.482	14.373	13.035	11.601	10.329	9.788	9.645
0.00110  1.20e+10  0.1199999973   0.120 -2.683  3.5227  5.243    0  0.000  0.463     0.00     0.00 -1   1.8e-16      0.00 7.000e-01 2.990e-01 1.100e-03 5.880e-04 3.170e-03 -1.000 1.000e-03	11.477	17.305	15.019	13.129	11.992	10.867	9.721	9.139	8.946
0.00110  1.20e+10  0.1400000006   0.140 -2.500  3.5393  5.194    0  0.000  0.463     0.00     0.00 -1  2.69e-16      0.00 7.000e-01 2.990e-01 1.100e-03 5.880e-04 3.170e-03 -1.000 1.000e-03	11.021	16.202	14.229	12.461	11.390	10.396	9.311	8.723	8.516
0.00110  1.20e+10  0.1599999964   0.160 -2.360  3.5499  5.154    0  0.000  0.463     0.00     0.00 -1         0      0.00 7.000e-01 2.990e-01 1.100e-03 5.880e-04 3.170e-03 -1.000 1.000e-03	10.670	15.498	13.683	11.994	10.959	10.036	8.989	8.401	8.189
0.00110  1.20e+10  0.2000000179   0.200 -2.139  3.5641  5.087    0  0.000  0.463     0.00     0.00 -1         0      0.00 7.000e-01 2.990e-01 1.100e-03 5.880e-04 3.170e-03 -1.000 1.000e-03	10.117	14.520	12.885	11.302	10.312	9.471	8.474	7.888	7.672
0.00110  1.20e+10  0.2500000000   0.250 -1.934  3.5754  5.024    0  0.000  0.463     0.00     0.00 -1         0      0.00 7.000e-01 2.990e-01 1.100e-03 5.880e-04 3.170e-03 -1.000 1.000e-03	9.605	13.673	12.203	10.696	9.738	8.946	7.980	7.398	7.185
0.00110  1.20e+10  0.3000000417   0.300 -1.777  3.5840  4.980    0  0.000  0.463     0.00     0.00 -1         0      0.00 7.000e-01 2.990e-01 1.100e-03 5.880e-04 3.170e-03 -1.000 1.000e-03	9.212	13.023	11.704	10.247	9.308	8.540	7.591	7.013	6.808
0.00110  1.20e+10  0.3500000238   0.350 -1.648  3.5912  4.947    0  0.000  0.463     0.00     0.00 -1         0      0.00 7.000e-01 2.990e-01 1.100e-03 5.880e-04 3.170e-03 -1.000 1.000e-03	8.890	12.322	11.205	9.829	8.935	8.203	7.286	6.706	6.516
0.00110  1.20e+10  0.4000000060   0.400 -1.497  3.6023  4.899    0  0.000  0.463     0.00     0.00 -1  2.25e-15      0.00 7.000e-01 2.990e-01 1.100e-03 5.880e-04 3.170e-03 -1.000 1.000e-03	8.513	11.501	10.601	9.330	8.497	7.812	6.940	6.350	6.179
0.00110  1.20e+10  0.4500000179   0.450 -1.319  3.6198  4.841    0  0.000  0.463     0.00     0.00 -1  3.41e-15      0.00 7.000e-01 2.990e-01 1.100e-03 5.880e-04 3.170e-03 -1.000 1.000e-03	8.068	10.772	9.961	8.776	8.009	7.373	6.544	5.940	5.786
0.00110  1.20e+10  0.5000000000   0.500 -1.115  3.6483  4.797    0  0.000  0.463     0.00     0.00 -1  5.46e-15      0.00 7.000e-01 2.990e-01 1.100e-03 5.880e-04 3.170e-03 -1.000 1.000e-03	7.556	9.790	9.136	8.086	7.425	6.866	6.109	5.514	5.394
0.00110  1.20e+10  0.5500000715   0.550 -0.890  3.6798  4.740    0  0.000  0.463     0.00     0.00 -1   9.3e-15      0.00 7.000e-01 2.990e-01 1.100e-03 5.880e-04 3.170e-03 -1.000 1.000e-03	6.996	8.683	8.261	7.346	6.793	6.308	5.644	5.109	5.017
0.00110  1.20e+10  0.6000000238   0.600 -0.682  3.7091  4.687    0  0.000  0.463     0.00     0.00 -1  1.53e-14      0.00 7.000e-01 2.990e-01 1.100e-03 5.880e-04 3.170e-03 -1.000 1.000e-03	6.476	7.686	7.504	6.706	6.232	5.801	5.229	4.767	4.693
0.00110  1.20e+10  0.6053307056   0.605 -0.659  3.7126  4.682    0  0.000  0.463     0.00     0.00 -1  1.61e-14      0.00 7.000e-01 2.990e-01 1.100e-03 5.880e-04 3.170e-03 -1.000 1.000e-03	6.419	7.578	7.422	6.639	6.172	5.747	5.185	4.731	4.660
0.00110  1.20e+10  0.6194501519   0.619 -0.599  3.7217  4.667    0  0.000  0.463     0.00     0.00 -1         0      0.00 7.000e-01 2.990e-01 1.100e-03 5.880e-04 3.170e-03 -1.000 1.000e-03	6.267	7.293	7.206	6.462	6.015	5.605	5.069	4.637	4.571
0.00110  1.20e+10  0.6325700283   0.632 -0.542  3.7300  4.653    0  0.000  0.463     0.00     0.00 -1         0      0.00 7.000e-01 2.990e-01 1.100e-03 5.880e-04 3.170e-03 -1.000 9.999e-04	6.125	7.039	7.010	6.302	5.872	5.476	4.963	4.548	4.487
0.00110  1.20e+10  0.6452966928   0.645 -0.487  3.7379  4.638    0  0.000  0.463     0.00     0.00 -1         0      0.00 7.000e-01 2.990e-01 1.100e-03 5.880e-04 3.170e-03 -1.000 1.000e-03	5.987	6.797	6.821	6.148	5.735	5.350	4.860	4.461	4.405
0.00110  1.20e+10  0.6499999762   0.650 -0.466  3.7408  4.633    0  0.000  0.463     0.00     0.00 -1  2.56e-14      0.00 7.000e-01 2.990e-01 1.100e-03 5.880e-04 3.170e-03 -1.000 1.000e-03	5.936	6.714	6.753	6.092	5.685	5.305	4.822	4.428	4.374
0.00110  1.20e+10  0.6522462368   0.652 -0.457  3.7421  4.630    0  0.000  0.463     0.00     0.00 -1  2.63e-14      0.00 7.000e-01 2.990e-01 1.100e-03 5.880e-04 3.170e-03 -1.000 1.000e-03	5.912	6.675	6.721	6.066	5.661	5.283	4.803	4.412	4.358
0.00110  1.20e+10  0.6656740904   0.666 -0.398  3.7496  4.609    0  0.000  0.463     0.00     0.00 -1         0      0.00 7.000e-01 2.990e-01 1.100e-03 5.880e-04 3.170e-03 -1.000 1.000e-03	5.764	6.445	6.531	5.909	5.518	5.152	4.690	4.313	4.264
0.00110  1.20e+10  0.6780754328   0.678 -0.342  3.7562  4.589    0  0.000  0.463     0.00     0.00 -1         0      0.00 7.000e-01 2.990e-01 1.100e-03 5.880e-04 3.170e-03 -1.000 1.000e-03	5.626	6.240	6.357	5.763	5.385	5.029	4.583	4.218	4.173
0.00110  1.20e+10  0.6902213097   0.690 -0.287  3.7625  4.566    0  0.000  0.463     0.00     0.00 -1         0      0.00 7.000e-01 2.990e-01 1.100e-03 5.880e-04 3.170e-03 -1.000 1.000e-03	5.487	6.042	6.186	5.619	5.252	4.906	4.475	4.120	4.079
0.00110  1.20e+10  0.7000000477   0.700 -0.241  3.7675  4.546    0  0.000  0.463     0.00     0.00 -1  4.59e-14      0.00 7.000e-01 2.990e-01 1.100e-03 5.880e-04 3.170e-03 -1.000 1.000e-03	5.373	5.885	6.047	5.500	5.143	4.804	4.384	4.039	4.001
0.00110  1.20e+10  0.7045657635   0.704 -0.220  3.7697  4.536    0  0.000  0.463     0.00     0.00 -1  4.86e-14      0.00 7.000e-01 2.990e-01 1.100e-03 5.880e-04 3.170e-03 -1.000 1.000e-03	5.319	5.813	5.983	5.444	5.091	4.755	4.341	3.999	3.962
0.00110  1.20e+10  0.7131525874   0.713 -0.178  3.7737  4.515    0  0.000  0.463     0.00     0.00 -1  5.45e-14      0.00 7.000e-01 2.990e-01 1.100e-03 5.880e-04 3.170e-03 -1.000 1.000e-03	5.214	5.678	5.859	5.336	4.990	4.660	4.255	3.920	3.886
0.00110  1.20e+10  0.7214049101   0.721 -0.136  3.7774  4.494    0  0.000  0.463     0.00     0.00 -1         0      0.00 7.000e-01 2.990e-01 1.100e-03 5.880e-04 3.170e-03 -1.000 1.000e-03	5.110	5.546	5.737	5.229	4.890	4.566	4.169	3.841	3.809
0.00110  1.20e+10  0.7323482633   0.732 -0.078  3.7822  4.462    0  0.000  0.463     0.00     0.00 -1         0      0.00 7.000e-01 2.990e-01 1.100e-03 5.880e-04 3.170e-03 -1.000 1.000e-03	4.966	5.372	5.571	5.082	4.751	4.434	4.049	3.729	3.700
0.00110  1.20e+10  0.7426306009   0.742 -0.021  3.7864  4.427    0  0.000  0.463     0.00     0.00 -1         0      0.00 7.000e-01 2.990e-01 1.100e-03 5.880e-04 3.170e-03 -1.000 1.000e-03	4.823	5.207	5.410	4.936	4.612	4.302	3.927	3.615	3.588
0.00110  1.20e+10  0.7500000000   0.750  0.022  3.7893  4.400    0  0.000  0.463     0.00     0.00 -1  9.59e-14      0.00 7.000e-01 2.990e-01 1.100e-03 5.880e-04 3.170e-03 -1.000 1.000e-03	4.715	5.085	5.290	4.826	4.508	4.202	3.834	3.527	3.501
0.00110  1.20e+10  0.7567930222   0.756  0.064  3.7917  4.372    0  0.000  0.463     0.00     0.00 -1  1.09e-13      0.00 7.000e-01 2.990e-01 1.100e-03 5.880e-04 3.170e-03 -1.000 1.000e-03	4.610	4.968	5.174	4.719	4.405	4.104	3.740	3.438	3.413
0.00110  1.20e+10  0.7670850754   0.767  0.131  3.7949  4.323    0  0.000  0.463     0.00     0.00 -1  1.33e-13      0.00 7.000e-01 2.990e-01 1.100e-03 5.880e-04 3.170e-03 -1.000 1.000e-03	4.442	4.786	4.991	4.548	4.240	3.943	3.588	3.292	3.269
0.00110  1.20e+10  0.7767300606   0.776  0.199  3.7974  4.270    0  0.000  0.463     0.00     0.00 -1         0      0.00 7.000e-01 2.990e-01 1.100e-03 5.880e-04 3.170e-03 -1.000 1.000e-03	4.273	4.610	4.810	4.375	4.072	3.781	3.431	3.140	3.118
0.00110  1.20e+10  0.7852361798   0.784  0.264  3.7988  4.216    0  0.000  0.463     0.00     0.00 -1         0      0.00 7.000e-01 2.990e-01 1.100e-03 5.880e-04 3.170e-03 -1.000 1.000e-03	4.110	4.444	4.640	4.211	3.911	3.622	3.275	2.988	2.966
0.00110  1.20e+10  0.7871487737   0.786  0.279  3.7991  4.203    0  0.000  0.463     0.00     0.00 -1         0      0.00 7.000e-01 2.990e-01 1.100e-03 5.880e-04 3.170e-03 -1.000 1.000e-03	4.072	4.406	4.600	4.172	3.873	3.584	3.238	2.952	2.930
0.00110  1.20e+10  0.7901764512   0.789  0.306  3.7989  4.177    0  0.000  0.463     0.00     0.00 -1         0      0.00 7.000e-01 2.990e-01 1.100e-03 5.880e-04 3.170e-03 -1.000 1.000e-03	4.005	4.340	4.532	4.105	3.805	3.516	3.170	2.883	2.861
0.00110  1.20e+10  0.7962274551   0.795  0.363  3.7974  4.117    0  0.000  0.463     0.00     0.00 -1         0      0.00 7.000e-01 2.990e-01 1.100e-03 5.880e-04 3.170e-03 -1.000 1.000e-03	3.862	4.206	4.393	3.962	3.661	3.370	3.020	2.731	2.708
0.00110  1.20e+10  0.8000000119   0.799  0.402  3.7955  4.073    0  0.000  0.463     0.00     0.00 -1  3.24e-13      0.00 7.000e-01 2.990e-01 1.100e-03 5.880e-04 3.170e-03 -1.000 1.000e-03	3.766	4.118	4.301	3.866	3.562	3.268	2.914	2.621	2.598
0.00110  1.20e+10  0.8001759648   0.799  0.404  3.7954  4.071    0  0.000  0.463     0.00     0.00 -1  3.26e-13      0.00 7.000e-01 2.990e-01 1.100e-03 5.880e-04 3.170e-03 -1.000 1.000e-03	3.761	4.113	4.297	3.861	3.557	3.264	2.909	2.616	2.592
0.00110  1.20e+10  0.8010787368   0.800  0.413  3.7948  4.059    0  0.000  0.463     0.00     0.00 -1  3.38e-13      0.00 7.000e-01 2.990e-01 1.100e-03 5.880e-04 3.170e-03 -1.000 1.000e-03	3.736	4.091	4.274	3.837	3.532	3.237	2.881	2.587	2.563
0.00110  1.20e+10  0.8040940762   0.803  0.451  3.7908  4.007    0  0.000  0.463     0.00     0.00 -1  3.91e-13      0.00 7.000e-01 2.990e-01 1.100e-03 5.880e-04 3.170e-03 -1.000 1.000e-03	3.642	4.017	4.193	3.745	3.433	3.133	2.767	2.465	2.440
0.00110  1.20e+10  0.8072901964   0.806  0.496  3.7838  3.936    0  0.000  0.463     0.00     0.00 -1  4.68e-13      0.00 7.000e-01 2.990e-01 1.100e-03 5.880e-04 3.170e-03 -1.000 1.000e-03	3.530	3.942	4.107	3.638	3.315	3.004	2.620	2.305	2.277
0.00110  1.20e+10  0.8094751239   0.808  0.531  3.7759  3.870    0  0.000  0.463     0.00     0.00 -1  5.46e-13      0.00 7.000e-01 2.990e-01 1.100e-03 5.880e-04 3.170e-03 -1.000 1.000e-03	3.444	3.903	4.054	3.559	3.222	2.898	2.495	2.164	2.133
0.00110  1.20e+10  0.8110763431   0.810  0.557  3.7672  3.810    0  0.000  0.463     0.00     0.00 -1  6.23e-13      0.00 7.000e-01 2.990e-01 1.100e-03 5.880e-04 3.170e-03 -1.000 1.000e-03	3.377	3.894	4.027	3.501	3.149	2.812	2.387	2.038	2.003
0.00110  1.20e+10  0.8123850822   0.811  0.583  3.7579  3.748    0  0.000  0.463     0.00     0.00 -1  7.09e-13      0.00 7.000e-01 2.990e-01 1.100e-03 5.880e-04 3.170e-03 -1.000 9.999e-04	3.313	3.905	4.010	3.449	3.080	2.728	2.281	1.912	1.873
0.00110  1.20e+10  0.8134006262   0.812  0.611  3.7500  3.688    0  0.000  0.463     0.00     0.00 -1   8.1e-13      0.00 7.000e-01 2.990e-01 1.100e-03 5.880e-04 3.170e-03 -1.000 1.000e-03	3.242	3.900	3.980	3.388	3.005	2.640	2.172	1.787	1.744
0.00110  1.20e+10  0.8142215014   0.813  0.645  3.7440  3.631    0  0.000  0.463     0.00     0.00 -1  9.32e-13      0.00 7.000e-01 2.990e-01 1.100e-03 5.880e-04 3.170e-03 -1.000 1.000e-03	3.158	3.874	3.931	3.314	2.919	2.546	2.062	1.663	1.618
0.00110  1.20e+10  0.8148705959   0.813  0.679  3.7399  3.581    0  0.000  0.463     0.00     0.00 -1  1.07e-12      0.00 7.000e-01 2.990e-01 1.100e-03 5.880e-04 3.170e-03 -1.000 1.000e-03	3.072	3.828	3.869	3.234	2.833	2.452	1.957	1.550	1.503
0.00110  1.20e+10  0.8151921034   0.814  0.698  3.7380  3.555    0  0.000  0.463     0.00     0.00 -1  1.15e-12      0.00 7.000e-01 2.990e-01 1.100e-03 5.880e-04 3.170e-03 -1.000 1.000e-03	3.026	3.799	3.833	3.190	2.785	2.402	1.902	1.490	1.442
0.00110  1.20e+10  0.8153095841   0.814  0.706  3.7375  3.545    0  0.000  0.463     0.00     0.00 -1  1.19e-12      0.00 7.000e-01 2.990e-01 1.100e-03 5.880e-04 3.170e-03 -1.000 1.000e-03	3.006	3.785	3.816	3.172	2.766	2.381	1.880	1.466	1.418
0.00110  1.20e+10  0.8159280419   0.814  0.750  3.7347  3.489    0  0.000  0.463     0.00     0.00 -1   1.4e-12      0.00 7.000e-01 2.990e-01 1.100e-03 5.880e-04 3.170e-03 -1.000 1.000e-03	2.894	3.706	3.722	3.066	2.655	2.266	1.757	1.337	1.288
0.00110  1.20e+10  0.8164490461   0.815  0.791  3.7326  3.440    0  0.000  0.463     0.00     0.00 -1  1.63e-12      0.00 7.000e-01 2.990e-01 1.100e-03 5.880e-04 3.170e-03 -1.000 1.000e-03	2.791	3.628	3.632	2.967	2.552	2.160	1.645	1.220	1.170
0.00110  1.20e+10  0.8170271516   0.815  0.841  3.7307  3.383    0  0.000  0.463     0.00     0.00 -1  1.94e-12      0.00 7.000e-01 2.990e-01 1.100e-03 5.880e-04 3.170e-03 -1.000 1.000e-03	2.667	3.528	3.520	2.847	2.428	2.033	1.512	1.083	1.032
0.00110  1.20e+10  0.8175614476   0.816  0.891  3.7288  3.326    0  0.000  0.463     0.00     0.00 -1  2.33e-12      0.00 7.000e-01 2.990e-01 1.100e-03 5.880e-04 3.170e-03 -1.000 1.000e-03	2.543	3.426	3.407	2.726	2.304	1.906	1.380	0.946	0.894
0.00110  1.20e+10  0.8180974722   0.816  0.945  3.7271  3.265    0  0.000  0.463     0.00     0.00 -1  2.83e-12      0.00 7.000e-01 2.990e-01 1.100e-03 5.880e-04 3.170e-03 -1.000 1.000e-03	2.407	3.311	3.281	2.594	2.168	1.767	1.236	0.798	0.746
0.00110  1.20e+10  0.8185721636   0.817  0.998  3.7255  3.206    0  0.000  0.463     0.00     0.00 -1  3.41e-12      0.00 7.000e-01 2.990e-01 1.100e-03 5.880e-04 3.170e-03 -1.000 1.000e-03	2.276	3.198	3.160	2.465	2.037	1.633	1.098	0.656	0.603
0.00110  1.20e+10  0.8189749122   0.817  1.046  3.7240  3.152    0  0.000  0.463     0.00     0.00 -1  4.06e-12      0.00 7.000e-01 2.990e-01 1.100e-03 5.880e-04 3.170e-03 -1.000 1.000e-03	2.155	3.095	3.048	2.347	1.916	1.510	0.970	0.524	0.471
0.00110  1.20e+10  0.8192901015   0.817  1.087  3.7227  3.106    0  0.000  0.463     0.00     0.00 -1  4.71e-12      0.00 7.000e-01 2.990e-01 1.100e-03 5.880e-04 3.170e-03 -1.000 1.000e-03	2.052	3.011	2.954	2.248	1.815	1.406	0.862	0.414	0.360
0.00110  1.20e+10  0.8196390867   0.817  1.136  3.7212  3.051    0  0.000  0.463     0.00     0.00 -1  5.61e-12      0.00 7.000e-01 2.990e-01 1.100e-03 5.880e-04 3.170e-03 -1.000 1.000e-03	1.930	2.909	2.842	2.129	1.693	1.282	0.733	0.280	0.226
0.00110  1.20e+10  0.8199727535   0.818  1.188  3.7195  2.993    0  0.000  0.463     0.00     0.00 -1  6.75e-12      0.00 7.000e-01 2.990e-01 1.100e-03 5.880e-04 3.170e-03 -1.000 1.000e-03	1.801	2.803	2.725	2.005	1.565	1.151	0.598	0.140	0.085
0.00110  1.20e+10  0.8202749491   0.818  1.239  3.7178  2.935    0  0.000  0.463     0.00     0.00 -1  8.12e-12      0.00 7.000e-01 2.990e-01 1.100e-03 5.880e-04 3.170e-03 -1.000 1.000e-03	1.673	2.701	2.610	1.881	1.438	1.021	0.462	0.000	-0.055
0.00110  1.20e+10  0.8205387592   0.818  1.288  3.7161  2.879    0  0.000  0.463     0.00     0.00 -1   9.7e-12      0.00 7.000e-01 2.990e-01 1.100e-03 5.880e-04 3.170e-03 -1.000 1.000e-03	1.550	2.604	2.499	1.763	1.316	0.896	0.332	-0.134	-0.190
0.00110  1.20e+10  0.8207771778   0.818  1.336  3.7143  2.824    0  0.000  0.463     0.00     0.00 -1  1.16e-11      0.00 7.000e-01 2.990e-01 1.100e-03 5.880e-04 3.170e-03 -1.000 1.000e-03	1.429	2.509	2.391	1.646	1.196	0.773	0.204	-0.267	-0.324
0.00110  1.20e+10  0.8209916949   0.818  1.384  3.7125  2.769    0  0.000  0.463     0.00     0.00 -1  1.37e-11      0.00 7.000e-01 2.990e-01 1.100e-03 5.880e-04 3.170e-03 -1.000 1.000e-03	1.310	2.417	2.286	1.532	1.078	0.652	0.077	-0.398	-0.455
0.00110  1.20e+10  0.8211908937   0.818  1.432  3.7106  2.713    0  0.000  0.463     0.00     0.00 -1  1.64e-11      0.00 7.000e-01 2.990e-01 1.100e-03 5.880e-04 3.170e-03 -1.000 1.000e-03	1.189	2.324	2.179	1.416	0.958	0.529	-0.051	-0.532	-0.589
0.00110  1.20e+10  0.8213671446   0.818  1.479  3.7087  2.659    0  0.000  0.463     0.00     0.00 -1  1.94e-11      0.00 7.000e-01 2.990e-01 1.100e-03 5.880e-04 3.170e-03 -1.000 1.000e-03	1.072	2.237	2.078	1.305	0.843	0.410	-0.176	-0.662	-0.720
0.00110  1.20e+10  0.8215315342   0.818  1.527  3.7067  2.603    0  0.000  0.463     0.00     0.00 -1  2.31e-11      0.00 7.000e-01 2.990e-01 1.100e-03 5.880e-04 3.170e-03 -1.000 9.999e-04	0.953	2.150	1.975	1.192	0.725	0.289	-0.304	-0.795	-0.854
0.00110  1.20e+10  0.8216768503   0.818  1.573  3.7047  2.549    0  0.000  0.463     0.00     0.00 -1  2.73e-11      0.00 7.000e-01 2.990e-01 1.100e-03 5.880e-04 3.170e-03 -1.000 1.000e-03	0.838	2.066	1.876	1.082	0.612	0.172	-0.427	-0.923	-0.983
0.00110  1.20e+10  0.8218064308   0.818  1.618  3.7027  2.496    0  0.000  0.463     0.00     0.00 -1  3.22e-11      0.00 7.000e-01 2.990e-01 1.100e-03 5.880e-04 3.170e-03 -1.000 1.000e-03	0.726	1.987	1.781	0.977	0.502	0.059	-0.546	-1.048	-1.109
0.00110  1.20e+10  0.8219265342   0.818  1.662  3.7007  2.443    0  0.000  0.463     0.00     0.00 -1   3.8e-11      0.00 7.000e-01 2.990e-01 1.100e-03 5.880e-04 3.170e-03 -1.000 1.000e-03	0.614	1.909	1.686	0.871	0.392	-0.056	-0.667	-1.174	-1.235
0.00110  1.20e+10  0.8220331073   0.818  1.706  3.6986  2.391    0  0.000  0.463     0.00     0.00 -1  4.46e-11      0.00 7.000e-01 2.990e-01 1.100e-03 5.880e-04 3.170e-03 -1.000 9.999e-04	0.505	1.837	1.596	0.769	0.285	-0.166	-0.784	-1.296	-1.358
0.00110  1.20e+10  0.8221336007   0.818  1.750  3.6965  2.339    0  0.000  0.463     0.00     0.00 -1  5.24e-11      0.00 7.000e-01 2.990e-01 1.100e-03 5.880e-04 3.170e-03 -1.000 9.999e-04	0.395	1.764	1.505	0.666	0.177	-0.279	-0.903	-1.421	-1.483
0.00110  1.20e+10  0.8222241998   0.818  1.792  3.6944  2.288    0  0.000  0.463     0.00     0.00 -1  6.13e-11      0.00 7.000e-01 2.990e-01 1.100e-03 5.880e-04 3.170e-03 -1.000 1.000e-03	0.289	1.696	1.418	0.567	0.073	-0.386	-1.017	-1.541	-1.604
0.00110  1.20e+10  0.8223088384   0.817  1.835  3.6923  2.237    0  0.000  0.463     0.00     0.00 -1  7.16e-11      0.00 7.000e-01 2.990e-01 1.100e-03 5.880e-04 3.170e-03 -1.000 1.000e-03	0.183	1.632	1.333	0.470	-0.029	-0.492	-1.130	-1.661	-1.725
0.00110  1.20e+10  0.8223899007   0.817  1.876  3.6901  2.187    0  0.000  0.463     0.00     0.00 -1  8.35e-11      0.00 7.000e-01 2.990e-01 1.100e-03 5.880e-04 3.170e-03 -1.000 1.000e-03	0.080	1.569	1.250	0.375	-0.129	-0.597	-1.242	-1.778	-1.843
0.00110  1.20e+10  0.8224731088   0.817  1.915  3.6882  2.140    0  0.000  0.463     0.00     0.00 -1  9.63e-11      0.00 7.000e-01 2.990e-01 1.100e-03 5.880e-04 3.170e-03 -1.000 1.000e-03	-0.016	1.511	1.174	0.287	-0.223	-0.694	-1.345	-1.887	-1.952
0.00110  1.20e+10  0.8225486279   0.817  1.937  3.6871  2.113    0  0.000  0.463     0.00     0.00 -1  1.05e-10      0.00 7.000e-01 2.990e-01 1.100e-03 5.880e-04 3.170e-03 -1.000 1.000e-03	-0.073	1.475	1.127	0.234	-0.278	-0.751	-1.406	-1.951	-2.016
0.00110  1.20e+10  0.8226146102   0.816  1.917  3.6886  2.140    0  0.000  0.463     0.00     0.00 -1   9.8e-11      0.00 7.000e-01 2.990e-01 1.100e-03 5.880e-04 3.170e-03 -1.000 1.000e-03	-0.021	1.498	1.164	0.280	-0.228	-0.699	-1.348	-1.889	-1.954
0.00110  1.20e+10  0.8226262331   0.816  1.913  3.6889  2.145    0  0.000  0.463     0.00     0.00 -1  9.65e-11      0.00 7.000e-01 2.990e-01 1.100e-03 5.880e-04 3.170e-03 -1.000 9.999e-04	-0.011	1.502	1.171	0.288	-0.219	-0.689	-1.338	-1.877	-1.942
0.00110  1.20e+10  0.8226778507   0.816  1.948  3.6870  2.101    0  0.000  0.463     0.00     0.00 -1  1.09e-10      0.00 7.000e-01 2.990e-01 1.100e-03 5.880e-04 3.170e-03 -1.000 1.000e-03	-0.101	1.450	1.100	0.207	-0.306	-0.779	-1.434	-1.980	-2.045
0.00110  1.20e+10  0.8227348924   0.816  1.989  3.6847  2.051    0  0.000  0.463     0.00     0.00 -1  1.27e-10      0.00 7.000e-01 2.990e-01 1.100e-03 5.880e-04 3.170e-03 -1.000 9.999e-04	-0.203	1.392	1.021	0.113	-0.404	-0.882	-1.545	-2.097	-2.163
0.00110  1.20e+10  0.8227899075   0.815  2.031  3.6824  2.000    0  0.000  0.463     0.00     0.00 -1  1.48e-10      0.00 7.000e-01 2.990e-01 1.100e-03 5.880e-04 3.170e-03 -1.000 1.000e-03	-0.307	1.334	0.940	0.019	-0.505	-0.987	-1.658	-2.216	-2.283
0.00110  1.20e+10  0.8228401542   0.815  2.072  3.6801  1.950    0  0.000  0.463     0.00     0.00 -1  1.72e-10      0.00 7.000e-01 2.990e-01 1.100e-03 5.880e-04 3.170e-03 -1.000 1.000e-03	-0.409	1.282	0.864	-0.072	-0.602	-1.089	-1.767	-2.333	-2.400
0.00110  1.20e+10  0.8228877783   0.815  2.113  3.6777  1.899    0  0.000  0.463     0.00     0.00 -1  2.01e-10      0.00 7.000e-01 2.990e-01 1.100e-03 5.880e-04 3.170e-03 -1.000 1.000e-03	-0.512	1.232	0.788	-0.164	-0.700	-1.192	-1.879	-2.452	-2.520
0.00110  1.20e+10  0.8229306936   0.814  2.153  3.6753  1.849    0  0.000  0.463     0.00     0.00 -1  2.34e-10      0.00 7.000e-01 2.990e-01 1.100e-03 5.880e-04 3.170e-03 -1.000 1.000e-03	-0.613	1.184	0.714	-0.252	-0.796	-1.292	-1.988	-2.567	-2.637
0.00110  1.20e+10  0.8229705691   0.814  2.193  3.6728  1.799    0  0.000  0.463     0.00     0.00 -1  2.72e-10      0.00 7.000e-01 2.990e-01 1.100e-03 5.880e-04 3.170e-03 -1.000 1.000e-03	-0.713	1.139	0.642	-0.341	-0.891	-1.392	-2.097	-2.683	-2.754
0.00110  1.20e+10  0.8230071664   0.813  2.233  3.6704  1.749    0  0.000  0.463     0.00     0.00 -1  3.15e-10      0.00 7.000e-01 2.990e-01 1.100e-03 5.880e-04 3.170e-03 -1.000 1.000e-03	-0.812	1.096	0.572	-0.428	-0.985	-1.491	-2.204	-2.798	-2.870
0.00110  1.20e+10  0.8230410814   0.813  2.273  3.6679  1.699    0  0.000  0.463     0.00     0.00 -1  3.66e-10      0.00 7.000e-01 2.990e-01 1.100e-03 5.880e-04 3.170e-03 -1.000 1.000e-03	-0.912	1.055	0.503	-0.514	-1.079	-1.590	-2.312	-2.913	-2.986
0.00110  1.20e+10  0.8230718374   0.812  2.311  3.6654  1.650    0  0.000  0.463     0.00     0.00 -1  4.24e-10      0.00 7.000e-01 2.990e-01 1.100e-03 5.880e-04 3.170e-03 -1.000 1.000e-03	-1.008	1.018	0.437	-0.597	-1.169	-1.685	-2.417	-3.025	-3.099
0.00110  1.20e+10  0.8231009245   0.811  2.351  3.6629  1.600    0  0.000  0.463     0.00     0.00 -1  4.91e-10      0.00 7.000e-01 2.990e-01 1.100e-03 5.880e-04 3.170e-03 -1.000 1.000e-03	-1.106	0.982	0.371	-0.680	-1.260	-1.782	-2.523	-3.140	-3.215
0.00110  1.20e+10  0.8231273890   0.811  2.389  3.6603  1.551    0  0.000  0.463     0.00     0.00 -1  5.67e-10      0.00 7.000e-01 2.990e-01 1.100e-03 5.880e-04 3.170e-03 -1.000 1.000e-03	-1.203	0.950	0.309	-0.762	-1.349	-1.877	-2.628	-3.252	-3.328
0.00110  1.20e+10  0.8231519461   0.810  2.427  3.6578  1.502    0  0.000  0.463     0.00     0.00 -1  6.55e-10      0.00 7.000e-01 2.990e-01 1.100e-03 5.880e-04 3.170e-03 -1.000 1.000e-03	-1.298	0.919	0.247	-0.842	-1.438	-1.970	-2.731	-3.363	-3.440
0.00110  1.20e+10  0.8231744766   0.809  2.464  3.6553  1.455    0  0.000  0.463     0.00     0.00 -1  7.54e-10      0.00 7.000e-01 2.990e-01 1.100e-03 5.880e-04 3.170e-03 -1.000 1.000e-03	-1.391	0.897	0.190	-0.920	-1.524	-2.062	-2.833	-3.472	-3.550
0.00110  1.20e+10  0.8232002258   0.808  2.510  3.6520  1.396    0  0.000  0.463     0.00     0.00 -1  8.98e-10      0.00 7.000e-01 2.990e-01 1.100e-03 5.880e-04 3.170e-03 -1.000 1.000e-03	-1.505	0.878	0.124	-1.011	-1.628	-2.174	-2.957	-3.606	-3.686
0.00110  1.20e+10  0.8232195377   0.807  2.547  3.6495  1.348    0  0.000  0.463     0.00     0.00 -1  1.03e-09      0.00 7.000e-01 2.990e-01 1.100e-03 5.880e-04 3.170e-03 -1.000 1.000e-03	-1.598	0.867	0.073	-1.084	-1.710	-2.263	-3.057	-3.715	-3.796
0.00110  1.20e+10  0.8232408762   0.806  2.591  3.6464  1.291    0  0.000  0.463     0.00     0.00 -1  1.22e-09      0.00 7.000e-01 2.990e-01 1.100e-03 5.880e-04 3.170e-03 -1.000 1.000e-03	-1.707	0.854	0.014	-1.169	-1.807	-2.368	-3.175	-3.842	-3.925
0.00110  1.20e+10  0.8232609034   0.805  2.635  3.6432  1.234    0  0.000  0.463     0.00     0.00 -1  1.45e-09      0.00 7.000e-01 2.990e-01 1.100e-03 5.880e-04 3.170e-03 -1.000 9.999e-04	-1.817	0.848	-0.043	-1.254	-1.905	-2.474	-3.295	-3.972	-4.057
0.00110  1.20e+10  0.8232761621   0.804  2.671  3.6406  1.187    0  0.000  0.463     0.00     0.00 -1  1.66e-09      0.00 7.000e-01 2.990e-01 1.100e-03 5.880e-04 3.170e-03 -1.000 1.000e-03	-1.908	0.846	-0.089	-1.323	-1.985	-2.561	-3.393	-4.078	-4.165
0.00110  1.20e+10  0.8232927322   0.802  2.713  3.6376  1.132    0  0.000  0.463     0.00     0.00 -1  1.95e-09      0.00 7.000e-01 2.990e-01 1.100e-03 5.880e-04 3.170e-03 -1.000 1.000e-03	-2.012	0.849	-0.139	-1.401	-2.076	-2.660	-3.506	-4.200	-4.290
0.00110  1.20e+10  0.8233085871   0.800  2.756  3.6344  1.075    0  0.000  0.463     0.00     0.00 -1   2.3e-09      0.00 7.000e-01 2.990e-01 1.100e-03 5.880e-04 3.170e-03 -1.000 1.000e-03	-2.119	0.858	-0.187	-1.479	-2.167	-2.761	-3.621	-4.326	-4.418
0.00110  1.20e+10  0.8233235478   0.799  2.799  3.6311  1.018    0  0.000  0.463     0.00     0.00 -1  2.72e-09      0.00 7.000e-01 2.990e-01 1.100e-03 5.880e-04 3.170e-03 -1.000 1.000e-03	-2.228	0.871	-0.234	-1.557	-2.260	-2.863	-3.738	-4.454	-4.548
0.00110  1.20e+10  0.8233363032   0.797  2.839  3.6282  0.965    0  0.000  0.463     0.00     0.00 -1  3.16e-09      0.00 7.000e-01 2.990e-01 1.100e-03 5.880e-04 3.170e-03 -1.000 1.000e-03	-2.327	0.893	-0.272	-1.626	-2.344	-2.957	-3.846	-4.571	-4.667
0.00110  1.20e+10  0.8233485818   0.795  2.879  3.6251  0.911    0  0.000  0.463     0.00     0.00 -1   3.7e-09      0.00 7.000e-01 2.990e-01 1.100e-03 5.880e-04 3.170e-03 -1.000 1.000e-03	-2.428	0.921	-0.307	-1.695	-2.429	-3.052	-3.955	-4.690	-4.789
0.00110  1.20e+10  0.8233602643   0.792  2.920  3.6218  0.856    0  0.000  0.463     0.00     0.00 -1  4.35e-09      0.00 7.000e-01 2.990e-01 1.100e-03 5.880e-04 3.170e-03 -1.000 1.000e-03	-2.531	0.962	-0.336	-1.759	-2.511	-3.146	-4.066	-4.811	-4.915
0.00110  1.20e+10  0.8233706951   0.790  2.960  3.6188  0.803    0  0.000  0.463     0.00     0.00 -1  5.07e-09      0.00 7.000e-01 2.990e-01 1.100e-03 5.880e-04 3.170e-03 -1.000 1.000e-03	-2.630	1.000	-0.364	-1.821	-2.591	-3.236	-4.173	-4.928	-5.034
0.00110  1.20e+10  0.8233804107   0.787  2.999  3.6158  0.750    0  0.000  0.463     0.00     0.00 -1   5.9e-09      0.00 7.000e-01 2.990e-01 1.100e-03 5.880e-04 3.170e-03 -1.000 1.000e-03	-2.727	1.037	-0.392	-1.882	-2.669	-3.326	-4.277	-5.041	-5.151
0.00110  1.20e+10  0.8233894706   0.784  3.038  3.6127  0.698    0  0.000  0.463     0.00     0.00 -1  6.86e-09      0.00 7.000e-01 2.990e-01 1.100e-03 5.880e-04 3.170e-03 -1.000 9.999e-04	-2.824	1.081	-0.415	-1.941	-2.745	-3.414	-4.381	-5.156	-5.269
0.00110  1.20e+10  0.8233982325   0.781  3.077  3.6097  0.644    0  0.000  0.463     0.00     0.00 -1     8e-09      0.00 7.000e-01 2.990e-01 1.100e-03 5.880e-04 3.170e-03 -1.000 9.999e-04	-2.922	1.124	-0.439	-1.998	-2.821	-3.502	-4.486	-5.271	-5.387
0.00110  1.20e+10  0.8234058619   0.777  3.113  3.6068  0.595    0  0.000  0.463     0.00     0.00 -1  9.24e-09      0.00 7.000e-01 2.990e-01 1.100e-03 5.880e-04 3.170e-03 -1.000 9.999e-04	-3.013	1.164	-0.460	-2.051	-2.891	-3.584	-4.582	-5.378	-5.498
0.00110  1.20e+10  0.8234132528   0.774  3.151  3.6039  0.543    0  0.000  0.463     0.00     0.00 -1  1.07e-08      0.00 7.000e-01 2.990e-01 1.100e-03 5.880e-04 3.170e-03 -1.000 1.000e-03	-3.107	1.207	-0.480	-2.104	-2.962	-3.668	-4.681	-5.487	-5.611
0.00110  1.20e+10  0.8234202862   0.770  3.188  3.6009  0.492    0  0.000  0.463     0.00     0.00 -1  1.24e-08      0.00 7.000e-01 2.990e-01 1.100e-03 5.880e-04 3.170e-03 -1.000 1.000e-03	-3.200	1.253	-0.497	-2.156	-3.033	-3.751	-4.780	-5.597	-5.724
0.00110  1.20e+10  0.8234267235   0.765  3.224  3.5980  0.442    0  0.000  0.463     0.00     0.00 -1  1.43e-08      0.00 7.000e-01 2.990e-01 1.100e-03 5.880e-04 3.170e-03 -1.000 1.000e-03	-3.289	1.306	-0.506	-2.200	-3.098	-3.830	-4.876	-5.702	-5.833
0.00110  1.20e+10  0.8234326839   0.761  3.258  3.5953  0.394    0  0.000  0.463     0.00     0.00 -1  1.64e-08      0.00 7.000e-01 2.990e-01 1.100e-03 5.880e-04 3.170e-03 -1.000 1.000e-03	-3.376	1.355	-0.512	-2.241	-3.159	-3.906	-4.968	-5.803	-5.938
0.00110  1.20e+10  0.8234381676   0.756  3.291  3.5926  0.348    0  0.000  0.463     0.00     0.00 -1  1.88e-08      0.00 7.000e-01 2.990e-01 1.100e-03 5.880e-04 3.170e-03 -1.000 9.999e-04	-3.458	1.402	-0.517	-2.278	-3.217	-3.979	-5.055	-5.900	-6.038
0.00110  1.20e+10  0.8234436512   0.750  3.323  3.5901  0.302    0  0.000  0.463     0.00     0.00 -1  2.14e-08      0.00 7.000e-01 2.990e-01 1.100e-03 5.880e-04 3.170e-03 -1.000 1.000e-03	-3.538	1.449	-0.520	-2.314	-3.272	-4.048	-5.140	-5.993	-6.135
0.00110  1.20e+10  0.8234448433   0.749  1.730  3.7417  2.501    4  0.000  0.463     0.00     0.00 -1         0      0.00 7.000e-01 2.990e-01 1.100e-03 5.880e-04 3.170e-03 -1.000 9.999e-04	0.446	1.221	1.195	0.589	0.197	-0.178	-0.668	-1.068	-1.112
0.00110  1.20e+10  0.8234950304   0.749  1.745  3.7406  2.482    4  0.000  0.463     0.00     0.00 -1         0      0.00 7.000e-01 2.990e-01 1.100e-03 5.880e-04 3.170e-03 -1.000 1.000e-03	0.407	1.194	1.164	0.553	0.158	-0.218	-0.712	-1.114	-1.158
0.00110  1.20e+10  0.8235464096   0.749  1.749  3.7404  2.477    4  0.000  0.463     0.00     0.00 -1         0      0.00 7.000e-01 2.990e-01 1.100e-03 5.880e-04 3.170e-03 -1.000 1.000e-03	0.398	1.187	1.156	0.544	0.149	-0.228	-0.722	-1.124	-1.169
0.00110  1.20e+10  0.8235986829   0.749  1.750  3.7405  2.476    4  0.000  0.463     0.00     0.00 -1         0      0.00 7.000e-01 2.990e-01 1.100e-03 5.880e-04 3.170e-03 -1.000 1.000e-03	0.394	1.182	1.151	0.540	0.145	-0.231	-0.725	-1.127	-1.172
0.00110  1.20e+10  0.8236526847   0.749  1.751  3.7409  2.477    4  0.000  0.463     0.00     0.00 -1         0      0.00 7.000e-01 2.990e-01 1.100e-03 5.880e-04 3.170e-03 -1.000 9.999e-04	0.393	1.178	1.147	0.538	0.143	-0.232	-0.725	-1.126	-1.171
0.00110  1.20e+10  0.8237051964   0.749  1.751  3.7414  2.480    4  0.000  0.463     0.00     0.00 -1         0      0.00 7.000e-01 2.990e-01 1.100e-03 5.880e-04 3.170e-03 -1.000 1.000e-03	0.393	1.173	1.144	0.537	0.144	-0.231	-0.722	-1.122	-1.166
0.00110  1.20e+10  0.8237581253   0.749  1.750  3.7421  2.483    4  0.000  0.463     0.00     0.00 -1         0      0.00 7.000e-01 2.990e-01 1.100e-03 5.880e-04 3.170e-03 -1.000 1.000e-03	0.395	1.169	1.142	0.538	0.146	-0.228	-0.717	-1.115	-1.159
0.00110  1.20e+10  0.8238122463   0.749  1.749  3.7429  2.488    4  0.000  0.463     0.00     0.00 -1         0      0.00 7.000e-01 2.990e-01 1.100e-03 5.880e-04 3.170e-03 -1.000 1.000e-03	0.398	1.164	1.139	0.539	0.149	-0.223	-0.710	-1.106	-1.150
0.00110  1.20e+10  0.8238656521   0.749  1.747  3.7438  2.493    4  0.000  0.463     0.00     0.00 -1         0      0.00 7.000e-01 2.990e-01 1.100e-03 5.880e-04 3.170e-03 -1.000 1.000e-03	0.402	1.160	1.137	0.541	0.152	-0.218	-0.703	-1.097	-1.141
0.00110  1.20e+10  0.8239199519   0.749  1.746  3.7446  2.497    4  0.000  0.463     0.00     0.00 -1         0      0.00 7.000e-01 2.990e-01 1.100e-03 5.880e-04 3.170e-03 -1.000 1.000e-03	0.405	1.156	1.135	0.543	0.156	-0.213	-0.695	-1.088	-1.131
0.00110  1.20e+10  0.8239712715   0.749  1.745  3.7454  2.502    4  0.000  0.463     0.00     0.00 -1         0      0.00 7.000e-01 2.990e-01 1.100e-03 5.880e-04 3.170e-03 -1.000 9.999e-04	0.408	1.152	1.133	0.544	0.159	-0.209	-0.689	-1.079	-1.123
0.00110  1.20e+10  0.8240259886   0.750  1.744  3.7462  2.506    4  0.000  0.463     0.00     0.00 -1         0      0.00 7.000e-01 2.990e-01 1.100e-03 5.880e-04 3.170e-03 -1.000 1.000e-03	0.411	1.148	1.131	0.546	0.162	-0.204	-0.683	-1.071	-1.114
0.00110  1.20e+10  0.8240796924   0.750  1.743  3.7469  2.510    4  0.000  0.463     0.00     0.00 -1         0      0.00 7.000e-01 2.990e-01 1.100e-03 5.880e-04 3.170e-03 -1.000 1.000e-03	0.414	1.144	1.129	0.547	0.164	-0.201	-0.677	-1.064	-1.106
0.00110  1.20e+10  0.8241300583   0.750  1.742  3.7475  2.513    4  0.000  0.463     0.00     0.00 -1         0      0.00 7.000e-01 2.990e-01 1.100e-03 5.880e-04 3.170e-03 -1.000 9.999e-04	0.415	1.140	1.127	0.547	0.166	-0.198	-0.673	-1.058	-1.101
0.00110  1.20e+10  0.8241830468   0.750  1.741  3.7480  2.516    4  0.000  0.463     0.00     0.00 -1         0      0.00 7.000e-01 2.990e-01 1.100e-03 5.880e-04 3.170e-03 -1.000 1.000e-03	0.417	1.137	1.125	0.548	0.168	-0.195	-0.669	-1.053	-1.095
0.00110  1.20e+10  0.8241955042   0.750  1.741  3.7481  2.516    4  0.000  0.463     0.00     0.00 -1         0      0.00 7.000e-01 2.990e-01 1.100e-03 5.880e-04 3.170e-03 -1.000 1.000e-03	0.417	1.136	1.125	0.548	0.168	-0.195	-0.668	-1.052	-1.094
0.00110  1.20e+10  0.8242056370   0.750  1.741  3.7482  2.516    4  0.000  0.463     0.00     0.00 -1         0      0.00 7.000e-01 2.990e-01 1.100e-03 5.880e-04 3.170e-03 -1.000 1.000e-03	0.417	1.136	1.124	0.548	0.168	-0.195	-0.668	-1.051	-1.094
0.00110  1.20e+10  0.8242573738   0.750  1.741  3.7485  2.518    4  0.000  0.463     0.00     0.00 -1         0      0.00 7.000e-01 2.990e-01 1.100e-03 5.880e-04 3.170e-03 -1.000 1.000e-03	0.418	1.133	1.123	0.547	0.168	-0.194	-0.666	-1.049	-1.091
0.00110  1.20e+10  0.8243099451   0.750  1.741  3.7487  2.519    4  0.000  0.463     0.00     0.00 -1         0      0.00 7.000e-01 2.990e-01 1.100e-03 5.880e-04 3.170e-03 -1.000 1.000e-03	0.417	1.131	1.121	0.546	0.168	-0.194	-0.665	-1.048	-1.090
0.00110  1.20e+10  0.8243609667   0.750  1.742  3.7488  2.519    4  0.000  0.463     0.00     0.00 -1         0      0.00 7.000e-01 2.990e-01 1.100e-03 5.880e-04 3.170e-03 -1.000 1.000e-03	0.416	1.129	1.119	0.545	0.167	-0.195	-0.666	-1.048	-1.090
0.00110  1.20e+10  0.8244116306   0.750  1.742  3.7488  2.518    4  0.000  0.463     0.00     0.00 -1         0      0.00 7.000e-01 2.990e-01 1.100e-03 5.880e-04 3.170e-03 -1.000 1.000e-03	0.414	1.127	1.117	0.543	0.165	-0.197	-0.668	-1.050	-1.092
0.00110  1.20e+10  0.8244618177   0.750  1.743  3.7487  2.516    4  0.000  0.463     0.00     0.00 -1         0      0.00 7.000e-01 2.990e-01 1.100e-03 5.880e-04 3.170e-03 -1.000 1.000e-03	0.411	1.125	1.115	0.541	0.162	-0.200	-0.671	-1.053	-1.095
0.00110  1.20e+10  0.8245147467   0.750  1.745  3.7484  2.514    4  0.000  0.463     0.00     0.00 -1         0      0.00 7.000e-01 2.990e-01 1.100e-03 5.880e-04 3.170e-03 -1.000 1.000e-03	0.407	1.124	1.113	0.537	0.158	-0.204	-0.677	-1.060	-1.102
0.00110  1.20e+10  0.8245677352   0.750  1.747  3.7479  2.510    4  0.000  0.463     0.00     0.00 -1         0      0.00 7.000e-01 2.990e-01 1.100e-03 5.880e-04 3.170e-03 -1.000 1.000e-03	0.402	1.123	1.111	0.533	0.153	-0.210	-0.684	-1.068	-1.111
0.00110  1.20e+10  0.8245805502   0.750  1.748  3.7478  2.509    4  0.000  0.463     0.00     0.00 -1         0      0.00 7.000e-01 2.990e-01 1.100e-03 5.880e-04 3.170e-03 -1.000 1.000e-03	0.401	1.123	1.110	0.532	0.151	-0.212	-0.686	-1.070	-1.113
0.00110  1.20e+10  0.8246060610   0.750  1.749  3.7475  2.506    4  0.000  0.463     0.00     0.00 -1         0      0.00 7.000e-01 2.990e-01 1.100e-03 5.880e-04 3.170e-03 -1.000 1.000e-03	0.397	1.122	1.108	0.529	0.148	-0.216	-0.691	-1.076	-1.118
0.00110  1.20e+10  0.8246534467   0.750  1.752  3.7469  2.501    4  0.000  0.463     0.00     0.00 -1         0      0.00 7.000e-01 2.990e-01 1.100e-03 5.880e-04 3.170e-03 -1.000 1.000e-03	0.391	1.121	1.106	0.524	0.142	-0.223	-0.700	-1.086	-1.129
0.00110  1.20e+10  0.8247009516   0.750  1.755  3.7463  2.496    4  0.000  0.463     0.00     0.00 -1         0      0.00 7.000e-01 2.990e-01 1.100e-03 5.880e-04 3.170e-03 -1.000 1.000e-03	0.384	1.120	1.103	0.518	0.134	-0.232	-0.710	-1.098	-1.141
0.00110  1.20e+10  0.8247474432   0.750  1.758  3.7456  2.490    4  0.000  0.463     0.00     0.00 -1         0      0.00 7.000e-01 2.990e-01 1.100e-03 5.880e-04 3.170e-03 -1.000 1.000e-03	0.376	1.119	1.099	0.511	0.126	-0.241	-0.721	-1.111	-1.154
0.00110  1.20e+10  0.8247943521   0.750  1.762  3.7447  2.482    4  0.000  0.463     0.00     0.00 -1         0      0.00 7.000e-01 2.990e-01 1.100e-03 5.880e-04 3.170e-03 -1.000 1.000e-03	0.366	1.117	1.095	0.503	0.116	-0.253	-0.735	-1.127	-1.170
0.00110  1.20e+10  0.8248414397   0.750  1.767  3.7436  2.473    4  0.000  0.463     0.00     0.00 -1         0      0.00 7.000e-01 2.990e-01 1.100e-03 5.880e-04 3.170e-03 -1.000 1.000e-03	0.353	1.115	1.090	0.493	0.104	-0.267	-0.752	-1.147	-1.190
0.00110  1.20e+10  0.8248880506   0.750  1.772  3.7425  2.464    4  0.000  0.463     0.00     0.00 -1         0      0.00 7.000e-01 2.990e-01 1.100e-03 5.880e-04 3.170e-03 -1.000 1.000e-03	0.341	1.112	1.084	0.482	0.091	-0.282	-0.770	-1.167	-1.211
0.00110  1.20e+10  0.8249352574   0.751  1.776  3.7418  2.457    4  0.000  0.463     0.00     0.00 -1         0      0.00 7.000e-01 2.990e-01 1.100e-03 5.880e-04 3.170e-03 -1.000 1.000e-03	0.330	1.109	1.078	0.473	0.081	-0.293	-0.783	-1.182	-1.226
0.00110  1.20e+10  0.8249819875   0.751  1.783  3.7404  2.444    4  0.000  0.463     0.00     0.00 -1         0      0.00 7.000e-01 2.990e-01 1.100e-03 5.880e-04 3.170e-03 -1.000 1.000e-03	0.312	1.104	1.069	0.457	0.062	-0.315	-0.808	-1.210	-1.255
0.00110  1.20e+10  0.8250325322   0.751  1.793  3.7386  2.427    4  0.000  0.463     0.00     0.00 -1         0      0.00 7.000e-01 2.990e-01 1.100e-03 5.880e-04 3.170e-03 -1.000 1.000e-03	0.288	1.097	1.056	0.437	0.037	-0.342	-0.841	-1.247	-1.292
0.00110  1.20e+10  0.8250743151   0.751  1.801  3.7373  2.414    4  0.000  0.463     0.00     0.00 -1         0      0.00 7.000e-01 2.990e-01 1.100e-03 5.880e-04 3.170e-03 -1.000 1.000e-03	0.269	1.092	1.046	0.421	0.019	-0.363	-0.865	-1.275	-1.321
0.00110  1.20e+10  0.8251213431   0.751  1.816  3.7348  2.389    4  0.000  0.463     0.00     0.00 -1         0      0.00 7.000e-01 2.990e-01 1.100e-03 5.880e-04 3.170e-03 -1.000 1.000e-03	0.230	1.083	1.026	0.388	-0.019	-0.405	-0.914	-1.330	-1.377
0.00110  1.20e+10  0.8251690269   0.751  1.844  3.7307  2.345    4  0.000  0.463     0.00     0.00 -1         0      0.00 7.000e-01 2.990e-01 1.100e-03 5.880e-04 3.170e-03 -1.000 1.000e-03	0.161	1.063	0.986	0.328	-0.088	-0.481	-1.002	-1.428	-1.476
0.00110  1.20e+10  0.8251989484   0.751  1.877  3.7261  2.293    4  0.000  0.463     0.00     0.00 -1         0      0.00 7.000e-01 2.990e-01 1.100e-03 5.880e-04 3.170e-03 -1.000 1.000e-03	0.077	1.036	0.937	0.255	-0.171	-0.572	-1.106	-1.543	-1.594
0.00110  1.20e+10  0.8252139688   0.751  1.912  3.7215  2.239    4  0.000  0.463     0.00     0.00 -1         0      0.00 7.000e-01 2.990e-01 1.100e-03 5.880e-04 3.170e-03 -1.000 1.000e-03	-0.010	1.010	0.886	0.180	-0.256	-0.665	-1.213	-1.661	-1.714
0.00110  1.20e+10  0.8252206445   0.751  1.945  3.7173  2.189    4  0.000  0.463     0.00     0.00 -1         0      0.00 7.000e-01 2.990e-01 1.100e-03 5.880e-04 3.170e-03 -1.000 9.999e-04	-0.094	0.988	0.837	0.108	-0.337	-0.753	-1.313	-1.773	-1.827
0.00110  1.20e+10  0.8252239823   0.751  1.979  3.7132  2.139    4  0.000  0.463     0.00     0.00 -1         0      0.00 7.000e-01 2.990e-01 1.100e-03 5.880e-04 3.170e-03 -1.000 1.000e-03	-0.178	0.963	0.786	0.036	-0.418	-0.842	-1.414	-1.885	-1.940
0.00110  1.20e+10  0.8252256513   0.751  2.011  3.7097  2.094    4  0.000  0.463     0.00     0.00 -1         0      0.00 7.000e-01 2.990e-01 1.100e-03 5.880e-04 3.170e-03 -1.000 9.999e-04	-0.257	0.936	0.738	-0.033	-0.494	-0.925	-1.507	-1.987	-2.044
0.00110  1.20e+10  0.8252267241   0.751  2.041  3.7064  2.050    4  0.000  0.463     0.00     0.00 -1         0      0.00 7.000e-01 2.990e-01 1.100e-03 5.880e-04 3.170e-03 -1.000 1.000e-03	-0.333	0.913	0.691	-0.098	-0.567	-1.004	-1.597	-2.086	-2.143
0.00110  1.20e+10  0.8252269030   0.751  2.048  3.7057  2.041    4  0.000  0.463     0.00     0.00 -1         0      0.00 7.000e-01 2.990e-01 1.100e-03 5.880e-04 3.170e-03 -1.000 1.000e-03	-0.350	0.908	0.680	-0.113	-0.583	-1.022	-1.616	-2.107	-2.165
0.00110  1.20e+10  0.8252269626   0.751  2.052  3.7054  2.035    4  0.000  0.463     0.00     0.00 -1         0      0.00 7.000e-01 2.990e-01 1.100e-03 5.880e-04 3.170e-03 -1.000 1.000e-03	-0.359	0.905	0.674	-0.121	-0.592	-1.031	-1.627	-2.119	-2.177
0.00110  1.20e+10  0.8252280951   0.751  2.099  3.7009  1.970    4  0.000  0.463     0.00     0.00 -1         0      0.00 7.000e-01 2.990e-01 1.100e-03 5.880e-04 3.170e-03 -1.000 1.000e-03	-0.478	0.862	0.597	-0.224	-0.706	-1.154	-1.764	-2.268	-2.328
0.00110  1.20e+10  0.8252289891   0.751  2.138  3.6973  1.917    4  0.000  0.463     0.00     0.00 -1         0      0.00 7.000e-01 2.990e-01 1.100e-03 5.880e-04 3.170e-03 -1.000 1.000e-03	-0.574	0.829	0.535	-0.308	-0.799	-1.254	-1.874	-2.387	-2.449
0.00110  1.20e+10  0.8252298832   0.751  2.171  3.6943  1.872    4  0.000  0.463     0.00     0.00 -1         0      0.00 7.000e-01 2.990e-01 1.100e-03 5.880e-04 3.170e-03 -1.000 1.000e-03	-0.658	0.802	0.481	-0.381	-0.879	-1.340	-1.970	-2.491	-2.553
0.00110  1.20e+10  0.8252307773   0.751  2.193  3.6924  1.843    4  0.000  0.463     0.00     0.00 -1         0      0.00 7.000e-01 2.990e-01 1.100e-03 5.880e-04 3.170e-03 -1.000 1.000e-03	-0.712	0.785	0.446	-0.427	-0.930	-1.394	-2.031	-2.557	-2.620
0.00110  1.20e+10  0.8252329826   0.751  2.199  3.6921  1.835    4  0.000  0.463     0.00     0.00 -1         0      0.00 7.000e-01 2.990e-01 1.100e-03 5.880e-04 3.170e-03 -1.000 1.000e-03	-0.728	0.776	0.433	-0.442	-0.946	-1.411	-2.048	-2.576	-2.639
0.00110  1.20e+10  0.8252348304   0.751  2.183  3.6936  1.857    4  0.000  0.463     0.00     0.00 -1         0      0.00 7.000e-01 2.990e-01 1.100e-03 5.880e-04 3.170e-03 -1.000 1.000e-03	-0.688	0.787	0.458	-0.408	-0.908	-1.370	-2.002	-2.526	-2.588
0.00110  1.20e+10  0.8252398968   0.751  2.161  3.6955  1.887    4  0.000  0.463     0.00     0.00 -1         0      0.00 7.000e-01 2.990e-01 1.100e-03 5.880e-04 3.170e-03 -1.000 1.000e-03	-0.632	0.804	0.494	-0.360	-0.855	-1.314	-1.939	-2.457	-2.519
0.00110  1.20e+10  0.8252690434   0.751  2.170  3.6942  1.872    4  0.000  0.463     0.00     0.00 -1         0      0.00 7.000e-01 2.990e-01 1.100e-03 5.880e-04 3.170e-03 -1.000 1.000e-03	-0.656	0.806	0.484	-0.378	-0.876	-1.338	-1.968	-2.489	-2.552
0.00110  1.20e+10  0.8252865076   0.751  2.204  3.6910  1.826    4  0.000  0.463     0.00     0.00 -1         0      0.00 7.000e-01 2.990e-01 1.100e-03 5.880e-04 3.170e-03 -1.000 1.000e-03	-0.739	0.785	0.432	-0.449	-0.955	-1.423	-2.064	-2.594	-2.657
0.00110  1.20e+10  0.8253062367   0.751  2.250  3.6868  1.763    4  0.000  0.463     0.00     0.00 -1         0      0.00 7.000e-01 2.990e-01 1.100e-03 5.880e-04 3.170e-03 -1.000 1.000e-03	-0.856	0.754	0.360	-0.548	-1.065	-1.540	-2.196	-2.738	-2.803
0.00110  1.20e+10  0.8253244162   0.751  2.295  3.6829  1.702    4  0.000  0.463     0.00     0.00 -1         0      0.00 7.000e-01 2.990e-01 1.100e-03 5.880e-04 3.170e-03 -1.000 1.000e-03	-0.968	0.724	0.290	-0.644	-1.171	-1.654	-2.322	-2.876	-2.942
0.00110  1.20e+10  0.8253402710   0.751  2.337  3.6792  1.645    4  0.000  0.463     0.00     0.00 -1         0      0.00 7.000e-01 2.990e-01 1.100e-03 5.880e-04 3.170e-03 -1.000 9.999e-04	-1.074	0.696	0.226	-0.732	-1.269	-1.760	-2.441	-3.006	-3.073
0.00110  1.20e+10  0.8253543973   0.751  2.380  3.6756  1.588    4  0.000  0.463     0.00     0.00 -1         0      0.00 7.000e-01 2.990e-01 1.100e-03 5.880e-04 3.170e-03 -1.000 9.999e-04	-1.179	0.671	0.162	-0.820	-1.367	-1.864	-2.559	-3.134	-3.203
0.00110  1.20e+10  0.8253667355   0.751  2.421  3.6720  1.533    4  0.000  0.463     0.00     0.00 -1         0      0.00 7.000e-01 2.990e-01 1.100e-03 5.880e-04 3.170e-03 -1.000 1.000e-03	-1.283	0.647	0.100	-0.906	-1.463	-1.967	-2.675	-3.261	-3.331
0.00110  1.20e+10  0.8253775239   0.751  2.462  3.6685  1.478    4  0.000  0.463     0.00     0.00 -1         0      0.00 7.000e-01 2.990e-01 1.100e-03 5.880e-04 3.170e-03 -1.000 1.000e-03	-1.385	0.627	0.040	-0.990	-1.558	-2.069	-2.789	-3.385	-3.457
0.00110  1.20e+10  0.8253872991   0.751  2.503  3.6650  1.423    4  0.000  0.463     0.00     0.00 -1         0      0.00 7.000e-01 2.990e-01 1.100e-03 5.880e-04 3.170e-03 -1.000 1.000e-03	-1.487	0.615	-0.015	-1.072	-1.650	-2.170	-2.903	-3.509	-3.583
0.00110  1.20e+10  0.8253962398   0.751  2.544  3.6615  1.368    4  0.000  0.463     0.00     0.00 -1         0      0.00 7.000e-01 2.990e-01 1.100e-03 5.880e-04 3.170e-03 -1.000 1.000e-03	-1.590	0.607	-0.069	-1.153	-1.743	-2.271	-3.017	-3.634	-3.709
0.00110  1.20e+10  0.8254043460   0.751  2.585  3.6580  1.313    4  0.000  0.463     0.00     0.00 -1         0      0.00 7.000e-01 2.990e-01 1.100e-03 5.880e-04 3.170e-03 -1.000 1.000e-03	-1.692	0.602	-0.121	-1.233	-1.835	-2.370	-3.130	-3.758	-3.834
0.00110  1.20e+10  0.8254119754   0.751  2.626  3.6544  1.257    4  0.000  0.463     0.00     0.00 -1         0      0.00 7.000e-01 2.990e-01 1.100e-03 5.880e-04 3.170e-03 -1.000 1.000e-03	-1.795	0.600	-0.172	-1.314	-1.928	-2.472	-3.246	-3.884	-3.962
0.00110  1.20e+10  0.8254190087   0.751  2.666  3.6509  1.203    4  0.000  0.463     0.00     0.00 -1         0      0.00 7.000e-01 2.990e-01 1.100e-03 5.880e-04 3.170e-03 -1.000 1.000e-03	-1.896	0.606	-0.217	-1.388	-2.016	-2.568	-3.357	-4.007	-4.087
0.00110  1.20e+10  0.8254257441   0.751  2.707  3.6473  1.148    4  0.000  0.463     0.00     0.00 -1         0      0.00 7.000e-01 2.990e-01 1.100e-03 5.880e-04 3.170e-03 -1.000 1.000e-03	-1.997	0.617	-0.261	-1.461	-2.103	-2.664	-3.468	-4.129	-4.211
0.00110  1.20e+10  0.8254323006   0.751  2.747  3.6438  1.094    4  0.000  0.463     0.00     0.00 -1         0      0.00 7.000e-01 2.990e-01 1.100e-03 5.880e-04 3.170e-03 -1.000 1.000e-03	-2.098	0.630	-0.303	-1.534	-2.189	-2.760	-3.579	-4.251	-4.336
0.00110  1.20e+10  0.8254386187   0.751  2.789  3.6401  1.038    4  0.000  0.463     0.00     0.00 -1         0      0.00 7.000e-01 2.990e-01 1.100e-03 5.880e-04 3.170e-03 -1.000 1.000e-03	-2.201	0.649	-0.344	-1.608	-2.278	-2.858	-3.694	-4.377	-4.464
0.00110  1.20e+10  0.8254442215   0.751  2.829  3.6365  0.982    4  0.000  0.463     0.00     0.00 -1         0      0.00 7.000e-01 2.990e-01 1.100e-03 5.880e-04 3.170e-03 -1.000 1.000e-03	-2.304	0.678	-0.379	-1.676	-2.363	-2.953	-3.805	-4.501	-4.590
0.00110  1.20e+10  0.8254493475   0.751  2.873  3.6326  0.924    4  0.000  0.463     0.00     0.00 -1         0      0.00 7.000e-01 2.990e-01 1.100e-03 5.880e-04 3.170e-03 -1.000 1.000e-03	-2.412	0.722	-0.409	-1.745	-2.451	-3.054	-3.924	-4.631	-4.724
0.00110  1.20e+10  0.8254534602   0.751  2.917  3.6286  0.863    4  0.000  0.463     0.00     0.00 -1         0      0.00 7.000e-01 2.990e-01 1.100e-03 5.880e-04 3.170e-03 -1.000 1.000e-03	-2.522	0.772	-0.438	-1.816	-2.541	-3.157	-4.045	-4.765	-4.862
0.00110  1.20e+10  0.8254566193   0.751  2.958  3.6249  0.808    4  0.000  0.463     0.00     0.00 -1         0      0.00 7.000e-01 2.990e-01 1.100e-03 5.880e-04 3.170e-03 -1.000 1.000e-03	-2.624	0.823	-0.461	-1.878	-2.623	-3.250	-4.157	-4.889	-4.989
0.00110  1.20e+10  0.8254594207   0.751  2.998  3.6212  0.752    4  0.000  0.463     0.00     0.00 -1         0      0.00 7.000e-01 2.990e-01 1.100e-03 5.880e-04 3.170e-03 -1.000 1.000e-03	-2.726	0.878	-0.481	-1.936	-2.701	-3.342	-4.267	-5.011	-5.115
0.00110  1.20e+10  0.8254622221   0.751  3.040  3.6175  0.696    4  0.000  0.463     0.00     0.00 -1         0      0.00 7.000e-01 2.990e-01 1.100e-03 5.880e-04 3.170e-03 -1.000 1.000e-03	-2.829	0.937	-0.499	-1.995	-2.781	-3.435	-4.380	-5.136	-5.244
0.00110  1.20e+10  0.8254644871   0.751  3.078  3.6140  0.644    4  0.000  0.463     0.00     0.00 -1         0      0.00 7.000e-01 2.990e-01 1.100e-03 5.880e-04 3.170e-03 -1.000 1.000e-03	-2.925	0.995	-0.515	-2.048	-2.853	-3.520	-4.483	-5.251	-5.363
0.00110  1.20e+10  0.8254662752   0.751  3.122  3.6099  0.583    4  0.000  0.463     0.00     0.00 -1         0      0.00 7.000e-01 2.990e-01 1.100e-03 5.880e-04 3.170e-03 -1.000 1.000e-03	-3.036	1.064	-0.530	-2.107	-2.936	-3.618	-4.603	-5.385	-5.501
0.00110  1.20e+10  0.8254666924   0.751  3.139  3.6083  0.560    4  0.000  0.463     0.00     0.00 -1         0      0.00 7.000e-01 2.990e-01 1.100e-03 5.880e-04 3.170e-03 -1.000 1.000e-03	-3.078	1.090	-0.535	-2.129	-2.966	-3.655	-4.648	-5.436	-5.554
0.00110  1.20e+10  0.8254671097   0.751  3.152  3.6071  0.542    4  0.523  0.463     0.00     0.00 -1         0      0.00 7.000e-01 2.990e-01 1.100e-03 5.880e-04 3.170e-03 -1.000 1.000e-03	-3.110	1.110	-0.539	-2.144	-2.989	-3.683	-4.681	-5.474	-5.594
0.00110  1.20e+10  0.8254671693   0.751  3.152  3.6043  0.531    8  0.523  0.459    53.62    28.34  1 -1.77e-07      0.00 7.395e-01 2.594e-01 1.705e-04 9.412e-05 4.940e-04 -1.000 1.138e-03	-3.110	1.203	-0.485	-2.111	-2.968	-3.673	-4.685	-5.489	-5.612
0.00110  1.20e+10  0.8254672289   0.750  2.914  3.6255  0.853    8  0.523  0.460    26.77    15.54  1 -7.19e-08      0.00 7.395e-01 2.594e-01 1.705e-04 9.412e-05 4.940e-04 -1.000 1.138e-03	-2.516	0.874	-0.379	-1.780	-2.518	-3.143	-4.046	-4.777	-4.876
0.00110  1.20e+10  0.8254672885   0.749  2.764  3.6390  1.057    8  0.523  0.460    17.24    10.61  1 -4.35e-08      0.00 7.395e-01 2.594e-01 1.705e-04 9.412e-05 4.940e-04 -1.000 1.138e-03	-2.139	0.729	-0.270	-1.537	-2.210	-2.793	-3.633	-4.321	-4.409
0.00110  1.20e+10  0.8254675269   0.747  2.587  3.6547  1.295    8  0.523  0.460    10.32     6.80  1 -2.58e-08      0.00 7.395e-01 2.594e-01 1.705e-04 9.412e-05 4.940e-04 -1.000 1.138e-03	-1.698	0.672	-0.085	-1.220	-1.832	-2.374	-3.147	-3.785	-3.862
0.00110  1.20e+10  0.8254677653   0.744  2.601  3.6534  1.274    8  0.523  0.460    10.80     7.06  1  -2.7e-08      0.00 7.395e-01 2.594e-01 1.705e-04 9.412e-05 4.940e-04 -1.000 1.138e-03	-1.733	0.676	-0.101	-1.246	-1.863	-2.408	-3.186	-3.828	-3.907
0.00110  1.20e+10  0.8254680634   0.740  2.727  3.6421  1.100    8  0.523  0.460    15.71     9.74  1 -3.95e-08      0.00 7.395e-01 2.594e-01 1.705e-04 9.412e-05 4.940e-04 -1.000 1.138e-03	-2.048	0.718	-0.231	-1.472	-2.133	-2.707	-3.533	-4.211	-4.297
0.00110  1.20e+10  0.8254684210   0.735  2.909  3.6258  0.850    8  0.524  0.460    26.93    15.47  1 -7.25e-08      0.00 7.395e-01 2.594e-01 1.705e-04 9.412e-05 4.940e-04 -1.000 1.138e-03	-2.502	0.884	-0.368	-1.768	-2.506	-3.129	-4.031	-4.761	-4.860
0.00110  1.20e+10  0.8254688978   0.729  3.064  3.6118  0.636    8  0.524  0.460    42.77    22.98  1  -1.3e-07      0.00 7.395e-01 2.594e-01 1.705e-04 9.412e-05 4.940e-04 -1.000 1.138e-03	-2.889	1.103	-0.439	-1.988	-2.803	-3.477	-4.451	-5.227	-5.341
0.00110  1.20e+10  0.8254694343   0.722  3.168  3.6023  0.489    8  0.524  0.460    58.73    30.09  1 -2.01e-07      0.00 7.395e-01 2.594e-01 1.705e-04 9.412e-05 4.940e-04 -1.000 1.138e-03	-3.151	1.264	-0.471	-2.122	-2.993	-3.707	-4.730	-5.541	-5.666
0.00110  1.20e+10  0.8254699707   0.715  3.230  3.5966  0.400    8  0.525  0.460    71.25    35.37  1 -2.66e-07      0.00 7.395e-01 2.594e-01 1.705e-04 9.412e-05 4.940e-04 -1.000 1.138e-03	-3.306	1.381	-0.470	-2.189	-3.100	-3.842	-4.896	-5.727	-5.860
0.00110  1.20e+10  0.8254706264   0.707  3.267  3.5931  0.344    8  0.525  0.460    80.45    39.05  1 -3.17e-07      0.00 7.395e-01 2.594e-01 1.705e-04 9.412e-05 4.940e-04 -1.000 1.138e-03	-3.398	1.453	-0.463	-2.223	-3.160	-3.921	-4.995	-5.838	-5.975
0.00110  1.20e+10  0.8254713416   0.698  3.296  3.5904  0.299    8  0.525  0.459    88.73    42.20  1 -3.67e-07      0.00 7.395e-01 2.594e-01 1.705e-04 9.412e-05 4.940e-04 -1.000 1.138e-03	-3.469	1.513	-0.455	-2.248	-3.206	-3.981	-5.071	-5.923	-6.065
0.00110  1.20e+10  0.8254714012   0.697  3.109  3.6072  0.553    8  0.525  0.460    51.34    26.29  1 -1.67e-07      0.00 7.395e-01 2.594e-01 1.705e-04 9.412e-05 4.940e-04 -1.000 1.138e-03	-3.003	1.204	-0.438	-2.039	-2.882	-3.576	-4.574	-5.366	-5.486
0.00110  1.20e+10  0.8254714608   0.696  2.915  3.6247  0.817    8  0.525  0.460    29.07    16.06  1 -7.98e-08      0.00 7.395e-01 2.594e-01 1.705e-04 9.412e-05 4.940e-04 -1.000 1.138e-03	-2.516	0.928	-0.353	-1.769	-2.514	-3.142	-4.049	-4.782	-4.882
0.00110  1.20e+10  0.8254716396   0.693  2.735  3.6410  1.060    8  0.526  0.460    17.21    10.18  1 -4.39e-08      0.00 7.395e-01 2.594e-01 1.705e-04 9.412e-05 4.940e-04 -1.000 1.138e-03	-2.067	0.748	-0.227	-1.481	-2.148	-2.725	-3.557	-4.237	-4.324
0.00110  1.20e+10  0.8254718184   0.690  2.745  3.6402  1.045    8  0.526  0.460    17.80    10.45  1 -4.57e-08      0.00 7.395e-01 2.594e-01 1.705e-04 9.412e-05 4.940e-04 -1.000 1.138e-03	-2.092	0.751	-0.238	-1.500	-2.169	-2.749	-3.584	-4.267	-4.354
0.00110  1.20e+10  0.8254721165   0.685  2.864  3.6296  0.881    8  0.526  0.460    25.37    14.15  1 -6.84e-08      0.00 7.395e-01 2.594e-01 1.705e-04 9.412e-05 4.940e-04 -1.000 1.138e-03	-2.390	0.862	-0.326	-1.693	-2.414	-3.026	-3.910	-4.627	-4.722
0.00110  1.20e+10  0.8254724145   0.680  3.036  3.6142  0.644    8  0.526  0.460    42.34    21.92  1  -1.3e-07      0.00 7.395e-01 2.594e-01 1.705e-04 9.412e-05 4.940e-04 -1.000 1.138e-03	-2.820	1.092	-0.414	-1.946	-2.750	-3.416	-4.378	-5.145	-5.256
0.00110  1.20e+10  0.8254728317   0.674  3.181  3.6013  0.443    8  0.526  0.460    65.37    31.72  1 -2.38e-07      0.00 7.395e-01 2.594e-01 1.705e-04 9.412e-05 4.940e-04 -1.000 1.138e-03	-3.182	1.316	-0.457	-2.131	-3.015	-3.736	-4.765	-5.578	-5.705
0.00110  1.20e+10  0.8254732490   0.667  3.275  3.5929  0.310    8  0.527  0.460    87.19    40.40  1 -3.65e-07      0.00 7.395e-01 2.594e-01 1.705e-04 9.412e-05 4.940e-04 -1.000 1.138e-03	-3.419	1.479	-0.458	-2.233	-3.177	-3.941	-5.018	-5.860	-5.998
0.00110  1.20e+10  0.8254737854   0.660  3.327  3.5884  0.236    8  0.527  0.460   102.61    46.12  0  -4.7e-07      0.00 7.395e-01 2.594e-01 1.705e-04 9.412e-05 4.940e-04 -1.000 1.138e-03	-3.547	1.566	-0.456	-2.285	-3.263	-4.051	-5.155	-6.012	-6.157
0.00110  1.20e+10  0.8254743218   0.651  3.353  3.5862  0.196    8  0.527  0.460   112.21    49.33  0 -5.41e-07      0.00 7.395e-01 2.594e-01 1.705e-04 9.412e-05 4.940e-04 -1.000 1.138e-03	-3.612	1.609	-0.455	-2.312	-3.306	-4.107	-5.224	-6.088	-6.236
0.00110  1.20e+10  0.8254749179   0.642  3.369  3.5849  0.168    8  0.528  0.459   119.56    51.49  0 -5.99e-07      0.00 7.395e-01 2.594e-01 1.705e-04 9.412e-05 4.940e-04 -1.000 1.138e-03	-3.653	1.637	-0.454	-2.329	-3.335	-4.143	-5.267	-6.136	-6.286
0.00110  1.20e+10  0.8254749179   0.641  3.190  3.6015  0.413    8  0.528  0.460    70.44    32.57  1 -2.72e-07      0.00 7.395e-01 2.594e-01 1.705e-04 9.412e-05 4.940e-04 -1.000 1.138e-03	-3.204	1.324	-0.463	-2.148	-3.036	-3.759	-4.789	-5.600	-5.727
0.00110  1.20e+10  0.8254749775   0.640  2.994  3.6196  0.680    8  0.528  0.460    39.65    19.77  1 -1.24e-07      0.00 7.395e-01 2.594e-01 1.705e-04 9.412e-05 4.940e-04 -1.000 1.138e-03	-2.715	1.004	-0.414	-1.901	-2.679	-3.328	-4.263	-5.011	-5.117
0.00110  1.20e+10  0.8254750371   0.637  2.811  3.6367  0.930    8  0.528  0.460    23.15    12.37  1 -6.53e-08      0.00 7.395e-01 2.594e-01 1.705e-04 9.412e-05 4.940e-04 -1.000 1.138e-03	-2.258	0.759	-0.319	-1.628	-2.318	-2.910	-3.761	-4.454	-4.544
0.00110  1.20e+10  0.8254751563   0.633  2.816  3.6368  0.922    8  0.528  0.460    23.58    12.50  1 -6.75e-08      0.00 7.395e-01 2.594e-01 1.705e-04 9.412e-05 4.940e-04 -1.000 1.138e-03	-2.271	0.749	-0.331	-1.641	-2.332	-2.924	-3.775	-4.467	-4.557
0.00110  1.20e+10  0.8254753351   0.629  2.928  3.6273  0.770    8  0.528  0.460    32.85    16.54  1 -1.02e-07      0.00 7.395e-01 2.594e-01 1.705e-04 9.412e-05 4.940e-04 -1.000 1.138e-03	-2.550	0.861	-0.411	-1.823	-2.562	-3.184	-4.080	-4.802	-4.900
0.00110  1.20e+10  0.8254754543   0.623  3.090  3.6134  0.548    8  0.528  0.460    53.21    24.87  1 -1.94e-07      0.00 7.395e-01 2.594e-01 1.705e-04 9.412e-05 4.940e-04 -1.000 1.138e-03	-2.956	1.074	-0.496	-2.062	-2.879	-3.552	-4.520	-5.287	-5.400
0.00110  1.20e+10  0.8254756927   0.617  3.225  3.6021  0.364    8  0.529  0.460    79.49    34.80  1  -3.5e-07      0.00 7.395e-01 2.594e-01 1.705e-04 9.412e-05 4.940e-04 -1.000 1.138e-03	-3.292	1.275	-0.533	-2.233	-3.126	-3.851	-4.880	-5.686	-5.813
0.00110  1.20e+10  0.8254759312   0.609  3.309  3.5956  0.249    8  0.529  0.460   102.41    42.73  0 -5.23e-07      0.00 7.395e-01 2.594e-01 1.705e-04 9.412e-05 4.940e-04 -1.000 1.138e-03	-3.502	1.389	-0.554	-2.337	-3.278	-4.037	-5.103	-5.931	-6.066
0.00110  1.20e+10  0.8254761696   0.601  3.349  3.5933  0.194    8  0.529  0.460   116.21    46.84  0 -6.49e-07      0.00 7.395e-01 2.594e-01 1.705e-04 9.412e-05 4.940e-04 -1.000 1.138e-03	-3.602	1.420	-0.576	-2.394	-3.356	-4.128	-5.209	-6.043	-6.183
0.00110  1.20e+10  0.8254764676   0.592  3.363  3.5935  0.174    8  0.529  0.460   122.32    47.92  0 -7.18e-07      0.00 7.395e-01 2.594e-01 1.705e-04 9.412e-05 4.940e-04 -1.000 1.138e-03	-3.636	1.402	-0.603	-2.427	-3.391	-4.164	-5.244	-6.077	-6.217
0.00110  1.20e+10  0.8254767656   0.583  3.366  3.5949  0.169    8  0.530  0.459   125.27    47.58  0 -7.62e-07      0.00 7.395e-01 2.594e-01 1.705e-04 9.412e-05 4.940e-04 -1.000 1.138e-03	-3.645	1.362	-0.633	-2.451	-3.410	-4.178	-5.252	-6.079	-6.217
0.00110  1.20e+10  0.8254767656   0.582  3.193  3.6111  0.407    8  0.530  0.460    75.05    30.50  1 -3.56e-07      0.00 7.395e-01 2.594e-01 1.705e-04 9.412e-05 4.940e-04 -1.000 1.138e-03	-3.211	1.041	-0.637	-2.267	-3.113	-3.803	-4.787	-5.558	-5.674
0.00110  1.20e+10  0.8254768252   0.581  2.997  3.6300  0.677    8  0.530  0.460    41.96    18.38  1 -1.64e-07      0.00 7.395e-01 2.594e-01 1.705e-04 9.412e-05 4.940e-04 -1.000 1.138e-03	-2.722	0.691	-0.592	-2.009	-2.747	-3.366	-4.252	-4.961	-5.057
0.00110  1.20e+10  0.8254769444   0.579  2.811  3.6486  0.936    8  0.530  0.460    24.12    11.31  1 -8.62e-08      0.00 7.395e-01 2.594e-01 1.705e-04 9.412e-05 4.940e-04 -1.000 1.138e-03	-2.258	0.442	-0.494	-1.723	-2.372	-2.935	-3.734	-4.386	-4.467
0.00110  1.20e+10  0.8254771233   0.576  2.814  3.6506  0.939    8  0.530  0.460    24.05    11.17  1 -8.99e-08      0.00 7.395e-01 2.594e-01 1.705e-04 9.412e-05 4.940e-04 -1.000 1.138e-03	-2.264	0.382	-0.529	-1.744	-2.386	-2.944	-3.735	-4.380	-4.460
0.00110  1.20e+10  0.8254773021   0.572  2.920  3.6437  0.802    8  0.530  0.460    32.53    14.30  1 -1.35e-07      0.00 7.395e-01 2.594e-01 1.705e-04 9.412e-05 4.940e-04 -1.000 1.138e-03	-2.530	0.391	-0.657	-1.947	-2.623	-3.202	-4.024	-4.689	-4.773
0.00110  1.20e+10  0.8254774809   0.568  3.076  3.6329  0.600    8  0.530  0.460    50.80    20.63  1 -2.56e-07      0.00 7.395e-01 2.594e-01 1.705e-04 9.412e-05 4.940e-04 -1.000 1.138e-03	-2.919	0.470	-0.810	-2.226	-2.959	-3.573	-4.446	-5.143	-5.236
0.00110  1.20e+10  0.8254777789   0.563  3.203  3.6253  0.438    8  0.530  0.460    72.97    27.52  1 -4.54e-07      0.00 7.395e-01 2.594e-01 1.705e-04 9.412e-05 4.940e-04 -1.000 1.138e-03	-3.238	0.536	-0.933	-2.453	-3.234	-3.877	-4.790	-5.508	-5.608
0.00110  1.20e+10  0.8254780173   0.557  3.280  3.6229  0.348    8  0.530  0.460    90.38    32.01  1 -6.69e-07      0.00 7.395e-01 2.594e-01 1.705e-04 9.412e-05 4.940e-04 -1.000 1.138e-03	-3.429	0.516	-1.034	-2.602	-3.407	-4.064	-4.991	-5.715	-5.818
0.00110  1.20e+10  0.8254783750   0.551  3.313  3.6251  0.319    8  0.530  0.460    98.84    32.94  0 -8.25e-07      0.00 7.395e-01 2.594e-01 1.705e-04 9.412e-05 4.940e-04 -1.000 1.138e-03	-3.511	0.394	-1.141	-2.703	-3.503	-4.155	-5.072	-5.785	-5.887
0.00110  1.20e+10  0.8254787326   0.543  3.319  3.6304  0.328    8  0.531  0.460   101.29    31.13  0 -9.13e-07      0.00 7.395e-01 2.594e-01 1.705e-04 9.412e-05 4.940e-04 -1.000 1.138e-03	-3.526	0.195	-1.256	-2.773	-3.548	-4.184	-5.075	-5.770	-5.867
0.00110  1.20e+10  0.8254791498   0.536  3.313  3.6372  0.355    8  0.531  0.459   105.60    27.35  1 -9.69e-07      0.00 7.395e-01 2.594e-01 1.705e-04 9.412e-05 4.940e-04 -1.000 1.138e-03	-3.514	-0.044	-1.379	-2.831	-3.574	-4.189	-5.046	-5.718	-5.808
0.00110  1.20e+10  0.8254798055   0.536 -9.999  4.0682  2.088    9  0.536  0.000     0.00     0.00 -1         0      0.00 7.395e-01 2.594e-01 1.705e-04 9.412e-05 4.940e-04 -1.000 1.138e-03	29.767	29.900	30.353	30.435	30.445	30.469	30.584	30.604	30.632
