# File generated by CMD 2.8 (http://stev.oapd.inaf.it/cmd) on Thu Jun  9 15:17:08 CEST 2016
# PARSEC isochrones, release v1.2S
# Basic references: Bressan et al. (2012), MNRAS, 427, 127 + Chen et al. (2014, 2015), MNRAS, 444, 2525 + MNRAS, 452, 1068 + Tang et al. (2014), MNRAS, 445, 4287
# Warning: you choose not to include the TP-AGB phase!
# Photometric system: <i>UBVRIJHK</i> (cf. Maiz-Apellaniz 2006 + Bessell 1990)
# Using NBC version of bolometric corrections as in Chen et al. (2014), MNRAS, 444, 2525
# BCs of Carbon stars derive from Aringer et al. (2009, A&A 503, 913)
# O-rich circumstellar dust ignored
# C-rich circumstellar dust ignored
# IMF: Chabrier (2001) lognormal 
# On RGB, assumed Reimers mass loss with efficiency eta=0.2
# Kind of output: isochrone tables
#	Isochrone  Z = 0.01700	Y = 0.27900	[M/H] = 0.067	eta_R = 0.200	Age = 	1.2000e+08 yr
#      Z	log(age/yr)	M_ini   	M_act	logL/Lo	logTe	logG	mbol    U       B       V       R       I       J       H       K	int_IMF	stage
	0.017000	8.0792	0.09000000	0.0900	-2.8215	3.3943	4.7431	11.824	21.456	18.998	17.257	14.975	12.624	9.723	9.149	8.768	1.46765435	0
	0.017000	8.0792	0.09233157	0.0923	-2.8025	3.3971	4.7461	11.776	21.275	18.853	17.117	14.865	12.537	9.682	9.106	8.728	1.49254167	0
	0.017000	8.0792	0.10000000	0.1000	-2.7396	3.4062	4.7542	11.619	20.663	18.363	16.647	14.499	12.245	9.545	8.966	8.595	1.57040203	0
	0.017000	8.0792	0.10535703	0.1054	-2.7010	3.4114	4.7594	11.523	20.303	18.075	16.370	14.282	12.071	9.460	8.880	8.513	1.62136734	0
	0.017000	8.0792	0.11617153	0.1162	-2.6252	3.4221	4.7687	11.333	19.574	17.493	15.813	13.848	11.724	9.295	8.711	8.352	1.71640289	0
	0.017000	8.0792	0.12000000	0.1200	-2.5995	3.4259	4.7723	11.269	19.316	17.288	15.617	13.696	11.603	9.239	8.654	8.297	1.74782515	0
	0.017000	8.0792	0.12560919	0.1256	-2.5676	3.4299	4.7762	11.189	19.035	17.062	15.400	13.525	11.465	9.168	8.582	8.228	1.79200220	0
	0.017000	8.0792	0.14000000	0.1400	-2.4890	3.4397	4.7838	10.993	18.417	16.547	14.917	13.138	11.147	8.991	8.403	8.057	1.89584959	0
	0.017000	8.0792	0.16000000	0.1600	-2.3964	3.4503	4.7916	10.761	17.751	15.983	14.385	12.705	10.792	8.782	8.191	7.855	2.02115250	0
	0.017000	8.0792	0.20000000	0.2000	-2.2417	3.4677	4.8034	10.374	16.712	15.093	13.530	12.003	10.232	8.435	7.837	7.519	2.22178221	0
	0.017000	8.0792	0.22882380	0.2288	-2.1501	3.4771	4.8079	10.145	16.169	14.617	13.073	11.620	9.923	8.227	7.626	7.318	2.33610964	0
	0.017000	8.0792	0.25000000	0.2500	-2.0886	3.4833	4.8098	9.991	15.819	14.305	12.770	11.364	9.721	8.089	7.485	7.184	2.40809011	0
	0.017000	8.0792	0.28475556	0.2848	-1.9972	3.4922	4.8104	9.763	15.329	13.865	12.341	10.995	9.430	7.883	7.274	6.983	2.50890756	0
	0.017000	8.0792	0.30000001	0.3000	-1.9594	3.4957	4.8094	9.668	15.139	13.694	12.178	10.855	9.315	7.796	7.186	6.899	2.54750419	0
	0.017000	8.0792	0.34999999	0.3500	-1.8397	3.5065	4.7996	9.369	14.568	13.173	11.683	10.424	8.957	7.521	6.904	6.630	2.65552020	0
	0.017000	8.0792	0.40000001	0.4000	-1.7178	3.5180	4.7818	9.065	14.005	12.650	11.185	9.986	8.599	7.244	6.618	6.357	2.74133730	0
	0.017000	8.0792	0.44999999	0.4500	-1.5886	3.5311	4.7562	8.741	13.433	12.106	10.667	9.529	8.226	6.953	6.315	6.068	2.81098008	0
	0.017000	8.0792	0.45457086	0.4546	-1.5749	3.5327	4.7531	8.707	13.373	12.048	10.612	9.480	8.186	6.923	6.283	6.038	2.81668568	0
	0.017000	8.0792	0.50000000	0.5000	-1.4378	3.5478	4.7177	8.364	12.802	11.483	10.073	8.999	7.798	6.618	5.966	5.735	2.86847806	0
	0.017000	8.0792	0.55000001	0.5500	-1.2565	3.5750	4.6868	7.911	12.023	10.672	9.284	8.291	7.281	6.240	5.567	5.367	2.91663504	0
	0.017000	8.0792	0.58083582	0.5808	-1.1644	3.5903	4.6798	7.681	11.631	10.257	8.887	7.932	7.026	6.051	5.367	5.189	2.94253349	0
	0.017000	8.0792	0.59426159	0.5943	-1.1254	3.5975	4.6795	7.583	11.461	10.077	8.721	7.783	6.920	5.971	5.284	5.117	2.95303965	0
	0.017000	8.0792	0.60000002	0.6000	-1.1140	3.6003	4.6835	7.555	11.404	10.015	8.666	7.733	6.888	5.949	5.261	5.099	2.95739889	0
	0.017000	8.0792	0.62230951	0.6223	-1.0750	3.6075	4.6891	7.458	11.233	9.834	8.502	7.587	6.782	5.868	5.181	5.030	2.97364640	0
	0.017000	8.0792	0.64999998	0.6500	-1.0110	3.6175	4.6838	7.298	10.966	9.557	8.253	7.361	6.613	5.731	5.047	4.911	2.99236870	0
	0.017000	8.0792	0.66541868	0.6654	-0.9708	3.6243	4.6810	7.197	10.785	9.374	8.093	7.218	6.508	5.646	4.967	4.840	3.00214076	0
	0.017000	8.0792	0.69999999	0.7000	-0.8666	3.6428	4.6730	6.937	10.241	8.873	7.668	6.847	6.237	5.433	4.774	4.673	3.02253795	0
	0.017000	8.0792	0.73140430	0.7314	-0.7744	3.6602	4.6693	6.706	9.638	8.407	7.285	6.528	5.994	5.252	4.637	4.552	3.03943896	0
	0.017000	8.0792	0.75000000	0.7500	-0.7187	3.6707	4.6664	6.567	9.258	8.134	7.063	6.349	5.850	5.144	4.562	4.482	3.04879928	0
	0.017000	8.0792	0.76085174	0.7609	-0.6933	3.6744	4.6622	6.503	9.105	8.024	6.971	6.274	5.784	5.093	4.524	4.445	3.05405641	0
	0.017000	8.0792	0.80000001	0.8000	-0.5941	3.6893	4.6444	6.255	8.532	7.606	6.622	5.984	5.532	4.892	4.370	4.298	3.07187057	0
	0.017000	8.0792	0.81049246	0.8105	-0.5680	3.6932	4.6394	6.190	8.385	7.500	6.533	5.911	5.467	4.840	4.330	4.260	3.07635498	1
	0.017000	8.0792	0.85000002	0.8500	-0.4729	3.7078	4.6236	5.952	7.851	7.118	6.214	5.646	5.231	4.653	4.187	4.123	3.09222293	1
	0.017000	8.0792	0.89999998	0.9000	-0.3586	3.7247	4.6018	5.667	7.255	6.690	5.853	5.339	4.954	4.430	4.010	3.953	3.11026096	1
	0.017000	8.0792	0.94999999	0.9500	-0.2510	3.7399	4.5783	5.398	6.730	6.304	5.529	5.058	4.698	4.221	3.840	3.789	3.12635612	1
	0.017000	8.0792	1.00000000	1.0000	-0.1418	3.7538	4.5472	5.125	6.246	5.937	5.217	4.781	4.444	4.007	3.659	3.613	3.14080405	1
	0.017000	8.0792	1.04999995	1.0500	-0.0396	3.7666	4.5173	4.869	5.821	5.602	4.932	4.526	4.208	3.807	3.488	3.446	3.15380883	1
	0.017000	8.0792	1.10000002	1.1000	0.0595	3.7784	4.4856	4.621	5.423	5.280	4.661	4.286	3.987	3.618	3.325	3.288	3.16554141	1
	0.017000	8.0792	1.14999998	1.1500	0.1534	3.7891	4.4537	4.387	5.034	4.978	4.415	4.073	3.791	3.446	3.170	3.141	3.17617631	1
	0.017000	8.0792	1.20000005	1.2000	0.2434	3.7989	4.4214	4.161	4.694	4.696	4.180	3.866	3.600	3.276	3.017	2.994	3.18585706	1
	0.017000	8.0792	1.25000000	1.2500	0.3305	3.8086	4.3908	3.944	4.405	4.431	3.953	3.659	3.408	3.108	2.868	2.848	3.19470429	1
	0.017000	8.0792	1.29999995	1.3000	0.4125	3.8179	4.3630	3.739	4.148	4.184	3.741	3.465	3.228	2.951	2.730	2.711	3.20280719	1
	0.017000	8.0792	1.35000002	1.3500	0.4897	3.8271	4.3389	3.546	3.909	3.951	3.541	3.282	3.061	2.805	2.602	2.586	3.21023273	1
	0.017000	8.0792	1.39999998	1.4000	0.5620	3.8363	4.3193	3.365	3.692	3.734	3.354	3.114	2.908	2.673	2.488	2.473	3.21705914	1
	0.017000	8.0792	1.45000005	1.4500	0.6324	3.8462	4.3038	3.189	3.485	3.522	3.172	2.952	2.763	2.550	2.385	2.371	3.22335362	1
	0.017000	8.0792	1.50000000	1.5000	0.6975	3.8572	4.2973	3.026	3.293	3.321	3.004	2.805	2.636	2.447	2.302	2.290	3.22917390	1
	0.017000	8.0792	1.54999995	1.5500	0.7612	3.8699	4.2986	2.867	3.108	3.124	2.841	2.667	2.520	2.357	2.236	2.225	3.23456979	1
	0.017000	8.0792	1.56407762	1.5641	0.7786	3.8736	4.3000	2.823	3.059	3.070	2.796	2.630	2.489	2.335	2.220	2.210	3.23601866	1
	0.017000	8.0792	1.60000002	1.6000	0.8226	3.8830	4.3034	2.714	2.935	2.935	2.685	2.537	2.414	2.279	2.180	2.170	3.23958373	1
	0.017000	8.0792	1.64999998	1.6500	0.8813	3.8955	4.3081	2.567	2.772	2.757	2.539	2.417	2.315	2.205	2.127	2.118	3.24424219	1
	0.017000	8.0792	1.67423666	1.6742	0.9088	3.9012	4.3099	2.498	2.698	2.675	2.472	2.361	2.270	2.171	2.101	2.092	3.24638152	1
	0.017000	8.0792	1.70000005	1.7000	0.9376	3.9072	4.3117	2.426	2.619	2.590	2.404	2.304	2.223	2.135	2.074	2.066	3.24857616	1
	0.017000	8.0792	1.75000000	1.7500	0.9918	3.9183	4.3146	2.290	2.474	2.435	2.278	2.200	2.137	2.068	2.022	2.015	3.25261688	1
	0.017000	8.0792	1.79999995	1.8000	1.0440	3.9287	4.3162	2.160	2.334	2.290	2.162	2.103	2.056	2.004	1.970	1.964	3.25639176	1
	0.017000	8.0792	1.85000002	1.8500	1.0942	3.9385	4.3169	2.035	2.200	2.158	2.055	2.012	1.978	1.941	1.917	1.912	3.25992513	1
	0.017000	8.0792	1.89999998	1.9000	1.1427	3.9476	4.3164	1.913	2.070	2.038	1.957	1.927	1.903	1.880	1.864	1.859	3.26323819	1
	0.017000	8.0792	1.95000005	1.9500	1.1897	3.9561	4.3148	1.796	1.946	1.928	1.865	1.845	1.831	1.819	1.809	1.807	3.26635003	1
	0.017000	8.0792	2.00000000	2.0000	1.2353	3.9642	4.3126	1.682	1.828	1.825	1.778	1.767	1.761	1.760	1.756	1.755	3.26927757	1
	0.017000	8.0792	2.04939294	2.0494	1.2792	3.9718	4.3097	1.572	1.716	1.729	1.697	1.692	1.693	1.702	1.703	1.703	3.27199888	1
	0.017000	8.0792	2.04999995	2.0500	1.2797	3.9719	4.3097	1.571	1.715	1.728	1.696	1.691	1.692	1.701	1.702	1.703	3.27203131	1
	0.017000	8.0792	2.09667325	2.0967	1.3202	3.9788	4.3064	1.470	1.614	1.643	1.623	1.624	1.630	1.647	1.652	1.655	3.27445507	1
	0.017000	8.0792	2.09999990	2.1000	1.3230	3.9792	4.3062	1.462	1.607	1.637	1.618	1.619	1.626	1.644	1.649	1.651	3.27462268	1
	0.017000	8.0792	2.15000010	2.1500	1.3653	3.9863	4.3023	1.357	1.503	1.551	1.543	1.549	1.561	1.587	1.595	1.600	3.27706480	1
	0.017000	8.0792	2.20000005	2.2000	1.4066	3.9931	4.2981	1.253	1.402	1.467	1.470	1.481	1.498	1.531	1.543	1.549	3.27936959	1
	0.017000	8.0792	2.22387958	2.2239	1.4260	3.9962	4.2958	1.205	1.354	1.428	1.436	1.449	1.467	1.504	1.517	1.524	3.28042483	1
	0.017000	8.0792	2.25000000	2.2500	1.4469	3.9995	4.2933	1.153	1.303	1.386	1.399	1.414	1.435	1.475	1.490	1.498	3.28154731	1
	0.017000	8.0792	2.28406787	2.2841	1.4740	4.0039	4.2902	1.085	1.238	1.333	1.352	1.369	1.392	1.438	1.454	1.463	3.28296328	1
	0.017000	8.0792	2.29999995	2.3000	1.4865	4.0059	4.2887	1.054	1.207	1.309	1.330	1.349	1.373	1.421	1.438	1.447	3.28360772	1
	0.017000	8.0792	2.33798742	2.3380	1.5159	4.0105	4.2848	0.980	1.136	1.251	1.279	1.299	1.326	1.380	1.398	1.409	3.28509998	1
	0.017000	8.0792	2.40000010	2.4000	1.5633	4.0178	4.2783	0.862	1.022	1.159	1.197	1.221	1.251	1.313	1.334	1.347	3.28741050	1
	0.017000	8.0792	2.55287886	2.5529	1.6754	4.0351	4.2621	0.581	0.755	0.947	1.002	1.033	1.072	1.152	1.179	1.197	3.29251528	1
	0.017000	8.0792	2.59999990	2.6000	1.7090	4.0402	4.2568	0.498	0.675	0.884	0.944	0.977	1.018	1.103	1.132	1.152	3.29393530	1
	0.017000	8.0792	2.60580492	2.6058	1.7130	4.0408	4.2561	0.487	0.666	0.876	0.937	0.970	1.011	1.097	1.126	1.146	3.29410577	1
	0.017000	8.0792	2.79999995	2.8000	1.8459	4.0600	4.2313	0.155	0.354	0.626	0.704	0.742	0.791	0.897	0.930	0.956	3.29928207	1
	0.017000	8.0792	2.96619940	2.9662	1.9543	4.0748	4.2072	-0.116	0.102	0.422	0.511	0.552	0.606	0.726	0.764	0.793	3.30302501	1
	0.017000	8.0792	3.00000000	3.0000	1.9759	4.0777	4.2018	-0.170	0.052	0.381	0.472	0.513	0.569	0.691	0.730	0.760	3.30372047	1
	0.017000	8.0792	3.03767991	3.0377	1.9998	4.0808	4.1959	-0.229	-0.003	0.336	0.429	0.471	0.528	0.653	0.692	0.723	3.30447245	1
	0.017000	8.0792	3.19700956	3.1970	2.0991	4.0933	4.1687	-0.478	-0.232	0.146	0.248	0.292	0.353	0.490	0.533	0.566	3.30739927	1
	0.017000	8.0792	3.20000005	3.2000	2.1009	4.0935	4.1681	-0.482	-0.236	0.143	0.244	0.289	0.349	0.487	0.529	0.563	3.30745077	1
	0.017000	8.0792	3.33347154	3.3335	2.1815	4.1031	4.1436	-0.684	-0.421	-0.013	0.095	0.141	0.205	0.351	0.396	0.431	3.30961323	1
	0.017000	8.0792	3.40000010	3.4000	2.2211	4.1075	4.1305	-0.783	-0.511	-0.090	0.020	0.068	0.133	0.283	0.329	0.365	3.31060600	1
	0.017000	8.0792	3.43977356	3.4398	2.2444	4.1101	4.1226	-0.841	-0.565	-0.135	-0.024	0.024	0.090	0.242	0.289	0.325	3.31117463	1
	0.017000	8.0792	3.55697799	3.5570	2.3129	4.1170	4.0963	-1.012	-0.721	-0.272	-0.156	-0.107	-0.039	0.118	0.167	0.205	3.31275129	1
	0.017000	8.0792	3.59999990	3.6000	2.3381	4.1194	4.0858	-1.075	-0.779	-0.324	-0.206	-0.156	-0.088	0.072	0.121	0.159	3.31329536	1
	0.017000	8.0792	3.69118023	3.6912	2.3912	4.1239	4.0616	-1.208	-0.902	-0.434	-0.313	-0.262	-0.193	-0.030	0.020	0.060	3.31439185	1
	0.017000	8.0792	3.78618431	3.7862	2.4463	4.1281	4.0342	-1.346	-1.030	-0.551	-0.428	-0.376	-0.305	-0.139	-0.088	-0.048	3.31545901	1
	0.017000	8.0792	3.79999995	3.8000	2.4543	4.1287	4.0301	-1.366	-1.049	-0.568	-0.444	-0.392	-0.322	-0.155	-0.104	-0.063	3.31560802	1
	0.017000	8.0792	3.81705403	3.8171	2.4641	4.1294	4.0251	-1.390	-1.072	-0.589	-0.465	-0.413	-0.342	-0.174	-0.124	-0.083	3.31579018	1
	0.017000	8.0792	3.90209651	3.9021	2.5128	4.1324	3.9980	-1.512	-1.188	-0.696	-0.569	-0.517	-0.445	-0.275	-0.224	-0.182	3.31666636	1
	0.017000	8.0792	3.98040438	3.9804	2.5578	4.1345	3.9701	-1.625	-1.297	-0.798	-0.670	-0.617	-0.545	-0.373	-0.321	-0.280	3.31742859	1
	0.017000	8.0792	4.00000000	4.0000	2.5693	4.1348	3.9622	-1.653	-1.325	-0.825	-0.697	-0.644	-0.572	-0.400	-0.348	-0.306	3.31761289	1
	0.017000	8.0792	4.03679132	4.0368	2.5906	4.1354	3.9471	-1.707	-1.378	-0.876	-0.747	-0.694	-0.622	-0.449	-0.397	-0.355	3.31795216	1
	0.017000	8.0792	4.12646389	4.1265	2.6429	4.1361	3.9071	-1.837	-1.510	-1.004	-0.874	-0.821	-0.749	-0.576	-0.524	-0.481	3.31874371	1
	0.017000	8.0792	4.19999981	4.2000	2.6861	4.1359	3.8707	-1.945	-1.621	-1.114	-0.983	-0.931	-0.859	-0.685	-0.634	-0.591	3.31935763	1
	0.017000	8.0792	4.25950289	4.2595	2.7210	4.1351	3.8387	-2.032	-1.713	-1.206	-1.075	-1.023	-0.952	-0.779	-0.727	-0.685	3.31983256	1
	0.017000	8.0792	4.32317495	4.3232	2.7595	4.1327	3.7971	-2.129	-1.819	-1.316	-1.186	-1.134	-1.063	-0.892	-0.841	-0.799	3.32032037	1
	0.017000	8.0792	4.39559937	4.3956	2.8033	4.1287	3.7444	-2.238	-1.944	-1.447	-1.318	-1.268	-1.199	-1.031	-0.980	-0.939	3.32085133	1
	0.017000	8.0792	4.40000010	4.4000	2.8060	4.1284	3.7412	-2.245	-1.951	-1.455	-1.326	-1.276	-1.207	-1.039	-0.989	-0.948	3.32088280	1
	0.017000	8.0792	4.46452332	4.4645	2.8446	4.1233	3.6883	-2.342	-2.066	-1.580	-1.452	-1.404	-1.336	-1.172	-1.124	-1.083	3.32133412	1
	0.017000	8.0792	4.51759768	4.5176	2.8775	4.1167	3.6342	-2.424	-2.170	-1.697	-1.572	-1.525	-1.460	-1.301	-1.254	-1.215	3.32169175	1
	0.017000	8.0792	4.56397915	4.5640	2.9065	4.1100	3.5826	-2.496	-2.264	-1.806	-1.682	-1.638	-1.575	-1.421	-1.376	-1.338	3.32199478	1
	0.017000	8.0792	4.59999990	4.6000	2.9294	4.1042	3.5401	-2.553	-2.338	-1.893	-1.771	-1.728	-1.668	-1.518	-1.475	-1.437	3.32222414	1
	0.017000	8.0792	4.63687754	4.6369	2.9540	4.0967	3.4892	-2.615	-2.421	-1.992	-1.874	-1.833	-1.775	-1.632	-1.590	-1.554	3.32245374	1
	0.017000	8.0792	4.67879915	4.6788	2.9859	4.0903	3.4354	-2.695	-2.519	-2.104	-1.989	-1.950	-1.894	-1.757	-1.717	-1.682	3.32270861	1
	0.017000	8.0792	4.68723392	4.6872	2.9933	4.0899	3.4273	-2.713	-2.539	-2.124	-2.010	-1.971	-1.915	-1.778	-1.738	-1.703	3.32275915	1
	0.017000	8.0792	4.70754004	4.7075	3.0226	4.1007	3.4432	-2.786	-2.587	-2.144	-2.023	-1.982	-1.923	-1.776	-1.734	-1.697	3.32287955	1
	0.017000	8.0792	4.71218348	4.7122	3.0377	4.1110	3.4695	-2.824	-2.598	-2.130	-2.005	-1.961	-1.899	-1.743	-1.699	-1.659	3.32290697	1
	0.017000	8.0792	4.71429634	4.7143	3.0520	4.1211	3.4957	-2.860	-2.605	-2.114	-1.984	-1.938	-1.871	-1.709	-1.661	-1.620	3.32291937	1
	0.017000	8.0792	4.71540594	4.7154	3.0668	4.1306	3.5190	-2.897	-2.615	-2.102	-1.968	-1.918	-1.849	-1.679	-1.629	-1.587	3.32292581	1
	0.017000	8.0792	4.71608829	4.7161	3.0844	4.1401	3.5397	-2.941	-2.631	-2.095	-1.957	-1.906	-1.833	-1.655	-1.603	-1.560	3.32292986	1
	0.017000	8.0792	4.71670294	4.7167	3.1064	4.1512	3.5620	-2.996	-2.652	-2.092	-1.949	-1.894	-1.818	-1.632	-1.577	-1.532	3.32293344	2
	0.017000	8.0792	4.71695995	4.7170	3.0737	4.1424	3.5595	-2.914	-2.596	-2.056	-1.917	-1.865	-1.792	-1.612	-1.560	-1.516	3.32293510	2
	0.017000	8.0792	4.71709490	4.7171	3.0529	4.1333	3.5439	-2.862	-2.571	-2.052	-1.917	-1.867	-1.797	-1.625	-1.574	-1.532	3.32293582	2
	0.017000	8.0792	4.71725368	4.7173	3.0427	4.1215	3.5072	-2.837	-2.580	-2.089	-1.958	-1.912	-1.845	-1.682	-1.634	-1.593	3.32293677	2
	0.017000	8.0792	4.71742153	4.7174	3.0476	4.1099	3.4557	-2.849	-2.627	-2.161	-2.036	-1.992	-1.930	-1.775	-1.731	-1.692	3.32293773	2
	0.017000	8.0792	4.71760750	4.7176	3.0601	4.0981	3.3961	-2.880	-2.691	-2.251	-2.132	-2.091	-2.033	-1.888	-1.847	-1.810	3.32293892	2
	0.017000	8.0792	4.71780777	4.7178	3.0722	4.0862	3.3365	-2.911	-2.751	-2.340	-2.226	-2.189	-2.136	-2.001	-1.963	-1.928	3.32294011	2
	0.017000	8.0792	4.71801710	4.7180	3.0810	4.0744	3.2801	-2.933	-2.799	-2.420	-2.312	-2.277	-2.229	-2.104	-2.069	-2.037	3.32294130	2
	0.017000	8.0792	4.71823311	4.7182	3.0868	4.0624	3.2265	-2.947	-2.837	-2.491	-2.388	-2.357	-2.313	-2.199	-2.168	-2.138	3.32294250	2
	0.017000	8.0792	4.71845388	4.7185	3.0903	4.0504	3.1749	-2.956	-2.867	-2.555	-2.458	-2.430	-2.391	-2.289	-2.261	-2.233	3.32294369	2
	0.017000	8.0792	4.71867561	4.7187	3.0921	4.0383	3.1250	-2.960	-2.889	-2.614	-2.522	-2.498	-2.463	-2.374	-2.350	-2.324	3.32294512	2
	0.017000	8.0792	4.71889591	4.7189	3.0924	4.0262	3.0763	-2.961	-2.904	-2.667	-2.582	-2.560	-2.530	-2.455	-2.435	-2.412	3.32294631	2
	0.017000	8.0792	4.71911287	4.7191	3.0915	4.0141	3.0286	-2.959	-2.915	-2.716	-2.637	-2.619	-2.594	-2.533	-2.517	-2.497	3.32294774	2
	0.017000	8.0792	4.71932459	4.7193	3.0896	4.0019	2.9819	-2.954	-2.919	-2.759	-2.689	-2.674	-2.656	-2.608	-2.597	-2.580	3.32294893	2
	0.017000	8.0792	4.71952915	4.7195	3.0868	3.9897	2.9360	-2.947	-2.918	-2.798	-2.737	-2.726	-2.714	-2.682	-2.675	-2.662	3.32295012	2
	0.017000	8.0792	4.71972656	4.7197	3.0832	3.9775	2.8908	-2.938	-2.911	-2.830	-2.780	-2.775	-2.770	-2.753	-2.753	-2.743	3.32295132	2
	0.017000	8.0792	4.71991539	4.7199	3.0789	3.9653	2.8462	-2.927	-2.897	-2.857	-2.819	-2.821	-2.823	-2.823	-2.828	-2.823	3.32295227	2
	0.017000	8.0792	4.72009516	4.7201	3.0740	3.9531	2.8022	-2.915	-2.877	-2.876	-2.854	-2.863	-2.875	-2.891	-2.902	-2.901	3.32295346	2
	0.017000	8.0792	4.72026634	4.7203	3.0686	3.9408	2.7588	-2.901	-2.848	-2.888	-2.884	-2.901	-2.922	-2.957	-2.975	-2.977	3.32295442	2
	0.017000	8.0792	4.72042799	4.7204	3.0626	3.9286	2.7159	-2.887	-2.807	-2.888	-2.905	-2.935	-2.967	-3.021	-3.047	-3.053	3.32295537	2
	0.017000	8.0792	4.72058105	4.7206	3.0562	3.9164	2.6734	-2.870	-2.756	-2.873	-2.918	-2.962	-3.007	-3.082	-3.119	-3.127	3.32295632	2
	0.017000	8.0792	4.72072554	4.7207	3.0493	3.9042	2.6314	-2.853	-2.700	-2.848	-2.921	-2.983	-3.044	-3.141	-3.190	-3.202	3.32295704	2
	0.017000	8.0792	4.72086191	4.7209	3.0421	3.8920	2.5897	-2.835	-2.640	-2.812	-2.918	-2.999	-3.077	-3.198	-3.260	-3.276	3.32295799	2
	0.017000	8.0792	4.72099066	4.7210	3.0345	3.8797	2.5484	-2.816	-2.577	-2.764	-2.907	-3.011	-3.107	-3.252	-3.332	-3.349	3.32295871	2
	0.017000	8.0792	4.72111177	4.7211	3.0266	3.8675	2.5074	-2.797	-2.510	-2.702	-2.890	-3.020	-3.137	-3.306	-3.403	-3.423	3.32295942	2
	0.017000	8.0792	4.72122622	4.7212	3.0184	3.8553	2.4668	-2.776	-2.440	-2.630	-2.868	-3.025	-3.164	-3.358	-3.474	-3.496	3.32296014	2
	0.017000	8.0792	4.72133446	4.7213	3.0100	3.8431	2.4264	-2.755	-2.365	-2.552	-2.841	-3.026	-3.187	-3.406	-3.544	-3.569	3.32296062	2
	0.017000	8.0792	4.72143650	4.7214	3.0013	3.8308	2.3861	-2.733	-2.285	-2.473	-2.810	-3.022	-3.208	-3.453	-3.614	-3.641	3.32296133	2
	0.017000	8.0792	4.72153330	4.7215	2.9924	3.8186	2.3461	-2.711	-2.195	-2.386	-2.773	-3.014	-3.223	-3.497	-3.682	-3.712	3.32296181	2
	0.017000	8.0792	4.72162485	4.7216	2.9833	3.8064	2.3063	-2.688	-2.095	-2.296	-2.735	-3.003	-3.235	-3.538	-3.749	-3.781	3.32296228	2
	0.017000	8.0792	4.72171211	4.7217	2.9740	3.7941	2.2665	-2.665	-1.973	-2.191	-2.691	-2.991	-3.246	-3.580	-3.817	-3.852	3.32296300	2
	0.017000	8.0792	4.72179461	4.7218	2.9645	3.7818	2.2270	-2.641	-1.820	-2.068	-2.642	-2.980	-3.260	-3.625	-3.886	-3.927	3.32296348	2
	0.017000	8.0792	4.72187376	4.7219	2.9547	3.7695	2.1876	-2.617	-1.664	-1.947	-2.589	-2.960	-3.267	-3.665	-3.956	-4.001	3.32296371	2
	0.017000	8.0792	4.72195053	4.7220	2.9445	3.7571	2.1482	-2.591	-1.505	-1.832	-2.533	-2.932	-3.262	-3.695	-4.018	-4.065	3.32296419	2
	0.017000	8.0792	4.72203016	4.7220	2.9331	3.7444	2.1086	-2.563	-1.322	-1.710	-2.469	-2.898	-3.251	-3.721	-4.077	-4.127	3.32296467	2
	0.017000	8.0792	4.72211742	4.7221	2.9195	3.7314	2.0703	-2.529	-1.110	-1.571	-2.394	-2.854	-3.231	-3.741	-4.132	-4.184	3.32296515	2
	0.017000	8.0792	4.72221899	4.7222	2.9022	3.7187	2.0368	-2.485	-0.870	-1.418	-2.305	-2.798	-3.196	-3.748	-4.174	-4.229	3.32296586	2
	0.017000	8.0792	4.72233152	4.7223	2.8813	3.7086	2.0172	-2.433	-0.649	-1.275	-2.212	-2.730	-3.148	-3.734	-4.188	-4.247	3.32296658	2
	0.017000	8.0792	4.72246075	4.7225	2.8560	3.6993	2.0054	-2.370	-0.421	-1.127	-2.109	-2.650	-3.085	-3.704	-4.184	-4.247	3.32296729	2
	0.017000	8.0792	4.72260714	4.7226	2.8287	3.6899	1.9952	-2.302	-0.173	-0.969	-1.995	-2.562	-3.014	-3.667	-4.175	-4.242	3.32296801	2
	0.017000	8.0792	4.72281837	4.7228	2.8063	3.6776	1.9683	-2.246	0.147	-0.782	-1.870	-2.473	-2.951	-3.651	-4.194	-4.268	3.32296944	3
	0.017000	8.0792	4.72302103	4.7230	2.8294	3.6659	1.8984	-2.303	0.381	-0.702	-1.854	-2.495	-2.999	-3.744	-4.323	-4.404	3.32297063	3
	0.017000	8.0792	4.72313023	4.7231	2.8619	3.6596	1.8408	-2.385	0.471	-0.702	-1.893	-2.556	-3.075	-3.845	-4.441	-4.526	3.32297111	3
	0.017000	8.0792	4.72323847	4.7232	2.9017	3.6538	1.7777	-2.484	0.543	-0.720	-1.949	-2.634	-3.168	-3.961	-4.573	-4.663	3.32297182	3
	0.017000	8.0792	4.72334480	4.7233	2.9407	3.6488	1.7187	-2.582	0.596	-0.747	-2.008	-2.713	-3.260	-4.073	-4.699	-4.792	3.32297254	3
	0.017000	8.0792	4.72346687	4.7235	2.9794	3.6443	1.6621	-2.678	0.642	-0.776	-2.067	-2.790	-3.351	-4.181	-4.821	-4.918	3.32297325	3
	0.017000	8.0792	4.72361660	4.7236	3.0146	3.6403	1.6109	-2.767	0.680	-0.804	-2.123	-2.861	-3.433	-4.280	-4.931	-5.031	3.32297397	3
	0.017000	8.0792	4.72365332	4.7237	3.0215	3.6396	1.6012	-2.784	0.686	-0.811	-2.134	-2.875	-3.449	-4.299	-4.952	-5.053	3.32297421	3
	0.017000	8.0792	4.72383738	4.7238	3.0492	3.6366	1.5614	-2.853	0.714	-0.832	-2.176	-2.930	-3.514	-4.376	-5.037	-5.141	3.32297540	3
	0.017000	8.0792	4.72392416	4.7239	3.0600	3.6354	1.5459	-2.880	0.725	-0.840	-2.192	-2.951	-3.539	-4.406	-5.071	-5.175	3.32297587	3
	0.017000	8.0792	4.72427320	4.7243	3.0985	3.6314	1.4914	-2.976	0.756	-0.873	-2.252	-3.028	-3.628	-4.511	-5.188	-5.296	3.32297778	3
	0.017000	8.0792	4.72466516	4.7247	3.1393	3.6273	1.4343	-3.078	0.778	-0.913	-2.315	-3.107	-3.722	-4.622	-5.311	-5.424	3.32298017	3
	0.017000	8.0792	4.72505713	4.7251	3.1792	3.6236	1.3795	-3.178	0.792	-0.956	-2.379	-3.186	-3.814	-4.730	-5.430	-5.546	3.32298255	3
	0.017000	8.0792	4.72544909	4.7254	3.2186	3.6201	1.3262	-3.277	0.802	-1.000	-2.443	-3.264	-3.905	-4.836	-5.546	-5.666	3.32298470	3
	0.017000	8.0792	4.72588444	4.7259	3.2621	3.6164	1.2679	-3.385	0.809	-1.049	-2.512	-3.347	-4.006	-4.952	-5.673	-5.798	3.32298732	3
	0.017000	8.0792	4.72627640	4.7263	3.3014	3.6132	1.2160	-3.483	0.809	-1.097	-2.577	-3.424	-4.097	-5.057	-5.786	-5.915	3.32298946	3
	0.017000	8.0792	4.72666788	4.7267	3.3409	3.6100	1.1635	-3.582	0.813	-1.143	-2.641	-3.502	-4.188	-5.163	-5.901	-6.034	3.32299185	3
	0.017000	8.0792	4.72705936	4.7271	3.3789	3.6068	1.1127	-3.677	0.815	-1.185	-2.699	-3.569	-4.276	-5.264	-6.011	-6.149	3.32299423	3
	0.017000	8.0792	4.72841978	4.7284	3.4177	3.6036	1.0612	-3.774	0.815	-1.228	-2.758	-3.640	-4.365	-5.367	-6.123	-6.265	3.32300210	4
	0.017000	8.0792	4.72983360	4.7298	3.4110	3.6043	1.0709	-3.757	0.811	-1.223	-2.750	-3.629	-4.350	-5.349	-6.103	-6.244	3.32301021	4
	0.017000	8.0792	4.73508883	4.7351	3.3744	3.6078	1.1223	-3.666	0.795	-1.191	-2.701	-3.568	-4.267	-5.251	-5.994	-6.131	3.32304072	4
	0.017000	8.0792	4.73886919	4.7389	3.3366	3.6114	1.1749	-3.571	0.781	-1.155	-2.647	-3.501	-4.181	-5.149	-5.882	-6.014	3.32306266	4
	0.017000	8.0792	4.74235392	4.7424	3.2909	3.6157	1.2377	-3.457	0.764	-1.109	-2.577	-3.415	-4.076	-5.026	-5.748	-5.874	3.32308292	4
	0.017000	8.0792	4.74509239	4.7451	3.2505	3.6194	1.2933	-3.356	0.750	-1.068	-2.516	-3.340	-3.984	-4.917	-5.628	-5.750	3.32309866	4
	0.017000	8.0792	4.74782038	4.7478	3.2084	3.6233	1.3514	-3.251	0.733	-1.024	-2.450	-3.258	-3.887	-4.804	-5.503	-5.620	3.32311440	4
	0.017000	8.0792	4.75045252	4.7505	3.1686	3.6271	1.4067	-3.151	0.717	-0.982	-2.387	-3.180	-3.795	-4.696	-5.385	-5.498	3.32312965	4
	0.017000	8.0792	4.75294209	4.7529	3.1331	3.6306	1.4563	-3.063	0.699	-0.947	-2.332	-3.111	-3.713	-4.600	-5.278	-5.388	3.32314396	4
	0.017000	8.0792	4.75580311	4.7558	3.0965	3.6343	1.5080	-2.971	0.679	-0.910	-2.274	-3.038	-3.628	-4.500	-5.167	-5.273	3.32316041	4
	0.017000	8.0792	4.75996256	4.7600	3.0536	3.6390	1.5698	-2.864	0.637	-0.877	-2.209	-2.953	-3.529	-4.381	-5.035	-5.137	3.32318401	4
	0.017000	8.0792	4.76555204	4.7656	3.0136	3.6440	1.6306	-2.764	0.578	-0.853	-2.151	-2.875	-3.436	-4.268	-4.907	-5.005	3.32321596	4
	0.017000	8.0792	4.77518702	4.7752	2.9791	3.6509	1.6937	-2.678	0.457	-0.866	-2.121	-2.818	-3.360	-4.164	-4.783	-4.874	3.32327080	4
	0.017000	8.0792	4.78094864	4.7809	2.9726	3.6547	1.7157	-2.661	0.371	-0.900	-2.133	-2.816	-3.348	-4.137	-4.745	-4.834	3.32330346	5
	0.017000	8.0792	4.78865004	4.7887	2.9890	3.6609	1.7247	-2.703	0.174	-1.017	-2.220	-2.881	-3.397	-4.162	-4.750	-4.835	3.32334685	5
	0.017000	8.0792	4.79525423	4.7953	3.0302	3.6701	1.7210	-2.805	-0.142	-1.224	-2.384	-3.016	-3.511	-4.240	-4.799	-4.878	3.32338381	5
	0.017000	8.0792	4.79979181	4.7998	3.0744	3.6818	1.7241	-2.916	-0.512	-1.460	-2.565	-3.162	-3.632	-4.316	-4.839	-4.911	3.32340932	5
	0.017000	8.0792	4.80000019	4.8000	3.0765	3.6825	1.7246	-2.921	-0.531	-1.472	-2.574	-3.168	-3.638	-4.319	-4.840	-4.912	3.32341027	5
	0.017000	8.0792	4.80063820	4.8006	3.0828	3.6844	1.7260	-2.937	-0.587	-1.508	-2.600	-3.189	-3.655	-4.328	-4.844	-4.915	3.32341385	5
	0.017000	8.0792	4.80652857	4.8065	3.1070	3.6944	1.7424	-2.998	-0.855	-1.671	-2.713	-3.274	-3.720	-4.355	-4.843	-4.908	3.32344675	6
	0.017000	8.0792	4.83769083	4.8377	3.1377	3.6918	1.7043	-3.074	-0.867	-1.717	-2.777	-3.346	-3.797	-4.442	-4.936	-5.002	3.32361865	6
	0.017000	8.0792	4.88165617	4.8817	3.1755	3.6845	1.6413	-3.169	-0.788	-1.729	-2.833	-3.423	-3.889	-4.562	-5.075	-5.146	3.32385564	6
	0.017000	8.0792	4.89659214	4.8966	3.1679	3.6737	1.6069	-3.150	-0.520	-1.591	-2.751	-3.374	-3.862	-4.577	-5.121	-5.198	3.32393479	6
	0.017000	8.0792	4.90657187	4.9066	3.1508	3.6641	1.5863	-3.107	-0.244	-1.437	-2.646	-3.299	-3.809	-4.562	-5.135	-5.219	3.32398748	6
	0.017000	8.0792	4.92030191	4.9203	3.1289	3.6520	1.5610	-3.052	0.117	-1.233	-2.505	-3.199	-3.738	-4.540	-5.150	-5.242	3.32405925	6
	0.017000	8.0792	4.93128777	4.9313	3.1412	3.6412	1.5065	-3.083	0.389	-1.116	-2.448	-3.183	-3.753	-4.597	-5.241	-5.342	3.32411623	6
	0.017000	8.0792	4.93428183	4.9343	3.1742	3.6347	1.4478	-3.165	0.492	-1.105	-2.472	-3.234	-3.823	-4.694	-5.358	-5.465	3.32413173	6
	0.017000	8.0792	4.93499374	4.9350	3.2113	3.6297	1.3906	-3.258	0.546	-1.125	-2.520	-3.302	-3.907	-4.799	-5.478	-5.589	3.32413530	6
	0.017000	8.0792	4.93511248	4.9351	3.2264	3.6278	1.3683	-3.296	0.563	-1.135	-2.539	-3.329	-3.941	-4.840	-5.524	-5.638	3.32413602	7
	0.017000	8.0792	4.93521070	4.9352	3.2467	3.6256	1.3389	-3.347	0.581	-1.151	-2.568	-3.367	-3.987	-4.896	-5.587	-5.702	3.32413650	7
	0.017000	8.0792	4.93544197	4.9354	3.2808	3.6223	1.2916	-3.432	0.598	-1.185	-2.621	-3.433	-4.065	-4.988	-5.688	-5.808	3.32413769	7
	0.017000	8.0792	4.93579769	4.9358	3.2583	3.6247	1.3240	-3.376	0.578	-1.167	-2.589	-3.391	-4.014	-4.926	-5.620	-5.736	3.32413960	7
	0.017000	8.0792	4.93655539	4.9366	3.2677	3.6232	1.3087	-3.399	0.599	-1.168	-2.598	-3.406	-4.035	-4.953	-5.651	-5.769	3.32414341	7
	0.017000	8.0792	4.93692017	4.9369	3.3085	3.6191	1.2513	-3.501	0.625	-1.205	-2.658	-3.483	-4.128	-5.063	-5.774	-5.897	3.32414532	7
	0.017000	8.0792	4.93730593	4.9373	3.3473	3.6152	1.1971	-3.598	0.646	-1.241	-2.715	-3.554	-4.216	-5.168	-5.890	-6.017	3.32414722	7
	0.017000	8.0792	4.93778229	4.9378	3.3859	3.6116	1.1440	-3.695	0.663	-1.279	-2.772	-3.626	-4.304	-5.272	-6.004	-6.136	3.32414985	7
	0.017000	8.0792	4.93836451	4.9384	3.4246	3.6079	1.0908	-3.791	0.677	-1.316	-2.828	-3.695	-4.392	-5.376	-6.118	-6.255	3.32415271	7
	0.017000	8.0792	4.93905544	4.9391	3.4634	3.6043	1.0374	-3.889	0.690	-1.352	-2.882	-3.762	-4.481	-5.480	-6.233	-6.374	3.32415628	7
	0.017000	8.0792	4.93985462	4.9399	3.5029	3.6006	0.9831	-3.987	0.713	-1.385	-2.937	-3.831	-4.571	-5.586	-6.349	-6.495	3.32416034	7
	0.017000	8.0792	4.94071579	4.9407	3.5427	3.5969	0.9285	-4.087	0.752	-1.406	-2.986	-3.895	-4.661	-5.695	-6.463	-6.617	3.32416487	7
	0.017000	8.0792	4.94155455	4.9416	3.5827	3.5931	0.8737	-4.187	0.790	-1.428	-3.036	-3.960	-4.752	-5.805	-6.576	-6.738	3.32416916	7
	0.017000	8.0792	4.94231319	4.9423	3.6225	3.5893	0.8188	-4.286	0.832	-1.446	-3.085	-4.025	-4.842	-5.913	-6.689	-6.859	3.32417321	7
	0.017000	8.0792	4.94298840	4.9430	3.6624	3.5855	0.7635	-4.386	0.876	-1.462	-3.126	-4.081	-4.932	-6.022	-6.802	-6.980	3.32417655	7
	0.017000	8.0792	4.94358921	4.9436	3.7022	3.5817	0.7085	-4.486	0.922	-1.479	-3.171	-4.142	-5.021	-6.130	-6.914	-7.100	3.32417965	7
	0.017000	8.0792	4.94413233	4.9441	3.7417	3.5778	0.6536	-4.584	0.967	-1.490	-3.207	-4.194	-5.109	-6.236	-7.026	-7.220	3.32418251	7
	0.017000	8.0792	4.94463539	4.9446	3.7807	3.5740	0.5993	-4.682	1.009	-1.500	-3.239	-4.242	-5.196	-6.342	-7.135	-7.338	3.32418513	7
	0.017000	8.0792	4.94510698	4.9451	3.8195	3.5700	0.5447	-4.779	1.057	-1.509	-3.272	-4.290	-5.282	-6.447	-7.245	-7.456	3.32418752	7
	0.017000	8.0792	4.94554901	4.9455	3.8582	3.5659	0.4896	-4.876	1.106	-1.510	-3.283	-4.314	-5.367	-6.554	-7.355	-7.575	3.32418966	7
	0.017000	8.0792	4.94596148	4.9460	3.8966	3.5618	0.4350	-4.972	1.121	-1.523	-3.294	-4.335	-5.451	-6.658	-7.466	-7.694	3.32419181	7
	0.017000	8.0792	4.94635201	4.9464	3.9339	3.5579	0.3820	-5.065	1.135	-1.527	-3.291	-4.348	-5.529	-6.760	-7.574	-7.808	3.32419395	7
	0.017000	8.0792	4.94673681	4.9467	3.9701	3.5542	0.3308	-5.155	1.145	-1.529	-3.283	-4.355	-5.603	-6.859	-7.678	-7.919	3.32419586	7
	0.017000	8.0792	4.94712114	4.9471	4.0071	3.5507	0.2803	-5.248	1.148	-1.542	-3.288	-4.375	-5.682	-6.958	-7.782	-8.030	3.32419777	7
	0.017000	8.0792	4.94729471	4.9473	4.0292	3.5490	0.2513	-5.303	1.140	-1.553	-3.294	-4.391	-5.728	-7.017	-7.843	-8.094	3.32419872	7
	0.017000	8.0792	4.94927216	4.9493	4.2892	3.5194	-0.1268	-5.953	1.095	-1.023	-2.537	-4.051	-5.961	-7.743	-8.640	-8.927	3.32420874	8
