# File generated by CMD 2.8 (http://stev.oapd.inaf.it/cmd) on Wed May 18 12:16:57 CEST 2016
# PARSEC isochrones, release v1.2S
# Basic references: Bressan et al. (2012), MNRAS, 427, 127 + Chen et al. (2014, 2015), MNRAS, 444, 2525 + MNRAS, 452, 1068 + Tang et al. (2014), MNRAS, 445, 4287
# Warning: you choose not to include the TP-AGB phase!
# Photometric system: <i>UBVRIJHK</i> (cf. Maiz-Apellaniz 2006 + Bessell 1990)
# Using NBC version of bolometric corrections as in Chen et al. (2014), MNRAS, 444, 2525
# BCs of Carbon stars derive from Aringer et al. (2009, A&A 503, 913)
# O-rich circumstellar dust ignored
# C-rich circumstellar dust ignored
# IMF: Chabrier (2001) lognormal 
# On RGB, assumed Reimers mass loss with efficiency eta=0.2
# Kind of output: isochrone tables
#	Isochrone  Z = 0.01700	Y = 0.27900	[M/H] = 0.067	eta_R = 0.200	Age = 	1.6000e+08 yr
#      Z	log(age/yr)	M_ini   	M_act	logL/Lo	logTe	logG	mbol    U       B       V       R       I       J       H       K	int_IMF	stage
	0.017000	8.2041	0.09000000	0.0900	-2.9160	3.3909	4.8240	12.060	22.038	19.427	17.643	15.297	12.908	9.949	9.372	8.999	1.46765435	0
	0.017000	8.2041	0.09229382	0.0923	-2.8967	3.3938	4.8273	12.012	21.843	19.272	17.495	15.182	12.817	9.907	9.330	8.959	1.49214339	0
	0.017000	8.2041	0.09972811	0.0997	-2.8336	3.4035	4.8362	11.854	21.191	18.757	17.004	14.802	12.517	9.771	9.190	8.826	1.56773949	0
	0.017000	8.2041	0.10000000	0.1000	-2.8313	3.4038	4.8366	11.848	21.166	18.738	16.986	14.788	12.506	9.766	9.185	8.822	1.57040203	0
	0.017000	8.2041	0.10573839	0.1057	-2.7886	3.4099	4.8426	11.741	20.745	18.405	16.667	14.541	12.309	9.673	9.090	8.731	1.62489069	0
	0.017000	8.2041	0.11614094	0.1161	-2.7131	3.4212	4.8528	11.553	19.972	17.796	16.087	14.093	11.954	9.511	8.924	8.571	1.71614742	0
	0.017000	8.2041	0.12000000	0.1200	-2.6857	3.4254	4.8564	11.484	19.683	17.570	15.872	13.928	11.823	9.452	8.864	8.514	1.74782515	0
	0.017000	8.2041	0.12832007	0.1283	-2.6369	3.4316	4.8618	11.362	19.248	17.221	15.541	13.667	11.613	9.344	8.755	8.408	1.81259274	0
	0.017000	8.2041	0.14000000	0.1400	-2.5716	3.4402	4.8686	11.199	18.708	16.776	15.125	13.336	11.343	9.198	8.607	8.267	1.89584959	0
	0.017000	8.2041	0.16000000	0.1600	-2.4750	3.4514	4.8745	10.957	17.999	16.181	14.565	12.882	10.974	8.981	8.387	8.056	2.02115250	0
	0.017000	8.2041	0.16687158	0.1669	-2.4458	3.4547	4.8768	10.884	17.793	16.008	14.397	12.746	10.865	8.916	8.320	7.993	2.05991220	0
	0.017000	8.2041	0.20000000	0.2000	-2.3154	3.4689	4.8821	10.558	16.925	15.268	13.692	12.166	10.401	8.622	8.022	7.708	2.22178221	0
	0.017000	8.2041	0.24587500	0.2459	-2.1678	3.4838	4.8837	10.190	16.058	14.510	12.962	11.552	9.912	8.288	7.683	7.385	2.39474654	0
	0.017000	8.2041	0.25000000	0.2500	-2.1554	3.4850	4.8833	10.158	15.989	14.449	12.901	11.501	9.872	8.260	7.655	7.358	2.40809011	0
	0.017000	8.2041	0.28391266	0.2839	-2.0612	3.4938	4.8794	9.923	15.491	14.005	12.472	11.132	9.577	8.046	7.437	7.149	2.50668335	0
	0.017000	8.2041	0.30000001	0.3000	-2.0192	3.4976	4.8765	9.818	15.280	13.817	12.294	10.978	9.450	7.950	7.339	7.055	2.54750419	0
	0.017000	8.2041	0.32450292	0.3245	-1.9527	3.5033	4.8670	9.652	14.961	13.529	12.021	10.740	9.253	7.797	7.182	6.905	2.60372901	0
	0.017000	8.2041	0.34999999	0.3500	-1.8867	3.5089	4.8563	9.487	14.653	13.249	11.755	10.507	9.058	7.645	7.027	6.756	2.65552020	0
	0.017000	8.2041	0.40000001	0.4000	-1.7480	3.5208	4.8233	9.140	14.035	12.677	11.210	10.024	8.659	7.327	6.700	6.442	2.74133730	0
	0.017000	8.2041	0.44999999	0.4500	-1.6039	3.5352	4.7878	8.780	13.411	12.082	10.646	9.523	8.248	7.002	6.363	6.120	2.81098008	0
	0.017000	8.2041	0.50000000	0.5000	-1.4499	3.5519	4.7464	8.395	12.779	11.455	10.046	8.986	7.815	6.659	6.006	5.780	2.86847806	0
	0.017000	8.2041	0.52588344	0.5259	-1.3663	3.5643	4.7344	8.186	12.415	11.079	9.681	8.659	7.575	6.485	5.823	5.609	2.89445257	0
	0.017000	8.2041	0.55000001	0.5500	-1.3021	3.5727	4.7230	8.025	12.158	10.812	9.420	8.421	7.397	6.347	5.680	5.476	2.91663504	0
	0.017000	8.2041	0.56706417	0.5671	-1.2500	3.5794	4.7113	7.895	11.954	10.599	9.214	8.232	7.255	6.236	5.562	5.368	2.93128514	0
	0.017000	8.2041	0.60000002	0.6000	-1.1749	3.5896	4.7014	7.707	11.660	10.291	8.919	7.962	7.052	6.075	5.394	5.215	2.95739889	0
	0.017000	8.2041	0.60090876	0.6009	-1.1726	3.5899	4.7012	7.702	11.651	10.281	8.909	7.953	7.046	6.071	5.389	5.210	2.95808220	0
	0.017000	8.2041	0.64999998	0.6500	-1.0187	3.6152	4.6825	7.317	11.010	9.603	8.293	7.395	6.635	5.745	5.060	4.920	2.99236870	0
	0.017000	8.2041	0.69999999	0.7000	-0.8664	3.6422	4.6702	6.936	10.253	8.881	7.673	6.851	6.236	5.431	4.770	4.669	3.02253795	0
	0.017000	8.2041	0.73939937	0.7394	-0.7513	3.6638	4.6653	6.648	9.497	8.303	7.199	6.457	5.935	5.205	4.601	4.518	3.04351926	0
	0.017000	8.2041	0.75000000	0.7500	-0.7213	3.6696	4.6647	6.573	9.290	8.154	7.078	6.359	5.857	5.147	4.562	4.481	3.04879928	0
	0.017000	8.2041	0.76120490	0.7612	-0.6920	3.6740	4.6594	6.500	9.112	8.026	6.971	6.272	5.781	5.088	4.517	4.439	3.05422521	1
	0.017000	8.2041	0.80000001	0.8000	-0.5934	3.6892	4.6431	6.254	8.533	7.606	6.621	5.983	5.530	4.889	4.367	4.296	3.07187057	1
	0.017000	8.2041	0.85000002	0.8500	-0.4720	3.7078	4.6228	5.950	7.848	7.116	6.212	5.643	5.229	4.651	4.184	4.121	3.09222293	1
	0.017000	8.2041	0.89999998	0.9000	-0.3574	3.7248	4.6006	5.663	7.251	6.687	5.850	5.336	4.950	4.427	4.007	3.950	3.11026096	1
	0.017000	8.2041	0.94999999	0.9500	-0.2491	3.7400	4.5768	5.393	6.723	6.299	5.524	5.053	4.693	4.217	3.836	3.785	3.12635612	1
	0.017000	8.2041	1.00000000	1.0000	-0.1400	3.7540	4.5459	5.120	6.239	5.931	5.212	4.777	4.439	4.003	3.656	3.610	3.14080405	1
	0.017000	8.2041	1.04999995	1.0500	-0.0375	3.7668	4.5158	4.864	5.814	5.596	4.927	4.521	4.203	3.802	3.484	3.442	3.15380883	1
	0.017000	8.2041	1.10000002	1.1000	0.0617	3.7786	4.4839	4.616	5.416	5.273	4.655	4.281	3.981	3.613	3.320	3.284	3.16554141	1
	0.017000	8.2041	1.14999998	1.1500	0.1558	3.7892	4.4518	4.380	5.026	4.971	4.408	4.068	3.786	3.441	3.165	3.137	3.17617631	1
	0.017000	8.2041	1.20000005	1.2000	0.2463	3.7992	4.4195	4.154	4.684	4.688	4.173	3.859	3.593	3.271	3.012	2.989	3.18585706	1
	0.017000	8.2041	1.25000000	1.2500	0.3332	3.8088	4.3890	3.937	4.397	4.423	3.946	3.652	3.402	3.102	2.863	2.843	3.19470429	1
	0.017000	8.2041	1.29999995	1.3000	0.4152	3.8180	4.3608	3.732	4.140	4.177	3.734	3.458	3.222	2.944	2.724	2.706	3.20280719	1
	0.017000	8.2041	1.35000002	1.3500	0.4923	3.8272	4.3368	3.539	3.902	3.944	3.534	3.276	3.055	2.799	2.597	2.580	3.21023273	1
	0.017000	8.2041	1.39999998	1.4000	0.5651	3.8364	4.3165	3.357	3.684	3.726	3.346	3.106	2.901	2.666	2.481	2.466	3.21705914	1
	0.017000	8.2041	1.45000005	1.4500	0.6354	3.8462	4.3008	3.181	3.477	3.514	3.164	2.944	2.755	2.543	2.377	2.363	3.22335362	1
	0.017000	8.2041	1.50000000	1.5000	0.7010	3.8572	4.2938	3.017	3.284	3.312	2.995	2.797	2.627	2.438	2.294	2.281	3.22917390	1
	0.017000	8.2041	1.54999995	1.5500	0.7652	3.8699	4.2945	2.857	3.098	3.114	2.831	2.657	2.509	2.347	2.226	2.215	3.23456979	1
	0.017000	8.2041	1.60000002	1.6000	0.8269	3.8829	4.2987	2.703	2.924	2.924	2.674	2.526	2.403	2.267	2.169	2.159	3.23958373	1
	0.017000	8.2041	1.64999998	1.6500	0.8859	3.8953	4.3028	2.555	2.761	2.746	2.527	2.405	2.303	2.192	2.114	2.105	3.24424219	1
	0.017000	8.2041	1.70000005	1.7000	0.9425	3.9070	4.3058	2.414	2.608	2.578	2.391	2.291	2.210	2.121	2.060	2.052	3.24857616	1
	0.017000	8.2041	1.75000000	1.7500	0.9971	3.9179	4.3075	2.277	2.461	2.422	2.264	2.186	2.122	2.052	2.006	1.999	3.25261688	1
	0.017000	8.2041	1.79999995	1.8000	1.0494	3.9280	4.3079	2.146	2.321	2.276	2.147	2.087	2.039	1.986	1.951	1.945	3.25639176	1
	0.017000	8.2041	1.85000002	1.8500	1.0999	3.9375	4.3071	2.020	2.186	2.143	2.039	1.994	1.959	1.920	1.895	1.890	3.25992513	1
	0.017000	8.2041	1.89999998	1.9000	1.1486	3.9462	4.3050	1.898	2.056	2.022	1.938	1.906	1.882	1.856	1.839	1.834	3.26323819	1
	0.017000	8.2041	1.95000005	1.9500	1.1960	3.9545	4.3021	1.780	1.931	1.909	1.844	1.822	1.807	1.793	1.782	1.779	3.26635003	1
	0.017000	8.2041	2.00000000	2.0000	1.2421	3.9623	4.2983	1.665	1.811	1.803	1.754	1.741	1.733	1.730	1.725	1.724	3.26927757	1
	0.017000	8.2041	2.04999995	2.0500	1.2870	3.9698	4.2938	1.553	1.696	1.704	1.669	1.663	1.662	1.668	1.668	1.668	3.27203131	1
	0.017000	8.2041	2.09999990	2.1000	1.3308	3.9769	4.2889	1.443	1.586	1.611	1.588	1.588	1.593	1.608	1.612	1.614	3.27462268	1
	0.017000	8.2041	2.11957717	2.1196	1.3478	3.9796	4.2869	1.401	1.544	1.575	1.557	1.560	1.567	1.584	1.590	1.592	3.27559614	1
	0.017000	8.2041	2.15000010	2.1500	1.3738	3.9838	4.2836	1.335	1.480	1.521	1.510	1.515	1.526	1.548	1.555	1.559	3.27706480	1
	0.017000	8.2041	2.20000005	2.2000	1.4159	3.9904	4.2780	1.230	1.376	1.434	1.434	1.444	1.459	1.490	1.500	1.505	3.27936959	1
	0.017000	8.2041	2.24888301	2.2489	1.4560	3.9965	4.2719	1.130	1.278	1.353	1.363	1.376	1.395	1.432	1.445	1.452	3.28149986	1
	0.017000	8.2041	2.25000000	2.2500	1.4569	3.9966	4.2718	1.128	1.276	1.351	1.361	1.374	1.393	1.431	1.444	1.451	3.28154731	1
	0.017000	8.2041	2.28058481	2.2806	1.4817	4.0004	4.2681	1.066	1.215	1.301	1.317	1.332	1.354	1.395	1.410	1.418	3.28282094	1
	0.017000	8.2041	2.29999995	2.3000	1.4973	4.0028	4.2657	1.027	1.177	1.270	1.289	1.306	1.328	1.373	1.388	1.398	3.28360772	1
	0.017000	8.2041	2.33020186	2.3302	1.5212	4.0064	4.2618	0.967	1.119	1.222	1.246	1.265	1.289	1.338	1.355	1.365	3.28479910	1
	0.017000	8.2041	2.40000010	2.4000	1.5759	4.0145	4.2523	0.830	0.986	1.114	1.149	1.171	1.200	1.258	1.278	1.290	3.28741050	1
	0.017000	8.2041	2.49791884	2.4979	1.6502	4.0254	4.2391	0.645	0.807	0.969	1.017	1.044	1.079	1.148	1.172	1.188	3.29077029	1
	0.017000	8.2041	2.59999990	2.6000	1.7260	4.0362	4.2237	0.455	0.626	0.823	0.881	0.912	0.952	1.033	1.060	1.079	3.29393530	1
	0.017000	8.2041	2.70613694	2.7061	1.8024	4.0464	4.2053	0.264	0.444	0.674	0.742	0.776	0.820	0.912	0.942	0.963	3.29690075	1
	0.017000	8.2041	2.79999995	2.8000	1.8687	4.0548	4.1877	0.098	0.287	0.544	0.620	0.656	0.703	0.804	0.836	0.860	3.29928207	1
	0.017000	8.2041	2.80227947	2.8023	1.8703	4.0550	4.1873	0.094	0.283	0.541	0.617	0.653	0.700	0.801	0.834	0.858	3.29933739	1
	0.017000	8.2041	2.93429136	2.9343	1.9609	4.0660	4.1604	-0.132	0.068	0.363	0.447	0.486	0.537	0.649	0.685	0.711	3.30234909	1
	0.017000	8.2041	3.00000000	3.0000	2.0053	4.0711	4.1461	-0.243	-0.037	0.274	0.363	0.403	0.455	0.572	0.610	0.637	3.30372047	1
	0.017000	8.2041	3.10963869	3.1096	2.0782	4.0790	4.1206	-0.426	-0.209	0.128	0.223	0.264	0.320	0.444	0.483	0.513	3.30584288	1
	0.017000	8.2041	3.19969034	3.1997	2.1379	4.0849	4.0968	-0.575	-0.350	0.006	0.105	0.148	0.205	0.335	0.375	0.407	3.30744529	1
	0.017000	8.2041	3.20000005	3.2000	2.1382	4.0849	4.0967	-0.575	-0.351	0.006	0.105	0.147	0.205	0.334	0.375	0.406	3.30745077	1
	0.017000	8.2041	3.20778704	3.2078	2.1432	4.0854	4.0946	-0.588	-0.363	-0.005	0.095	0.137	0.195	0.325	0.366	0.397	3.30758357	1
	0.017000	8.2041	3.30007052	3.3001	2.2037	4.0906	4.0671	-0.739	-0.507	-0.132	-0.029	0.015	0.074	0.208	0.251	0.284	3.30909419	1
	0.017000	8.2041	3.37465477	3.3747	2.2522	4.0942	4.0429	-0.861	-0.624	-0.236	-0.131	-0.087	-0.026	0.112	0.155	0.189	3.31023407	1
	0.017000	8.2041	3.40000010	3.4000	2.2687	4.0953	4.0340	-0.902	-0.663	-0.273	-0.166	-0.122	-0.061	0.078	0.121	0.155	3.31060600	1
	0.017000	8.2041	3.44866276	3.4487	2.3001	4.0973	4.0169	-0.980	-0.739	-0.342	-0.234	-0.189	-0.128	0.014	0.057	0.091	3.31129932	1
	0.017000	8.2041	3.51274562	3.5127	2.3415	4.0996	3.9926	-1.084	-0.840	-0.435	-0.325	-0.280	-0.218	-0.075	-0.031	0.004	3.31217313	1
	0.017000	8.2041	3.59999990	3.6000	2.3988	4.1014	3.9532	-1.227	-0.983	-0.570	-0.458	-0.413	-0.351	-0.206	-0.162	-0.126	3.31329536	1
	0.017000	8.2041	3.62427235	3.6243	2.4146	4.1018	3.9417	-1.267	-1.023	-0.608	-0.496	-0.451	-0.389	-0.243	-0.199	-0.163	3.31359458	1
	0.017000	8.2041	3.70155168	3.7016	2.4653	4.1021	3.9014	-1.393	-1.152	-0.734	-0.621	-0.576	-0.514	-0.368	-0.324	-0.288	3.31451201	1
	0.017000	8.2041	3.77102017	3.7710	2.5108	4.1014	3.8612	-1.507	-1.271	-0.852	-0.739	-0.694	-0.633	-0.487	-0.443	-0.407	3.31529355	1
	0.017000	8.2041	3.79999995	3.8000	2.5301	4.1006	3.8423	-1.555	-1.322	-0.905	-0.791	-0.747	-0.686	-0.541	-0.497	-0.461	3.31560802	1
	0.017000	8.2041	3.84481072	3.8448	2.5601	4.0987	3.8095	-1.630	-1.404	-0.990	-0.877	-0.834	-0.773	-0.630	-0.587	-0.551	3.31608200	1
	0.017000	8.2041	3.91006589	3.9101	2.6041	4.0946	3.7566	-1.740	-1.527	-1.121	-1.010	-0.967	-0.908	-0.768	-0.726	-0.691	3.31674576	1
	0.017000	8.2041	3.96534133	3.9653	2.6415	4.0898	3.7060	-1.834	-1.635	-1.240	-1.130	-1.088	-1.031	-0.896	-0.855	-0.821	3.31728506	1
	0.017000	8.2041	4.00000000	4.0000	2.6654	4.0856	3.6690	-1.894	-1.705	-1.321	-1.212	-1.172	-1.117	-0.985	-0.945	-0.912	3.31761289	1
	0.017000	8.2041	4.00226974	4.0023	2.6670	4.0853	3.6666	-1.897	-1.710	-1.326	-1.217	-1.177	-1.122	-0.990	-0.951	-0.918	3.31763411	1
	0.017000	8.2041	4.05309486	4.0531	2.7021	4.0771	3.6041	-1.985	-1.818	-1.455	-1.349	-1.311	-1.259	-1.134	-1.097	-1.066	3.31809974	1
	0.017000	8.2041	4.09154940	4.0915	2.7288	4.0700	3.5532	-2.052	-1.901	-1.557	-1.454	-1.417	-1.368	-1.249	-1.214	-1.184	3.31844139	1
	0.017000	8.2041	4.12408018	4.1241	2.7523	4.0626	3.5035	-2.111	-1.975	-1.651	-1.550	-1.517	-1.470	-1.358	-1.325	-1.297	3.31872344	1
	0.017000	8.2041	4.15535307	4.1554	2.7774	4.0558	3.4544	-2.173	-2.051	-1.745	-1.648	-1.616	-1.572	-1.467	-1.437	-1.409	3.31898856	1
	0.017000	8.2041	4.17636061	4.1764	2.7966	4.0530	3.4264	-2.221	-2.105	-1.806	-1.710	-1.679	-1.637	-1.534	-1.504	-1.477	3.31916356	1
	0.017000	8.2041	4.19194698	4.1919	2.8225	4.0621	3.4383	-2.286	-2.157	-1.829	-1.729	-1.696	-1.649	-1.538	-1.506	-1.477	3.31929183	1
	0.017000	8.2041	4.19718742	4.1972	2.8372	4.0704	3.4572	-2.323	-2.180	-1.828	-1.723	-1.688	-1.639	-1.519	-1.484	-1.454	3.31933475	1
	0.017000	8.2041	4.19953012	4.1995	2.8511	4.0797	3.4811	-2.358	-2.197	-1.817	-1.708	-1.670	-1.619	-1.491	-1.453	-1.421	3.31935382	1
	0.017000	8.2041	4.19999981	4.2000	2.8549	4.0824	3.4878	-2.367	-2.201	-1.814	-1.704	-1.665	-1.613	-1.482	-1.444	-1.411	3.31935763	1
	0.017000	8.2041	4.20022535	4.2002	2.8567	4.0836	3.4909	-2.372	-2.203	-1.813	-1.702	-1.663	-1.610	-1.478	-1.440	-1.407	3.31935954	1
	0.017000	8.2041	4.20123339	4.2012	2.8720	4.0933	3.5145	-2.410	-2.221	-1.804	-1.688	-1.647	-1.590	-1.450	-1.409	-1.374	3.31936765	1
	0.017000	8.2041	4.20183229	4.2018	2.8892	4.1026	3.5348	-2.453	-2.242	-1.800	-1.679	-1.637	-1.577	-1.428	-1.386	-1.348	3.31937265	1
	0.017000	8.2041	4.20223045	4.2022	2.9089	4.1118	3.5518	-2.502	-2.267	-1.803	-1.678	-1.633	-1.570	-1.414	-1.369	-1.330	3.31937575	1
	0.017000	8.2041	4.20246124	4.2025	2.9165	4.1161	3.5613	-2.521	-2.275	-1.800	-1.673	-1.627	-1.563	-1.404	-1.357	-1.318	3.31937766	2
	0.017000	8.2041	4.20261097	4.2026	2.8969	4.1118	3.5639	-2.472	-2.236	-1.772	-1.648	-1.603	-1.540	-1.384	-1.339	-1.300	3.31937885	2
	0.017000	8.2041	4.20273542	4.2027	2.8703	4.1030	3.5553	-2.406	-2.192	-1.750	-1.630	-1.587	-1.527	-1.378	-1.335	-1.298	3.31937981	2
	0.017000	8.2041	4.20284462	4.2028	2.8540	4.0937	3.5345	-2.365	-2.173	-1.756	-1.640	-1.599	-1.542	-1.402	-1.361	-1.325	3.31938076	2
	0.017000	8.2041	4.20298576	4.2030	2.8501	4.0820	3.4915	-2.355	-2.189	-1.804	-1.694	-1.655	-1.602	-1.473	-1.434	-1.402	3.31938195	2
	0.017000	8.2041	4.20314264	4.2031	2.8602	4.0704	3.4349	-2.381	-2.240	-1.885	-1.781	-1.745	-1.697	-1.577	-1.542	-1.512	3.31938314	2
	0.017000	8.2041	4.20331717	4.2033	2.8738	4.0587	3.3744	-2.415	-2.296	-1.974	-1.875	-1.843	-1.799	-1.690	-1.659	-1.631	3.31938457	2
	0.017000	8.2041	4.20350504	4.2035	2.8844	4.0468	3.3166	-2.441	-2.342	-2.054	-1.961	-1.932	-1.893	-1.796	-1.769	-1.742	3.31938624	2
	0.017000	8.2041	4.20370245	4.2037	2.8912	4.0350	3.2623	-2.458	-2.376	-2.124	-2.037	-2.011	-1.977	-1.893	-1.869	-1.845	3.31938767	2
	0.017000	8.2041	4.20390606	4.2039	2.8952	4.0230	3.2106	-2.468	-2.401	-2.185	-2.104	-2.082	-2.053	-1.982	-1.963	-1.942	3.31938934	2
	0.017000	8.2041	4.20411396	4.2041	2.8972	4.0111	3.1609	-2.473	-2.418	-2.239	-2.166	-2.147	-2.124	-2.066	-2.051	-2.033	3.31939101	2
	0.017000	8.2041	4.20432329	4.2043	2.8975	3.9991	3.1126	-2.474	-2.427	-2.288	-2.222	-2.207	-2.190	-2.147	-2.136	-2.121	3.31939268	2
	0.017000	8.2041	4.20453119	4.2045	2.8965	3.9871	3.0656	-2.471	-2.430	-2.329	-2.273	-2.263	-2.252	-2.224	-2.218	-2.206	3.31939459	2
	0.017000	8.2041	4.20473623	4.2047	2.8942	3.9750	3.0197	-2.466	-2.425	-2.364	-2.320	-2.315	-2.310	-2.298	-2.298	-2.290	3.31939602	2
	0.017000	8.2041	4.20493555	4.2049	2.8910	3.9630	2.9746	-2.457	-2.413	-2.391	-2.360	-2.363	-2.366	-2.370	-2.375	-2.372	3.31939769	2
	0.017000	8.2041	4.20512819	4.2051	2.8869	3.9509	2.9303	-2.447	-2.394	-2.410	-2.396	-2.407	-2.419	-2.440	-2.451	-2.452	3.31939936	2
	0.017000	8.2041	4.20531321	4.2053	2.8820	3.9387	2.8867	-2.435	-2.365	-2.420	-2.425	-2.446	-2.468	-2.507	-2.526	-2.529	3.31940079	2
	0.017000	8.2041	4.20548964	4.2055	2.8765	3.9266	2.8437	-2.421	-2.323	-2.416	-2.445	-2.479	-2.513	-2.571	-2.599	-2.606	3.31940222	2
	0.017000	8.2041	4.20565701	4.2057	2.8704	3.9144	2.8012	-2.406	-2.274	-2.399	-2.456	-2.505	-2.553	-2.632	-2.671	-2.681	3.31940365	2
	0.017000	8.2041	4.20581532	4.2058	2.8637	3.9023	2.7593	-2.389	-2.221	-2.372	-2.458	-2.525	-2.590	-2.691	-2.742	-2.755	3.31940484	2
	0.017000	8.2041	4.20596504	4.2060	2.8566	3.8901	2.7178	-2.371	-2.163	-2.334	-2.454	-2.541	-2.623	-2.747	-2.813	-2.829	3.31940603	2
	0.017000	8.2041	4.20610619	4.2061	2.8490	3.8780	2.6768	-2.352	-2.102	-2.280	-2.440	-2.552	-2.653	-2.801	-2.884	-2.902	3.31940722	2
	0.017000	8.2041	4.20623922	4.2062	2.8410	3.8658	2.6361	-2.332	-2.038	-2.217	-2.423	-2.560	-2.682	-2.854	-2.955	-2.975	3.31940842	2
	0.017000	8.2041	4.20636463	4.2064	2.8326	3.8536	2.5959	-2.311	-1.969	-2.145	-2.399	-2.563	-2.708	-2.904	-3.025	-3.048	3.31940937	2
	0.017000	8.2041	4.20648289	4.2065	2.8239	3.8415	2.5559	-2.290	-1.895	-2.069	-2.370	-2.562	-2.729	-2.952	-3.095	-3.119	3.31941032	2
	0.017000	8.2041	4.20659447	4.2066	2.8148	3.8293	2.5164	-2.267	-1.816	-1.989	-2.338	-2.557	-2.747	-2.997	-3.163	-3.190	3.31941128	2
	0.017000	8.2041	4.20670033	4.2067	2.8055	3.8172	2.4770	-2.244	-1.726	-1.904	-2.300	-2.547	-2.760	-3.038	-3.228	-3.258	3.31941199	2
	0.017000	8.2041	4.20680046	4.2068	2.7959	3.8050	2.4381	-2.220	-1.626	-1.812	-2.260	-2.534	-2.770	-3.077	-3.294	-3.325	3.31941295	2
	0.017000	8.2041	4.20689487	4.2069	2.7861	3.7929	2.3993	-2.195	-1.502	-1.707	-2.215	-2.520	-2.779	-3.117	-3.359	-3.394	3.31941366	2
	0.017000	8.2041	4.20698500	4.2070	2.7760	3.7807	2.3609	-2.170	-1.350	-1.584	-2.165	-2.507	-2.791	-3.159	-3.425	-3.466	3.31941438	2
	0.017000	8.2041	4.20707083	4.2071	2.7655	3.7686	2.3230	-2.144	-1.199	-1.468	-2.110	-2.483	-2.793	-3.195	-3.491	-3.535	3.31941509	2
	0.017000	8.2041	4.20715570	4.2072	2.7544	3.7567	2.2864	-2.116	-1.047	-1.356	-2.053	-2.453	-2.785	-3.220	-3.547	-3.593	3.31941581	2
	0.017000	8.2041	4.20724535	4.2072	2.7416	3.7449	2.2519	-2.084	-0.877	-1.239	-1.988	-2.416	-2.768	-3.238	-3.596	-3.645	3.31941652	2
	0.017000	8.2041	4.20734310	4.2073	2.7264	3.7332	2.2203	-2.046	-0.682	-1.111	-1.914	-2.369	-2.742	-3.248	-3.637	-3.689	3.31941724	2
	0.017000	8.2041	4.20747185	4.2075	2.7046	3.7222	2.1981	-1.991	-0.464	-0.965	-1.822	-2.304	-2.696	-3.238	-3.657	-3.711	3.31941843	2
	0.017000	8.2041	4.20759773	4.2076	2.6812	3.7134	2.1863	-1.933	-0.265	-0.830	-1.729	-2.233	-2.642	-3.212	-3.657	-3.713	3.31941938	2
	0.017000	8.2041	4.20773983	4.2077	2.6538	3.7048	2.1793	-1.865	-0.050	-0.685	-1.625	-2.151	-2.575	-3.175	-3.644	-3.703	3.31942058	2
	0.017000	8.2041	4.20790005	4.2079	2.6262	3.6958	2.1711	-1.796	0.183	-0.534	-1.515	-2.065	-2.505	-3.138	-3.632	-3.696	3.31942177	2
	0.017000	8.2041	4.20812750	4.2081	2.6109	3.6838	2.1384	-1.757	0.463	-0.375	-1.415	-1.999	-2.463	-3.139	-3.668	-3.738	3.31942368	3
	0.017000	8.2041	4.20830011	4.2083	2.6313	3.6750	2.0827	-1.808	0.610	-0.330	-1.415	-2.026	-2.509	-3.218	-3.773	-3.848	3.31942511	3
	0.017000	8.2041	4.20843887	4.2084	2.6669	3.6681	2.0194	-1.897	0.688	-0.338	-1.462	-2.094	-2.593	-3.329	-3.904	-3.983	3.31942606	3
	0.017000	8.2041	4.20856857	4.2086	2.7080	3.6622	1.9549	-2.000	0.745	-0.365	-1.525	-2.178	-2.690	-3.449	-4.041	-4.124	3.31942725	3
	0.017000	8.2041	4.20869637	4.2087	2.7470	3.6574	1.8967	-2.098	0.788	-0.397	-1.588	-2.259	-2.784	-3.561	-4.167	-4.253	3.31942821	3
	0.017000	8.2041	4.20887613	4.2089	2.7906	3.6524	1.8329	-2.207	0.831	-0.434	-1.660	-2.350	-2.888	-3.685	-4.305	-4.395	3.31942964	3
	0.017000	8.2041	4.20910549	4.2091	2.8291	3.6480	1.7773	-2.303	0.869	-0.467	-1.722	-2.429	-2.979	-3.794	-4.425	-4.518	3.31943154	3
	0.017000	8.2041	4.20938063	4.2094	2.8643	3.6442	1.7269	-2.391	0.902	-0.497	-1.779	-2.501	-3.062	-3.892	-4.534	-4.631	3.31943369	3
	0.017000	8.2041	4.20942640	4.2094	2.8697	3.6437	1.7192	-2.404	0.906	-0.503	-1.788	-2.512	-3.075	-3.907	-4.551	-4.648	3.31943417	3
	0.017000	8.2041	4.20984030	4.2098	2.9172	3.6389	1.6527	-2.523	0.942	-0.548	-1.866	-2.610	-3.187	-4.038	-4.696	-4.797	3.31943750	3
	0.017000	8.2041	4.21020842	4.2102	2.9590	3.6349	1.5950	-2.627	0.968	-0.588	-1.934	-2.695	-3.284	-4.153	-4.822	-4.926	3.31944036	3
	0.017000	8.2041	4.21057606	4.2106	3.0004	3.6312	1.5389	-2.731	0.986	-0.632	-2.005	-2.781	-3.382	-4.265	-4.945	-5.053	3.31944346	3
	0.017000	8.2041	4.21098995	4.2110	3.0472	3.6273	1.4762	-2.848	0.998	-0.685	-2.084	-2.877	-3.492	-4.392	-5.082	-5.194	3.31944680	3
	0.017000	8.2041	4.21135759	4.2114	3.0888	3.6237	1.4203	-2.952	1.005	-0.733	-2.152	-2.960	-3.588	-4.503	-5.204	-5.320	3.31944966	3
	0.017000	8.2041	4.21172523	4.2117	3.1308	3.6204	1.3653	-3.057	1.003	-0.788	-2.226	-3.046	-3.687	-4.615	-5.325	-5.445	3.31945276	3
	0.017000	8.2041	4.21209288	4.2121	3.1731	3.6170	1.3094	-3.163	1.003	-0.839	-2.296	-3.129	-3.785	-4.728	-5.448	-5.572	3.31945562	3
	0.017000	8.2041	4.21246052	4.2125	3.2147	3.6135	1.2538	-3.267	1.008	-0.887	-2.362	-3.209	-3.881	-4.840	-5.569	-5.697	3.31945872	3
	0.017000	8.2041	4.21364403	4.2136	3.2555	3.6101	1.1995	-3.369	1.012	-0.934	-2.429	-3.288	-3.975	-4.949	-5.688	-5.820	3.31946826	4
	0.017000	8.2041	4.21821213	4.2182	3.2192	3.6137	1.2508	-3.278	0.991	-0.901	-2.376	-3.222	-3.893	-4.850	-5.579	-5.707	3.31950498	4
	0.017000	8.2041	4.22129869	4.2213	3.1791	3.6174	1.3061	-3.178	0.977	-0.860	-2.316	-3.147	-3.801	-4.742	-5.461	-5.584	3.31952977	4
	0.017000	8.2041	4.22350597	4.2235	3.1416	3.6208	1.3574	-3.084	0.966	-0.821	-2.258	-3.076	-3.714	-4.641	-5.350	-5.469	3.31954741	4
	0.017000	8.2041	4.22555351	4.2256	3.1000	3.6246	1.4143	-2.980	0.954	-0.775	-2.190	-2.993	-3.618	-4.529	-5.227	-5.342	3.31956387	4
	0.017000	8.2041	4.22718525	4.2272	3.0630	3.6279	1.4648	-2.887	0.944	-0.733	-2.130	-2.920	-3.532	-4.430	-5.118	-5.229	3.31957698	4
	0.017000	8.2041	4.22898483	4.2290	3.0209	3.6318	1.5227	-2.782	0.927	-0.689	-2.062	-2.836	-3.434	-4.316	-4.992	-5.100	3.31959128	4
	0.017000	8.2041	4.23062372	4.2306	2.9833	3.6353	1.5741	-2.688	0.907	-0.651	-1.999	-2.758	-3.346	-4.213	-4.880	-4.985	3.31960440	4
	0.017000	8.2041	4.23240471	4.2324	2.9452	3.6388	1.6268	-2.593	0.885	-0.613	-1.936	-2.680	-3.257	-4.109	-4.766	-4.867	3.31961870	4
	0.017000	8.2041	4.23437929	4.2344	2.9076	3.6425	1.6790	-2.499	0.861	-0.575	-1.873	-2.602	-3.168	-4.006	-4.652	-4.750	3.31963444	4
	0.017000	8.2041	4.23668528	4.2367	2.8709	3.6463	1.7315	-2.407	0.829	-0.542	-1.812	-2.527	-3.081	-3.903	-4.539	-4.634	3.31965256	4
	0.017000	8.2041	4.23953247	4.2395	2.8352	3.6502	1.7828	-2.318	0.795	-0.511	-1.755	-2.454	-2.997	-3.804	-4.428	-4.520	3.31967521	4
	0.017000	8.2041	4.24355268	4.2436	2.8001	3.6547	1.8363	-2.230	0.749	-0.487	-1.701	-2.382	-2.914	-3.703	-4.315	-4.403	3.31970716	4
	0.017000	8.2041	4.25021172	4.2502	2.7691	3.6606	1.8917	-2.153	0.657	-0.490	-1.667	-2.327	-2.843	-3.608	-4.203	-4.288	3.31975961	4
	0.017000	8.2041	4.25572872	4.2557	2.7606	3.6647	1.9173	-2.131	0.571	-0.520	-1.674	-2.319	-2.826	-3.575	-4.158	-4.239	3.31980300	5
	0.017000	8.2041	4.26169395	4.2617	2.7700	3.6694	1.9273	-2.155	0.435	-0.598	-1.729	-2.359	-2.854	-3.586	-4.153	-4.232	3.31984973	5
	0.017000	8.2041	4.26991272	4.2699	2.8072	3.6775	1.9232	-2.248	0.166	-0.777	-1.872	-2.476	-2.954	-3.655	-4.197	-4.271	3.31991363	5
	0.017000	8.2041	4.30515814	4.3052	2.8662	3.6810	1.8818	-2.395	-0.040	-0.955	-2.040	-2.635	-3.106	-3.793	-4.323	-4.395	3.32018447	5
	0.017000	8.2041	4.32702065	4.3270	2.9017	3.6826	1.8551	-2.484	-0.151	-1.057	-2.138	-2.729	-3.197	-3.877	-4.402	-4.473	3.32034922	6
	0.017000	8.2041	4.35723019	4.3572	2.9278	3.6783	1.8147	-2.550	-0.109	-1.071	-2.178	-2.783	-3.260	-3.957	-4.494	-4.567	3.32057309	6
	0.017000	8.2041	4.38622618	4.3862	2.9232	3.6659	1.7726	-2.538	0.200	-0.918	-2.089	-2.733	-3.237	-3.983	-4.556	-4.638	3.32078409	6
	0.017000	8.2041	4.40000010	4.4000	2.9266	3.6563	1.7321	-2.546	0.439	-0.807	-2.030	-2.707	-3.235	-4.018	-4.621	-4.709	3.32088280	6
	0.017000	8.2041	4.40542793	4.4054	2.9360	3.6513	1.7032	-2.570	0.552	-0.764	-2.016	-2.711	-3.252	-4.055	-4.673	-4.764	3.32092142	6
	0.017000	8.2041	4.40797472	4.4080	2.9724	3.6445	1.6398	-2.661	0.665	-0.758	-2.052	-2.774	-3.334	-4.164	-4.802	-4.899	3.32093954	6
	0.017000	8.2041	4.40859938	4.4086	3.0139	3.6390	1.5766	-2.765	0.731	-0.780	-2.110	-2.854	-3.430	-4.282	-4.935	-5.037	3.32094407	6
	0.017000	8.2041	4.40869713	4.4087	3.0304	3.6373	1.5531	-2.806	0.746	-0.793	-2.135	-2.886	-3.468	-4.327	-4.986	-5.089	3.32094479	7
	0.017000	8.2041	4.40879297	4.4088	3.0543	3.6346	1.5184	-2.866	0.773	-0.810	-2.171	-2.933	-3.523	-4.394	-5.060	-5.166	3.32094526	7
	0.017000	8.2041	4.40894842	4.4089	3.0993	3.6301	1.4553	-2.978	0.798	-0.855	-2.243	-3.024	-3.627	-4.517	-5.197	-5.306	3.32094646	7
	0.017000	8.2041	4.40922737	4.4092	3.0814	3.6323	1.4823	-2.934	0.777	-0.843	-2.218	-2.990	-3.587	-4.467	-5.140	-5.248	3.32094836	7
	0.017000	8.2041	4.40988827	4.4099	3.0598	3.6341	1.5108	-2.879	0.777	-0.815	-2.180	-2.945	-3.536	-4.409	-5.077	-5.183	3.32095313	7
	0.017000	8.2041	4.41034126	4.4103	3.1052	3.6293	1.4464	-2.993	0.807	-0.857	-2.249	-3.034	-3.640	-4.533	-5.216	-5.326	3.32095623	7
	0.017000	8.2041	4.41070461	4.4107	3.1436	3.6256	1.3934	-3.089	0.823	-0.897	-2.310	-3.109	-3.729	-4.637	-5.330	-5.444	3.32095885	7
	0.017000	8.2041	4.41115141	4.4112	3.1816	3.6221	1.3412	-3.184	0.837	-0.938	-2.370	-3.183	-3.817	-4.739	-5.443	-5.561	3.32096219	7
	0.017000	8.2041	4.41171694	4.4117	3.2196	3.6184	1.2888	-3.279	0.854	-0.976	-2.429	-3.256	-3.904	-4.842	-5.556	-5.679	3.32096601	7
	0.017000	8.2041	4.41241884	4.4124	3.2583	3.6149	1.2361	-3.376	0.866	-1.016	-2.487	-3.328	-3.993	-4.946	-5.670	-5.797	3.32097101	7
	0.017000	8.2041	4.41322565	4.4132	3.2978	3.6114	1.1823	-3.475	0.878	-1.057	-2.549	-3.403	-4.084	-5.052	-5.786	-5.918	3.32097673	7
	0.017000	8.2041	4.41406536	4.4141	3.3384	3.6077	1.1271	-3.576	0.889	-1.098	-2.608	-3.476	-4.176	-5.161	-5.906	-6.042	3.32098269	7
	0.017000	8.2041	4.41487169	4.4149	3.3795	3.6039	1.0709	-3.679	0.900	-1.138	-2.666	-3.547	-4.270	-5.271	-6.027	-6.168	3.32098842	7
	0.017000	8.2041	4.41560698	4.4156	3.4208	3.6000	1.0143	-3.782	0.914	-1.177	-2.725	-3.619	-4.364	-5.381	-6.148	-6.294	3.32099366	7
	0.017000	8.2041	4.41626596	4.4163	3.4621	3.5964	0.9585	-3.885	0.939	-1.207	-2.778	-3.685	-4.459	-5.493	-6.266	-6.419	3.32099819	7
	0.017000	8.2041	4.41685343	4.4169	3.5034	3.5925	0.9017	-3.988	0.980	-1.228	-2.829	-3.751	-4.552	-5.606	-6.384	-6.545	3.32100248	7
	0.017000	8.2041	4.41738176	4.4174	3.5443	3.5886	0.8451	-4.091	1.023	-1.247	-2.876	-3.814	-4.645	-5.718	-6.501	-6.669	3.32100606	7
	0.017000	8.2041	4.41787148	4.4179	3.5851	3.5847	0.7889	-4.193	1.065	-1.264	-2.919	-3.872	-4.737	-5.829	-6.616	-6.793	3.32100964	7
	0.017000	8.2041	4.41832542	4.4183	3.6259	3.5808	0.7324	-4.295	1.113	-1.281	-2.964	-3.934	-4.828	-5.940	-6.731	-6.916	3.32101274	7
	0.017000	8.2041	4.41874695	4.4187	3.6666	3.5769	0.6761	-4.397	1.153	-1.293	-2.999	-3.985	-4.919	-6.050	-6.845	-7.039	3.32101583	7
	0.017000	8.2041	4.41913843	4.4191	3.7073	3.5728	0.6191	-4.498	1.199	-1.302	-3.031	-4.032	-5.009	-6.161	-6.960	-7.163	3.32101846	7
	0.017000	8.2041	4.41950369	4.4195	3.7478	3.5686	0.5619	-4.599	1.252	-1.307	-3.056	-4.074	-5.098	-6.271	-7.075	-7.287	3.32102108	7
	0.017000	8.2041	4.41984606	4.4198	3.7883	3.5643	0.5043	-4.701	1.312	-1.306	-3.069	-4.102	-5.187	-6.382	-7.190	-7.411	3.32102346	7
	0.017000	8.2041	4.42016840	4.4202	3.8284	3.5601	0.4474	-4.801	1.330	-1.319	-3.082	-4.125	-5.275	-6.492	-7.306	-7.535	3.32102585	7
	0.017000	8.2041	4.42048073	4.4205	3.8683	3.5558	0.3905	-4.901	1.344	-1.316	-3.065	-4.128	-5.355	-6.601	-7.421	-7.658	3.32102799	7
	0.017000	8.2041	4.42078447	4.4208	3.9073	3.5519	0.3360	-4.998	1.353	-1.321	-3.060	-4.140	-5.436	-6.707	-7.532	-7.776	3.32103014	7
	0.017000	8.2041	4.42108107	4.4211	3.9480	3.5479	0.2792	-5.100	1.359	-1.317	-3.043	-4.148	-5.516	-6.817	-7.648	-7.900	3.32103229	7
	0.017000	8.2041	4.42114878	4.4211	3.9584	3.5470	0.2652	-5.126	1.358	-1.317	-3.039	-4.150	-5.536	-6.845	-7.677	-7.931	3.32103276	7
	0.017000	8.2041	4.42290258	4.4229	4.1923	3.5200	-0.0766	-5.711	1.397	-0.818	-2.357	-3.854	-5.758	-7.497	-8.384	-8.675	3.32104516	8
