# File generated by CMD 2.9 (http://stev.oapd.inaf.it/cmd) on Wed Feb  1 10:05:55 CET 2017
# isochrones PARSEC release v1.2S + COLIBRI release PR16, as in Marigo et al. 2017
# Basic reference: Marigo et al. (2017), ApJ, 835, 77
# Photometric system: <i>UBVRIJHK</i> (cf. Maiz-Apellaniz 2006 + Bessell 1990)
# Kind of output: isochrone tables
# Zini Age Mini  Mass   logL    logTe  logg  label   McoreTP C_O period0 period1 pmode  Mloss  tau1m  X   Y   Xc  Xn  Xo  Cexcess  Z	mbolmag  Umag    Bmag    Vmag    Rmag    Imag    Jmag    Hmag    Kmag 
0.00010  1.00e+10  0.1000000015   0.100 -2.782  3.5584  5.406    0  0.000  0.463     0.00     0.00 -1   1.3e-16      0.00 7.000e-01 2.990e-01 1.100e-03 5.880e-04 3.170e-03 -1.000 1.000e-03	11.726	16.439	14.638	12.966	11.944	11.079	10.065	9.493	9.306
0.00010  1.00e+10  0.1098214313   0.109 -2.634  3.5738  5.357    0  0.000  0.463     0.00     0.00 -1  1.85e-16      0.00 7.000e-01 2.990e-01 1.100e-03 5.880e-04 3.170e-03 -1.000 1.000e-03	11.354	15.572	14.010	12.458	11.488	10.695	9.729	9.163	8.975
0.00010  1.00e+10  0.1294642836   0.129 -2.393  3.5963  5.279    0  0.000  0.463     0.00     0.00 -1  3.25e-16      0.00 7.000e-01 2.990e-01 1.100e-03 5.880e-04 3.170e-03 -1.000 1.000e-03	10.752	13.851	12.904	11.587	10.744	10.048	9.163	8.621	8.468
0.00010  1.00e+10  0.1491071582   0.149 -2.231  3.6076  5.224    0  0.000  0.463     0.00     0.00 -1  4.68e-16      0.00 7.000e-01 2.990e-01 1.100e-03 5.880e-04 3.170e-03 -1.000 1.000e-03	10.348	13.142	12.335	11.095	10.305	9.639	8.793	8.251	8.095
0.00010  1.00e+10  0.1687500030   0.168 -2.106  3.6150  5.181    0  0.000  0.463     0.00     0.00 -1  6.18e-16      0.00 7.000e-01 2.990e-01 1.100e-03 5.880e-04 3.170e-03 -1.000 1.000e-03	10.034	12.678	11.932	10.733	9.973	9.324	8.501	7.960	7.799
0.00010  1.00e+10  0.2080357224   0.207 -1.902  3.6260  5.112    0  0.000  0.463     0.00     0.00 -1  9.63e-16      0.00 7.000e-01 2.990e-01 1.100e-03 5.880e-04 3.170e-03 -1.000 9.999e-04	9.524	11.948	11.292	10.151	9.435	8.812	8.022	7.486	7.321
0.00010  1.00e+10  0.2571428716   0.257 -1.712  3.6360  5.055    0  0.000  0.463     0.00     0.00 -1  1.43e-15      0.00 7.000e-01 2.990e-01 1.100e-03 5.880e-04 3.170e-03 -1.000 1.000e-03	9.049	11.287	10.710	9.615	8.934	8.334	7.575	7.053	6.893
0.00010  1.00e+10  0.3062500358   0.306 -1.565  3.6444  5.018    0  0.000  0.463     0.00     0.00 -1  1.92e-15      0.00 7.000e-01 2.990e-01 1.100e-03 5.880e-04 3.170e-03 -1.000 1.000e-03	8.682	10.767	10.255	9.198	8.545	7.964	7.232	6.722	6.567
0.00010  1.00e+10  0.3553571403   0.355 -1.442  3.6522  4.991    0  0.000  0.463     0.00     0.00 -1  2.44e-15      0.00 7.000e-01 2.990e-01 1.100e-03 5.880e-04 3.170e-03 -1.000 9.999e-04	8.375	10.317	9.867	8.845	8.218	7.655	6.947	6.448	6.298
0.00010  1.00e+10  0.4044643044   0.404 -1.324  3.6604  4.962    0  0.000  0.463     0.00     0.00 -1   3.1e-15      0.00 7.000e-01 2.990e-01 1.100e-03 5.880e-04 3.170e-03 -1.000 1.000e-03	8.079	9.873	9.492	8.508	7.907	7.361	6.677	6.189	6.047
0.00010  1.00e+10  0.4535714388   0.453 -1.180  3.6734  4.920    0  0.000  0.463     0.00     0.00 -1  4.27e-15      0.00 7.000e-01 2.990e-01 1.100e-03 5.880e-04 3.170e-03 -1.000 1.000e-03	7.721	9.286	9.015	8.092	7.528	7.009	6.361	5.890	5.761
0.00010  1.00e+10  0.5026785731   0.503 -1.021  3.6875  4.863    0  0.000  0.463     0.00     0.00 -1  6.26e-15      0.00 7.000e-01 2.990e-01 1.100e-03 5.880e-04 3.170e-03 -1.000 1.000e-03	7.323	8.649	8.494	7.639	7.113	6.623	6.013	5.560	5.446
0.00010  1.00e+10  0.5517857671   0.551 -0.830  3.7060  4.786    0  0.000  0.463     0.00     0.00 -1  1.01e-14      0.00 7.000e-01 2.990e-01 1.100e-03 5.880e-04 3.170e-03 -1.000 1.000e-03	6.846	7.892	7.873	7.107	6.625	6.172	5.607	5.177	5.081
0.00010  1.00e+10  0.5857202411   0.585 -0.694  3.7222  4.740    0  0.000  0.463     0.00     0.00 -1  1.41e-14      0.00 7.000e-01 2.990e-01 1.100e-03 5.880e-04 3.170e-03 -1.000 1.000e-03	6.505	7.335	7.419	6.729	6.284	5.860	5.334	4.925	4.843
0.00010  1.00e+10  0.6008928418   0.601 -0.635  3.7292  4.721    0  0.000  0.463     0.00     0.00 -1  1.63e-14      0.00 7.000e-01 2.990e-01 1.100e-03 5.880e-04 3.170e-03 -1.000 1.000e-03	6.359	7.107	7.228	6.571	6.140	5.728	5.218	4.817	4.742
0.00010  1.00e+10  0.6122335196   0.612 -0.588  3.7354  4.707    0  0.000  0.463     0.00     0.00 -1  1.84e-14      0.00 7.000e-01 2.990e-01 1.100e-03 5.880e-04 3.170e-03 -1.000 1.000e-03	6.240	6.919	7.073	6.443	6.026	5.624	5.128	4.734	4.665
0.00010  1.00e+10  0.6268575788   0.627 -0.527  3.7435  4.688    0  0.000  0.463     0.00     0.00 -1  2.13e-14      0.00 7.000e-01 2.990e-01 1.100e-03 5.880e-04 3.170e-03 -1.000 1.000e-03	6.088	6.689	6.877	6.281	5.880	5.492	5.012	4.629	4.567
0.00010  1.00e+10  0.6399217844   0.640 -0.472  3.7507  4.671    0  0.000  0.463     0.00     0.00 -1  2.44e-14      0.00 7.000e-01 2.990e-01 1.100e-03 5.880e-04 3.170e-03 -1.000 1.000e-03	5.950	6.487	6.704	6.136	5.749	5.373	4.909	4.535	4.478
0.00010  1.00e+10  0.6499999762   0.650 -0.430  3.7563  4.658    0  0.000  0.463     0.00     0.00 -1  2.71e-14      0.00 7.000e-01 2.990e-01 1.100e-03 5.880e-04 3.170e-03 -1.000 9.999e-04	5.844	6.337	6.572	6.025	5.648	5.281	4.829	4.462	4.410
0.00010  1.00e+10  0.6578151584   0.658 -0.396  3.7604  4.646    0  0.000  0.463     0.00     0.00 -1  2.95e-14      0.00 7.000e-01 2.990e-01 1.100e-03 5.880e-04 3.170e-03 -1.000 1.000e-03	5.760	6.223	6.470	5.938	5.569	5.208	4.766	4.404	4.356
0.00010  1.00e+10  0.6703730226   0.670 -0.342  3.7670  4.626    0  0.000  0.463     0.00     0.00 -1  3.39e-14      0.00 7.000e-01 2.990e-01 1.100e-03 5.880e-04 3.170e-03 -1.000 9.999e-04	5.625	6.042	6.306	5.798	5.441	5.090	4.662	4.310	4.266
0.00010  1.00e+10  0.6827354431   0.683 -0.288  3.7734  4.606    0  0.000  0.463     0.00     0.00 -1  3.89e-14      0.00 7.000e-01 2.990e-01 1.100e-03 5.880e-04 3.170e-03 -1.000 1.000e-03	5.490	5.870	6.146	5.658	5.313	4.972	4.558	4.215	4.176
0.00010  1.00e+10  0.6937190890   0.694 -0.239  3.7789  4.586    0  0.000  0.463     0.00     0.00 -1  4.42e-14      0.00 7.000e-01 2.990e-01 1.100e-03 5.880e-04 3.170e-03 -1.000 1.000e-03	5.368	5.716	6.002	5.533	5.197	4.865	4.463	4.128	4.094
0.00010  1.00e+10  0.6999999881   0.700 -0.211  3.7820  4.574    0  0.000  0.463     0.00     0.00 -1  4.75e-14      0.00 7.000e-01 2.990e-01 1.100e-03 5.880e-04 3.170e-03 -1.000 1.000e-03	5.298	5.631	5.921	5.461	5.130	4.804	4.408	4.078	4.046
0.00010  1.00e+10  0.7001399398   0.700 -0.210  3.7821  4.574    0  0.000  0.463     0.00     0.00 -1  4.76e-14      0.00 7.000e-01 2.990e-01 1.100e-03 5.880e-04 3.170e-03 -1.000 1.000e-03	5.296	5.629	5.919	5.459	5.128	4.802	4.406	4.077	4.045
0.00010  1.00e+10  0.7127579451   0.713 -0.152  3.7880  4.547    0  0.000  0.463     0.00     0.00 -1  5.57e-14      0.00 7.000e-01 2.990e-01 1.100e-03 5.880e-04 3.170e-03 -1.000 1.000e-03	5.151	5.460	5.753	5.310	4.989	4.672	4.290	3.970	3.941
0.00010  1.00e+10  0.7249027491   0.725 -0.094  3.7935  4.518    0  0.000  0.463     0.00     0.00 -1  6.52e-14      0.00 7.000e-01 2.990e-01 1.100e-03 5.880e-04 3.170e-03 -1.000 1.000e-03	5.006	5.293	5.588	5.161	4.850	4.542	4.172	3.862	3.836
0.00010  1.00e+10  0.7357030511   0.736 -0.040  3.7983  4.490    0  0.000  0.463     0.00     0.00 -1  7.56e-14      0.00 7.000e-01 2.990e-01 1.100e-03 5.880e-04 3.170e-03 -1.000 1.000e-03	4.871	5.145	5.437	5.023	4.721	4.420	4.061	3.760	3.737
0.00010  1.00e+10  0.7458790541   0.746  0.013  3.8028  4.461    0  0.000  0.463     0.00     0.00 -1  8.77e-14      0.00 7.000e-01 2.990e-01 1.100e-03 5.880e-04 3.170e-03 -1.000 1.000e-03	4.739	5.002	5.289	4.887	4.592	4.299	3.950	3.658	3.636
0.00010  1.00e+10  0.7500000000   0.750  0.035  3.8045  4.448    0  0.000  0.463     0.00     0.00 -1  9.35e-14      0.00 7.000e-01 2.990e-01 1.100e-03 5.880e-04 3.170e-03 -1.000 1.000e-03	4.683	4.942	5.227	4.829	4.538	4.248	3.903	3.614	3.594
0.00010  1.00e+10  0.7573733330   0.757  0.075  3.8079  4.425    0  0.000  0.463     0.00     0.00 -1  1.05e-13      0.00 7.000e-01 2.990e-01 1.100e-03 5.880e-04 3.170e-03 -1.000 1.000e-03	4.581	4.832	5.113	4.725	4.439	4.155	3.818	3.536	3.517
0.00010  1.00e+10  0.7659595013   0.766  0.125  3.8119  4.396    0  0.000  0.463     0.00     0.00 -1  1.21e-13      0.00 7.000e-01 2.990e-01 1.100e-03 5.880e-04 3.170e-03 -1.000 1.000e-03	4.456	4.700	4.974	4.595	4.317	4.039	3.712	3.439	3.421
0.00010  1.00e+10  0.7741831541   0.774  0.177  3.8157  4.365    0  0.000  0.463     0.00     0.00 -1   1.4e-13      0.00 7.000e-01 2.990e-01 1.100e-03 5.880e-04 3.170e-03 -1.000 1.000e-03	4.328	4.567	4.831	4.463	4.191	3.921	3.602	3.337	3.320
0.00010  1.00e+10  0.7818734646   0.781  0.228  3.8193  4.332    0  0.000  0.463     0.00     0.00 -1  1.63e-13      0.00 7.000e-01 2.990e-01 1.100e-03 5.880e-04 3.170e-03 -1.000 1.000e-03	4.200	4.433	4.689	4.330	4.065	3.800	3.490	3.233	3.217
0.00010  1.00e+10  0.7911351323   0.790  0.296  3.8234  4.286    0  0.000  0.463     0.00     0.00 -1     2e-13      0.00 7.000e-01 2.990e-01 1.100e-03 5.880e-04 3.170e-03 -1.000 1.000e-03	4.031	4.259	4.503	4.155	3.898	3.641	3.341	3.093	3.078
0.00010  1.00e+10  0.7996870279   0.799  0.365  3.8270  4.235    0  0.000  0.463     0.00     0.00 -1  2.46e-13      0.00 7.000e-01 2.990e-01 1.100e-03 5.880e-04 3.170e-03 -1.000 1.000e-03	3.857	4.083	4.314	3.975	3.726	3.475	3.184	2.944	2.930
0.00010  1.00e+10  0.8000000119   0.799  0.368  3.8271  4.233    0  0.000  0.463     0.00     0.00 -1  2.48e-13      0.00 7.000e-01 2.990e-01 1.100e-03 5.880e-04 3.170e-03 -1.000 1.000e-03	3.850	4.077	4.307	3.969	3.719	3.469	3.178	2.939	2.924
0.00010  1.00e+10  0.8012468815   0.800  0.378  3.8276  4.226    0  0.000  0.463     0.00     0.00 -1  2.56e-13      0.00 7.000e-01 2.990e-01 1.100e-03 5.880e-04 3.170e-03 -1.000 1.000e-03	3.825	4.051	4.279	3.942	3.694	3.445	3.155	2.917	2.903
0.00010  1.00e+10  0.8072426915   0.806  0.431  3.8299  4.185    0  0.000  0.463     0.00     0.00 -1  3.03e-13      0.00 7.000e-01 2.990e-01 1.100e-03 5.880e-04 3.170e-03 -1.000 1.000e-03	3.693	3.919	4.136	3.806	3.563	3.318	3.034	2.801	2.787
0.00010  1.00e+10  0.8138886094   0.813  0.494  3.8316  4.132    0  0.000  0.463     0.00     0.00 -1   3.7e-13      0.00 7.000e-01 2.990e-01 1.100e-03 5.880e-04 3.170e-03 -1.000 1.000e-03	3.535	3.762	3.969	3.644	3.405	3.163	2.883	2.656	2.642
0.00010  1.00e+10  0.8152154088   0.814  0.508  3.8316  4.119    0  0.000  0.463     0.00     0.00 -1  3.89e-13      0.00 7.000e-01 2.990e-01 1.100e-03 5.880e-04 3.170e-03 -1.000 1.000e-03	3.501	3.728	3.933	3.609	3.370	3.129	2.849	2.622	2.608
0.00010  1.00e+10  0.8159552813   0.815  0.516  3.8316  4.111    0  0.000  0.463     0.00     0.00 -1  4.01e-13      0.00 7.000e-01 2.990e-01 1.100e-03 5.880e-04 3.170e-03 -1.000 1.000e-03	3.480	3.708	3.912	3.588	3.349	3.108	2.828	2.601	2.587
0.00010  1.00e+10  0.8201174140   0.819  0.565  3.8304  4.060    0  0.000  0.463     0.00     0.00 -1  4.72e-13      0.00 7.000e-01 2.990e-01 1.100e-03 5.880e-04 3.170e-03 -1.000 1.000e-03	3.358	3.591	3.789	3.464	3.224	2.982	2.700	2.471	2.457
0.00010  1.00e+10  0.8240900040   0.823  0.619  3.8266  3.993    0  0.000  0.463     0.00     0.00 -1  5.76e-13      0.00 7.000e-01 2.990e-01 1.100e-03 5.880e-04 3.170e-03 -1.000 1.000e-03	3.222	3.464	3.661	3.330	3.084	2.836	2.545	2.309	2.294
0.00010  1.00e+10  0.8247934580   0.823  0.630  3.8256  3.979    0  0.000  0.463     0.00     0.00 -1  6.02e-13      0.00 7.000e-01 2.990e-01 1.100e-03 5.880e-04 3.170e-03 -1.000 1.000e-03	3.196	3.440	3.637	3.304	3.056	2.807	2.514	2.276	2.260
0.00010  1.00e+10  0.8254300952   0.824  0.640  3.8242  3.962    0  0.000  0.463     0.00     0.00 -1  6.28e-13      0.00 7.000e-01 2.990e-01 1.100e-03 5.880e-04 3.170e-03 -1.000 1.000e-03	3.169	3.416	3.614	3.278	3.028	2.776	2.479	2.239	2.223
0.00010  1.00e+10  0.8275688291   0.826  0.679  3.8179  3.900    0  0.000  0.463     0.00     0.00 -1  7.34e-13      0.00 7.000e-01 2.990e-01 1.100e-03 5.880e-04 3.170e-03 -1.000 1.000e-03	3.073	3.334	3.536	3.186	2.926	2.664	2.352	2.099	2.081
0.00010  1.00e+10  0.8291981816   0.828  0.712  3.8102  3.836    0  0.000  0.463     0.00     0.00 -1  8.53e-13      0.00 7.000e-01 2.990e-01 1.100e-03 5.880e-04 3.170e-03 -1.000 1.000e-03	2.989	3.268	3.475	3.108	2.835	2.560	2.230	1.961	1.941
0.00010  1.00e+10  0.8304694295   0.829  0.743  3.8011  3.770    0  0.000  0.463     0.00     0.00 -1  9.87e-13      0.00 7.000e-01 2.990e-01 1.100e-03 5.880e-04 3.170e-03 -1.000 1.000e-03	2.913	3.216	3.428	3.040	2.751	2.462	2.110	1.822	1.799
0.00010  1.00e+10  0.8314917684   0.830  0.771  3.7910  3.702    0  0.000  0.463     0.00     0.00 -1  1.14e-12      0.00 7.000e-01 2.990e-01 1.100e-03 5.880e-04 3.170e-03 -1.000 9.999e-04	2.842	3.177	3.393	2.979	2.673	2.368	1.991	1.681	1.656
0.00010  1.00e+10  0.8323430419   0.831  0.797  3.7806  3.635    0  0.000  0.463     0.00     0.00 -1  1.31e-12      0.00 7.000e-01 2.990e-01 1.100e-03 5.880e-04 3.170e-03 -1.000 1.000e-03	2.777	3.149	3.366	2.925	2.602	2.280	1.877	1.545	1.515
0.00010  1.00e+10  0.8330845237   0.831  0.822  3.7708  3.571    0  0.000  0.463     0.00     0.00 -1  1.49e-12      0.00 7.000e-01 2.990e-01 1.100e-03 5.880e-04 3.170e-03 -1.000 1.000e-03	2.714	3.132	3.342	2.874	2.533	2.195	1.768	1.415	1.381
0.00010  1.00e+10  0.8337684870   0.832  0.849  3.7620  3.509    0  0.000  0.463     0.00     0.00 -1   1.7e-12      0.00 7.000e-01 2.990e-01 1.100e-03 5.880e-04 3.170e-03 -1.000 1.000e-03	2.648	3.111	3.313	2.819	2.462	2.110	1.661	1.289	1.251
0.00010  1.00e+10  0.8344549537   0.833  0.884  3.7541  3.443    0  0.000  0.463     0.00     0.00 -1  1.98e-12      0.00 7.000e-01 2.990e-01 1.100e-03 5.880e-04 3.170e-03 -1.000 1.000e-03	2.561	3.071	3.260	2.742	2.371	2.006	1.538	1.150	1.108
0.00010  1.00e+10  0.8349917531   0.833  0.920  3.7491  3.387    0  0.000  0.463     0.00     0.00 -1   2.3e-12      0.00 7.000e-01 2.990e-01 1.100e-03 5.880e-04 3.170e-03 -1.000 1.000e-03	2.471	3.016	3.194	2.659	2.279	1.906	1.424	1.026	0.981
0.00010  1.00e+10  0.8355230093   0.834  0.963  3.7450  3.328    0  0.000  0.463     0.00     0.00 -1  2.72e-12      0.00 7.000e-01 2.990e-01 1.100e-03 5.880e-04 3.170e-03 -1.000 1.000e-03	2.362	2.938	3.104	2.556	2.169	1.789	1.297	0.890	0.843
0.00010  1.00e+10  0.8356020451   0.834  0.971  3.7445  3.318    0  0.000  0.463     0.00     0.00 -1  2.81e-12      0.00 7.000e-01 2.990e-01 1.100e-03 5.880e-04 3.170e-03 -1.000 1.000e-03	2.344	2.923	3.088	2.538	2.151	1.769	1.276	0.869	0.821
0.00010  1.00e+10  0.8360363841   0.834  1.012  3.7421  3.267    0  0.000  0.463     0.00     0.00 -1  3.26e-12      0.00 7.000e-01 2.990e-01 1.100e-03 5.880e-04 3.170e-03 -1.000 1.000e-03	2.239	2.836	2.993	2.437	2.045	1.660	1.160	0.748	0.699
0.00010  1.00e+10  0.8365163803   0.834  1.062  3.7397  3.208    0  0.000  0.463     0.00     0.00 -1   3.9e-12      0.00 7.000e-01 2.990e-01 1.100e-03 5.880e-04 3.170e-03 -1.000 1.000e-03	2.115	2.731	2.881	2.316	1.921	1.531	1.025	0.607	0.558
0.00010  1.00e+10  0.8369216323   0.835  1.106  3.7379  3.157    0  0.000  0.463     0.00     0.00 -1   4.6e-12      0.00 7.000e-01 2.990e-01 1.100e-03 5.880e-04 3.170e-03 -1.000 1.000e-03	2.004	2.634	2.778	2.208	1.809	1.417	0.906	0.484	0.434
0.00010  1.00e+10  0.8373119235   0.835  1.152  3.7363  3.105    0  0.000  0.463     0.00     0.00 -1  5.41e-12      0.00 7.000e-01 2.990e-01 1.100e-03 5.880e-04 3.170e-03 -1.000 1.000e-03	1.891	2.536	2.673	2.097	1.695	1.301	0.785	0.359	0.309
0.00010  1.00e+10  0.8376753330   0.835  1.196  3.7347  3.054    0  0.000  0.463     0.00     0.00 -1  6.36e-12      0.00 7.000e-01 2.990e-01 1.100e-03 5.880e-04 3.170e-03 -1.000 1.000e-03	1.779	2.440	2.569	1.988	1.583	1.186	0.666	0.237	0.185
0.00010  1.00e+10  0.8380178213   0.836  1.242  3.7332  3.003    0  0.000  0.463     0.00     0.00 -1  7.48e-12      0.00 7.000e-01 2.990e-01 1.100e-03 5.880e-04 3.170e-03 -1.000 1.000e-03	1.666	2.341	2.463	1.878	1.470	1.070	0.547	0.114	0.062
0.00010  1.00e+10  0.8383605480   0.836  1.290  3.7317  2.949    0  0.000  0.463     0.00     0.00 -1   8.9e-12      0.00 7.000e-01 2.990e-01 1.100e-03 5.880e-04 3.170e-03 -1.000 1.000e-03	1.545	2.235	2.349	1.758	1.348	0.946	0.418	-0.018	-0.071
0.00010  1.00e+10  0.8386567831   0.836  1.335  3.7302  2.897    0  0.000  0.463     0.00     0.00 -1  1.05e-11      0.00 7.000e-01 2.990e-01 1.100e-03 5.880e-04 3.170e-03 -1.000 1.000e-03	1.431	2.138	2.244	1.647	1.234	0.830	0.298	-0.142	-0.195
0.00010  1.00e+10  0.8389481306   0.836  1.384  3.7287  2.843    0  0.000  0.463     0.00     0.00 -1  1.25e-11      0.00 7.000e-01 2.990e-01 1.100e-03 5.880e-04 3.170e-03 -1.000 1.000e-03	1.311	2.034	2.131	1.529	1.113	0.706	0.170	-0.273	-0.327
0.00010  1.00e+10  0.8392127156   0.836  1.431  3.7272  2.790    0  0.000  0.463     0.00     0.00 -1  1.48e-11      0.00 7.000e-01 2.990e-01 1.100e-03 5.880e-04 3.170e-03 -1.000 1.000e-03	1.192	1.930	2.020	1.413	0.994	0.585	0.045	-0.401	-0.456
0.00010  1.00e+10  0.8394520283   0.836  1.478  3.7257  2.738    0  0.000  0.463     0.00     0.00 -1  1.75e-11      0.00 7.000e-01 2.990e-01 1.100e-03 5.880e-04 3.170e-03 -1.000 1.000e-03	1.076	1.830	1.911	1.299	0.877	0.465	-0.079	-0.528	-0.583
0.00010  1.00e+10  0.8396702409   0.836  1.524  3.7241  2.685    0  0.000  0.463     0.00     0.00 -1  2.07e-11      0.00 7.000e-01 2.990e-01 1.100e-03 5.880e-04 3.170e-03 -1.000 1.000e-03	0.961	1.730	1.804	1.186	0.762	0.347	-0.201	-0.654	-0.710
0.00010  1.00e+10  0.8398764133   0.836  1.571  3.7226  2.632    0  0.000  0.463     0.00     0.00 -1  2.45e-11      0.00 7.000e-01 2.990e-01 1.100e-03 5.880e-04 3.170e-03 -1.000 1.000e-03	0.841	1.630	1.695	1.070	0.643	0.225	-0.327	-0.784	-0.840
0.00010  1.00e+10  0.8400606513   0.836  1.618  3.7211  2.579    0  0.000  0.463     0.00     0.00 -1   2.9e-11      0.00 7.000e-01 2.990e-01 1.100e-03 5.880e-04 3.170e-03 -1.000 1.000e-03	0.726	1.534	1.589	0.957	0.527	0.107	-0.450	-0.910	-0.968
0.00010  1.00e+10  0.8402258158   0.836  1.663  3.7195  2.527    0  0.000  0.463     0.00     0.00 -1  3.41e-11      0.00 7.000e-01 2.990e-01 1.100e-03 5.880e-04 3.170e-03 -1.000 1.000e-03	0.613	1.442	1.486	0.848	0.414	-0.009	-0.570	-1.034	-1.092
0.00010  1.00e+10  0.8403806090   0.836  1.709  3.7180  2.475    0  0.000  0.463     0.00     0.00 -1  4.03e-11      0.00 7.000e-01 2.990e-01 1.100e-03 5.880e-04 3.170e-03 -1.000 1.000e-03	0.497	1.346	1.381	0.735	0.299	-0.127	-0.693	-1.161	-1.219
0.00010  1.00e+10  0.8405181170   0.836  1.754  3.7164  2.424    0  0.000  0.463     0.00     0.00 -1  4.74e-11      0.00 7.000e-01 2.990e-01 1.100e-03 5.880e-04 3.170e-03 -1.000 1.000e-03	0.385	1.256	1.280	0.627	0.187	-0.242	-0.812	-1.283	-1.342
0.00010  1.00e+10  0.8406464458   0.836  1.799  3.7147  2.372    0  0.000  0.463     0.00     0.00 -1  5.59e-11      0.00 7.000e-01 2.990e-01 1.100e-03 5.880e-04 3.170e-03 -1.000 1.000e-03	0.272	1.166	1.178	0.517	0.073	-0.359	-0.933	-1.408	-1.468
0.00010  1.00e+10  0.8407658339   0.836  1.845  3.7131  2.319    0  0.000  0.463     0.00     0.00 -1   6.6e-11      0.00 7.000e-01 2.990e-01 1.100e-03 5.880e-04 3.170e-03 -1.000 1.000e-03	0.157	1.074	1.075	0.406	-0.042	-0.477	-1.056	-1.534	-1.595
0.00010  1.00e+10  0.8408753276   0.836  1.891  3.7115  2.267    0  0.000  0.463     0.00     0.00 -1  7.79e-11      0.00 7.000e-01 2.990e-01 1.100e-03 5.880e-04 3.170e-03 -1.000 1.000e-03	0.043	0.982	0.972	0.295	-0.156	-0.594	-1.177	-1.659	-1.721
0.00010  1.00e+10  0.8409748673   0.835  1.936  3.7097  2.215    0  0.000  0.463     0.00     0.00 -1  9.17e-11      0.00 7.000e-01 2.990e-01 1.100e-03 5.880e-04 3.170e-03 -1.000 1.000e-03	-0.070	0.894	0.872	0.187	-0.268	-0.709	-1.298	-1.784	-1.846
0.00010  1.00e+10  0.8410680294   0.835  1.982  3.7080  2.162    0  0.000  0.463     0.00     0.00 -1  1.08e-10      0.00 7.000e-01 2.990e-01 1.100e-03 5.880e-04 3.170e-03 -1.000 1.000e-03	-0.184	0.807	0.772	0.077	-0.382	-0.826	-1.419	-1.910	-1.972
0.00010  1.00e+10  0.8411529660   0.835  2.027  3.7064  2.110    0  0.000  0.463     0.00     0.00 -1  1.28e-10      0.00 7.000e-01 2.990e-01 1.100e-03 5.880e-04 3.170e-03 -1.000 1.000e-03	-0.298	0.720	0.672	-0.032	-0.495	-0.942	-1.540	-2.035	-2.098
0.00010  1.00e+10  0.8412283063   0.834  2.071  3.7046  2.059    0  0.000  0.463     0.00     0.00 -1   1.5e-10      0.00 7.000e-01 2.990e-01 1.100e-03 5.880e-04 3.170e-03 -1.000 1.000e-03	-0.407	0.639	0.577	-0.136	-0.603	-1.055	-1.658	-2.156	-2.221
0.00010  1.00e+10  0.8412977457   0.834  2.115  3.7030  2.008    0  0.000  0.463     0.00     0.00 -1  1.76e-10      0.00 7.000e-01 2.990e-01 1.100e-03 5.880e-04 3.170e-03 -1.000 1.000e-03	-0.517	0.555	0.481	-0.241	-0.712	-1.167	-1.775	-2.278	-2.343
0.00010  1.00e+10  0.8413628936   0.834  2.160  3.7012  1.956    0  0.000  0.463     0.00     0.00 -1  2.07e-10      0.00 7.000e-01 2.990e-01 1.100e-03 5.880e-04 3.170e-03 -1.000 1.000e-03	-0.629	0.473	0.384	-0.348	-0.824	-1.282	-1.896	-2.402	-2.468
0.00010  1.00e+10  0.8414213657   0.833  2.203  3.6994  1.905    0  0.000  0.463     0.00     0.00 -1  2.43e-10      0.00 7.000e-01 2.990e-01 1.100e-03 5.880e-04 3.170e-03 -1.000 1.000e-03	-0.738	0.396	0.293	-0.451	-0.932	-1.394	-2.012	-2.523	-2.590
0.00010  1.00e+10  0.8414800167   0.832  2.249  3.6977  1.852    0  0.000  0.463     0.00     0.00 -1  2.87e-10      0.00 7.000e-01 2.990e-01 1.100e-03 5.880e-04 3.170e-03 -1.000 1.000e-03	-0.851	0.314	0.195	-0.560	-1.045	-1.511	-2.134	-2.649	-2.717
0.00010  1.00e+10  0.8415415883   0.832  2.292  3.6959  1.802    0  0.000  0.463     0.00     0.00 -1  3.36e-10      0.00 7.000e-01 2.990e-01 1.100e-03 5.880e-04 3.170e-03 -1.000 1.000e-03	-0.960	0.237	0.103	-0.663	-1.153	-1.623	-2.251	-2.770	-2.838
0.00010  1.00e+10  0.8415737748   0.831  2.303  3.6955  1.788    0  0.000  0.463     0.00     0.00 -1  3.53e-10      0.00 7.000e-01 2.990e-01 1.100e-03 5.880e-04 3.170e-03 -1.000 1.000e-03	-0.988	0.218	0.079	-0.689	-1.181	-1.651	-2.281	-2.801	-2.870
0.00010  1.00e+10  0.8416072130   0.831  2.293  3.6962  1.801    0  0.000  0.463     0.00     0.00 -1  3.42e-10      0.00 7.000e-01 2.990e-01 1.100e-03 5.880e-04 3.170e-03 -1.000 1.000e-03	-0.962	0.231	0.098	-0.666	-1.155	-1.624	-2.252	-2.770	-2.838
0.00010  1.00e+10  0.8416141272   0.831  2.300  3.6959  1.793    0  0.000  0.463     0.00     0.00 -1  3.49e-10      0.00 7.000e-01 2.990e-01 1.100e-03 5.880e-04 3.170e-03 -1.000 1.000e-03	-0.979	0.219	0.084	-0.682	-1.172	-1.642	-2.270	-2.789	-2.858
0.00010  1.00e+10  0.8416521549   0.830  2.339  3.6942  1.747    0  0.000  0.463     0.00     0.00 -1     4e-10      0.00 7.000e-01 2.990e-01 1.100e-03 5.880e-04 3.170e-03 -1.000 1.000e-03	-1.078	0.158	0.004	-0.774	-1.270	-1.743	-2.377	-2.900	-2.969
0.00010  1.00e+10  0.8416905999   0.830  2.382  3.6925  1.697    0  0.000  0.463     0.00     0.00 -1  4.66e-10      0.00 7.000e-01 2.990e-01 1.100e-03 5.880e-04 3.170e-03 -1.000 1.000e-03	-1.184	0.090	-0.083	-0.874	-1.374	-1.851	-2.490	-3.017	-3.087
0.00010  1.00e+10  0.8417232037   0.829  2.420  3.6909  1.652    0  0.000  0.463     0.00     0.00 -1  5.36e-10      0.00 7.000e-01 2.990e-01 1.100e-03 5.880e-04 3.170e-03 -1.000 1.000e-03	-1.279	0.032	-0.159	-0.962	-1.467	-1.948	-2.592	-3.123	-3.194
0.00010  1.00e+10  0.8417553306   0.828  2.460  3.6891  1.605    0  0.000  0.463     0.00     0.00 -1  6.21e-10      0.00 7.000e-01 2.990e-01 1.100e-03 5.880e-04 3.170e-03 -1.000 1.000e-03	-1.379	-0.028	-0.238	-1.055	-1.566	-2.051	-2.700	-3.235	-3.307
0.00010  1.00e+10  0.8417853117   0.827  2.499  3.6874  1.558    0  0.000  0.463     0.00     0.00 -1  7.19e-10      0.00 7.000e-01 2.990e-01 1.100e-03 5.880e-04 3.170e-03 -1.000 1.000e-03	-1.478	-0.088	-0.318	-1.147	-1.664	-2.153	-2.807	-3.346	-3.419
0.00010  1.00e+10  0.8418115377   0.827  2.537  3.6857  1.514    0  0.000  0.463     0.00     0.00 -1  8.25e-10      0.00 7.000e-01 2.990e-01 1.100e-03 5.880e-04 3.170e-03 -1.000 1.000e-03	-1.571	-0.143	-0.391	-1.233	-1.755	-2.248	-2.908	-3.451	-3.524
0.00010  1.00e+10  0.8418375254   0.826  2.576  3.6840  1.467    0  0.000  0.463     0.00     0.00 -1  9.54e-10      0.00 7.000e-01 2.990e-01 1.100e-03 5.880e-04 3.170e-03 -1.000 1.000e-03	-1.670	-0.198	-0.467	-1.324	-1.851	-2.349	-3.014	-3.561	-3.635
0.00010  1.00e+10  0.8418605328   0.825  2.613  3.6823  1.423    0  0.000  0.463     0.00     0.00 -1  1.09e-09      0.00 7.000e-01 2.990e-01 1.100e-03 5.880e-04 3.170e-03 -1.000 1.000e-03	-1.762	-0.249	-0.538	-1.409	-1.942	-2.444	-3.114	-3.665	-3.740
0.00010  1.00e+10  0.8418820500   0.824  2.650  3.6806  1.379    0  0.000  0.463     0.00     0.00 -1  1.25e-09      0.00 7.000e-01 2.990e-01 1.100e-03 5.880e-04 3.170e-03 -1.000 1.000e-03	-1.854	-0.290	-0.604	-1.492	-2.032	-2.538	-3.213	-3.768	-3.844
0.00010  1.00e+10  0.8419025540   0.823  2.687  3.6789  1.334    0  0.000  0.463     0.00     0.00 -1  1.44e-09      0.00 7.000e-01 2.990e-01 1.100e-03 5.880e-04 3.170e-03 -1.000 1.000e-03	-1.948	-0.330	-0.671	-1.576	-2.122	-2.633	-3.314	-3.873	-3.950
0.00010  1.00e+10  0.8419246078   0.821  2.730  3.6771  1.283    0  0.000  0.463     0.00     0.00 -1  1.68e-09      0.00 7.000e-01 2.990e-01 1.100e-03 5.880e-04 3.170e-03 -1.000 1.000e-03	-2.055	-0.378	-0.749	-1.673	-2.227	-2.742	-3.430	-3.993	-4.070
0.00010  1.00e+10  0.8419423103   0.820  2.767  3.6752  1.238    0  0.000  0.463     0.00     0.00 -1  1.93e-09      0.00 7.000e-01 2.990e-01 1.100e-03 5.880e-04 3.170e-03 -1.000 1.000e-03	-2.147	-0.410	-0.811	-1.754	-2.316	-2.836	-3.530	-4.098	-4.176
0.00010  1.00e+10  0.8419606090   0.818  2.808  3.6732  1.188    0  0.000  0.463     0.00     0.00 -1  2.25e-09      0.00 7.000e-01 2.990e-01 1.100e-03 5.880e-04 3.170e-03 -1.000 1.000e-03	-2.250	-0.448	-0.881	-1.845	-2.415	-2.941	-3.641	-4.213	-4.292
0.00010  1.00e+10  0.8419757485   0.817  2.844  3.6715  1.145    0  0.000  0.463     0.00     0.00 -1  2.57e-09      0.00 7.000e-01 2.990e-01 1.100e-03 5.880e-04 3.170e-03 -1.000 1.000e-03	-2.339	-0.480	-0.941	-1.924	-2.501	-3.032	-3.738	-4.315	-4.395
0.00010  1.00e+10  0.8419911265   0.815  2.882  3.6695  1.097    0  0.000  0.463     0.00     0.00 -1  2.98e-09      0.00 7.000e-01 2.990e-01 1.100e-03 5.880e-04 3.170e-03 -1.000 1.000e-03	-2.436	-0.510	-1.003	-2.009	-2.595	-3.131	-3.844	-4.426	-4.506
0.00010  1.00e+10  0.8420038819   0.814  2.917  3.6679  1.055    0  0.000  0.463     0.00     0.00 -1  3.38e-09      0.00 7.000e-01 2.990e-01 1.100e-03 5.880e-04 3.170e-03 -1.000 1.000e-03	-2.522	-0.538	-1.060	-2.084	-2.677	-3.218	-3.937	-4.522	-4.603
0.00010  1.00e+10  0.8420172930   0.812  2.955  3.6660  1.008    0  0.000  0.463     0.00     0.00 -1   3.9e-09      0.00 7.000e-01 2.990e-01 1.100e-03 5.880e-04 3.170e-03 -1.000 1.000e-03	-2.617	-0.559	-1.118	-2.165	-2.768	-3.315	-4.040	-4.631	-4.713
0.00010  1.00e+10  0.8420308232   0.809  2.996  3.6639  0.958    0  0.000  0.463     0.00     0.00 -1  4.55e-09      0.00 7.000e-01 2.990e-01 1.100e-03 5.880e-04 3.170e-03 -1.000 1.000e-03	-2.720	-0.573	-1.175	-2.251	-2.865	-3.419	-4.153	-4.748	-4.831
0.00010  1.00e+10  0.8420419097   0.807  3.031  3.6621  0.914    0  0.000  0.463     0.00     0.00 -1   5.2e-09      0.00 7.000e-01 2.990e-01 1.100e-03 5.880e-04 3.170e-03 -1.000 9.999e-04	-2.809	-0.584	-1.224	-2.326	-2.950	-3.509	-4.250	-4.849	-4.932
0.00010  1.00e+10  0.8420513868   0.805  3.063  3.6603  0.874    0  0.000  0.463     0.00     0.00 -1  5.87e-09      0.00 7.000e-01 2.990e-01 1.100e-03 5.880e-04 3.170e-03 -1.000 9.999e-04	-2.888	-0.587	-1.264	-2.391	-3.024	-3.590	-4.337	-4.941	-5.024
0.00010  1.00e+10  0.8420611024   0.803  3.098  3.6585  0.831    0  0.000  0.463     0.00     0.00 -1  6.69e-09      0.00 7.000e-01 2.990e-01 1.100e-03 5.880e-04 3.170e-03 -1.000 9.999e-04	-2.975	-0.591	-1.307	-2.461	-3.106	-3.677	-4.432	-5.040	-5.124
0.00010  1.00e+10  0.8420711160   0.800  3.135  3.6564  0.783    0  0.000  0.463     0.00     0.00 -1  7.72e-09      0.00 7.000e-01 2.990e-01 1.100e-03 5.880e-04 3.170e-03 -1.000 1.000e-03	-3.068	-0.592	-1.353	-2.537	-3.194	-3.773	-4.535	-5.148	-5.233
0.00010  1.00e+10  0.8420795202   0.797  3.168  3.6546  0.741    0  0.000  0.463     0.00     0.00 -1  8.75e-09      0.00 7.000e-01 2.990e-01 1.100e-03 5.880e-04 3.170e-03 -1.000 1.000e-03	-3.151	-0.588	-1.390	-2.602	-3.270	-3.857	-4.626	-5.243	-5.329
0.00010  1.00e+10  0.8420879841   0.794  3.203  3.6528  0.698    0  0.000  0.463     0.00     0.00 -1  9.97e-09      0.00 7.000e-01 2.990e-01 1.100e-03 5.880e-04 3.170e-03 -1.000 1.000e-03	-3.236	-0.583	-1.428	-2.669	-3.349	-3.942	-4.719	-5.341	-5.427
0.00010  1.00e+10  0.8420957923   0.790  3.234  3.6511  0.659    0  0.000  0.463     0.00     0.00 -1  1.13e-08      0.00 7.000e-01 2.990e-01 1.100e-03 5.880e-04 3.170e-03 -1.000 1.000e-03	-3.314	-0.573	-1.460	-2.728	-3.419	-4.019	-4.804	-5.430	-5.517
0.00010  1.00e+10  0.8420979977   0.789  1.703  3.8886  3.138    4  0.000  0.463     0.00     0.00 -1         0      0.00 7.000e-01 2.990e-01 1.100e-03 5.880e-04 3.170e-03 -1.000 1.000e-03	0.512	0.711	0.636	0.507	0.408	0.297	0.151	0.064	0.050
0.00010  1.00e+10  0.8421285748   0.789  1.726  3.8765  3.068    4  0.000  0.463     0.00     0.00 -1         0      0.00 7.000e-01 2.990e-01 1.100e-03 5.880e-04 3.170e-03 -1.000 1.000e-03	0.456	0.670	0.610	0.449	0.327	0.196	0.025	-0.082	-0.097
0.00010  1.00e+10  0.8421831727   0.789  1.731  3.8741  3.053    4  0.000  0.463     0.00     0.00 -1         0      0.00 7.000e-01 2.990e-01 1.100e-03 5.880e-04 3.170e-03 -1.000 1.000e-03	0.444	0.661	0.605	0.438	0.311	0.176	-0.000	-0.111	-0.127
0.00010  1.00e+10  0.8422359228   0.789  1.731  3.8747  3.055    4  0.000  0.463     0.00     0.00 -1         0      0.00 7.000e-01 2.990e-01 1.100e-03 5.880e-04 3.170e-03 -1.000 1.000e-03	0.443	0.659	0.602	0.437	0.311	0.177	0.002	-0.108	-0.123
0.00010  1.00e+10  0.8422896266   0.789  1.731  3.8753  3.057    4  0.000  0.463     0.00     0.00 -1         0      0.00 7.000e-01 2.990e-01 1.100e-03 5.880e-04 3.170e-03 -1.000 1.000e-03	0.442	0.658	0.600	0.436	0.312	0.178	0.005	-0.104	-0.119
0.00010  1.00e+10  0.8423453569   0.789  1.731  3.8760  3.060    4  0.000  0.463     0.00     0.00 -1         0      0.00 7.000e-01 2.990e-01 1.100e-03 5.880e-04 3.170e-03 -1.000 1.000e-03	0.442	0.657	0.597	0.435	0.312	0.180	0.008	-0.100	-0.115
0.00010  1.00e+10  0.8423981071   0.789  1.732  3.8766  3.062    4  0.000  0.463     0.00     0.00 -1         0      0.00 7.000e-01 2.990e-01 1.100e-03 5.880e-04 3.170e-03 -1.000 1.000e-03	0.441	0.655	0.595	0.434	0.312	0.182	0.011	-0.096	-0.111
0.00010  1.00e+10  0.8424534798   0.789  1.732  3.8770  3.064    4  0.000  0.463     0.00     0.00 -1         0      0.00 7.000e-01 2.990e-01 1.100e-03 5.880e-04 3.170e-03 -1.000 1.000e-03	0.441	0.654	0.593	0.433	0.313	0.183	0.013	-0.093	-0.108
0.00010  1.00e+10  0.8425083756   0.790  1.732  3.8773  3.065    4  0.000  0.463     0.00     0.00 -1         0      0.00 7.000e-01 2.990e-01 1.100e-03 5.880e-04 3.170e-03 -1.000 1.000e-03	0.440	0.653	0.592	0.433	0.313	0.183	0.014	-0.091	-0.106
0.00010  1.00e+10  0.8425636292   0.790  1.732  3.8774  3.065    4  0.000  0.463     0.00     0.00 -1         0      0.00 7.000e-01 2.990e-01 1.100e-03 5.880e-04 3.170e-03 -1.000 1.000e-03	0.439	0.653	0.591	0.432	0.312	0.183	0.014	-0.092	-0.106
0.00010  1.00e+10  0.8426155448   0.790  1.733  3.8773  3.064    4  0.000  0.463     0.00     0.00 -1         0      0.00 7.000e-01 2.990e-01 1.100e-03 5.880e-04 3.170e-03 -1.000 1.000e-03	0.439	0.652	0.590	0.431	0.311	0.181	0.012	-0.093	-0.108
0.00010  1.00e+10  0.8426724076   0.790  1.733  3.8768  3.061    4  0.000  0.463     0.00     0.00 -1         0      0.00 7.000e-01 2.990e-01 1.100e-03 5.880e-04 3.170e-03 -1.000 1.000e-03	0.437	0.651	0.590	0.430	0.309	0.178	0.008	-0.098	-0.113
0.00010  1.00e+10  0.8427278996   0.790  1.734  3.8759  3.057    4  0.000  0.463     0.00     0.00 -1         0      0.00 7.000e-01 2.990e-01 1.100e-03 5.880e-04 3.170e-03 -1.000 1.000e-03	0.435	0.650	0.590	0.428	0.305	0.173	0.001	-0.107	-0.122
0.00010  1.00e+10  0.8427840471   0.790  1.735  3.8746  3.051    4  0.000  0.463     0.00     0.00 -1         0      0.00 7.000e-01 2.990e-01 1.100e-03 5.880e-04 3.170e-03 -1.000 1.000e-03	0.432	0.649	0.592	0.426	0.301	0.166	-0.009	-0.119	-0.134
0.00010  1.00e+10  0.8428412676   0.790  1.736  3.8728  3.043    4  0.000  0.463     0.00     0.00 -1         0      0.00 7.000e-01 2.990e-01 1.100e-03 5.880e-04 3.170e-03 -1.000 1.000e-03	0.429	0.648	0.594	0.424	0.295	0.157	-0.022	-0.136	-0.151
0.00010  1.00e+10  0.8428643346   0.790  1.737  3.8720  3.039    4  0.000  0.463     0.00     0.00 -1         0      0.00 7.000e-01 2.990e-01 1.100e-03 5.880e-04 3.170e-03 -1.000 1.000e-03	0.427	0.648	0.595	0.422	0.292	0.152	-0.028	-0.143	-0.159
0.00010  1.00e+10  0.8428956270   0.790  1.738  3.8707  3.032    4  0.000  0.463     0.00     0.00 -1         0      0.00 7.000e-01 2.990e-01 1.100e-03 5.880e-04 3.170e-03 -1.000 1.000e-03	0.425	0.648	0.597	0.421	0.287	0.145	-0.038	-0.156	-0.171
0.00010  1.00e+10  0.8429541588   0.790  1.740  3.8677  3.018    4  0.000  0.463     0.00     0.00 -1         0      0.00 7.000e-01 2.990e-01 1.100e-03 5.880e-04 3.170e-03 -1.000 1.000e-03	0.420	0.647	0.601	0.417	0.278	0.130	-0.060	-0.182	-0.199
0.00010  1.00e+10  0.8430075645   0.790  1.742  3.8644  3.003    4  0.000  0.463     0.00     0.00 -1         0      0.00 7.000e-01 2.990e-01 1.100e-03 5.880e-04 3.170e-03 -1.000 1.000e-03	0.415	0.647	0.606	0.413	0.268	0.114	-0.083	-0.212	-0.229
0.00010  1.00e+10  0.8430621624   0.790  1.745  3.8605  2.985    4  0.000  0.463     0.00     0.00 -1         0      0.00 7.000e-01 2.990e-01 1.100e-03 5.880e-04 3.170e-03 -1.000 1.000e-03	0.409	0.646	0.612	0.410	0.257	0.095	-0.110	-0.247	-0.264
0.00010  1.00e+10  0.8431203365   0.790  1.747  3.8558  2.963    4  0.000  0.463     0.00     0.00 -1         0      0.00 7.000e-01 2.990e-01 1.100e-03 5.880e-04 3.170e-03 -1.000 1.000e-03	0.401	0.645	0.621	0.407	0.244	0.074	-0.142	-0.289	-0.307
0.00010  1.00e+10  0.8431782126   0.790  1.751  3.8504  2.939    4  0.000  0.463     0.00     0.00 -1         0      0.00 7.000e-01 2.990e-01 1.100e-03 5.880e-04 3.170e-03 -1.000 1.000e-03	0.393	0.645	0.630	0.403	0.230	0.048	-0.179	-0.337	-0.355
0.00010  1.00e+10  0.8432347178   0.790  1.755  3.8445  2.911    4  0.000  0.463     0.00     0.00 -1         0      0.00 7.000e-01 2.990e-01 1.100e-03 5.880e-04 3.170e-03 -1.000 1.000e-03	0.384	0.645	0.642	0.400	0.215	0.023	-0.219	-0.389	-0.408
0.00010  1.00e+10  0.8432671428   0.790  1.757  3.8410  2.895    4  0.000  0.463     0.00     0.00 -1         0      0.00 7.000e-01 2.990e-01 1.100e-03 5.880e-04 3.170e-03 -1.000 1.000e-03	0.378	0.646	0.650	0.398	0.206	0.007	-0.243	-0.421	-0.440
0.00010  1.00e+10  0.8433207870   0.790  1.761  3.8345  2.865    4  0.000  0.463     0.00     0.00 -1         0      0.00 7.000e-01 2.990e-01 1.100e-03 5.880e-04 3.170e-03 -1.000 1.000e-03	0.368	0.647	0.664	0.396	0.191	-0.021	-0.286	-0.478	-0.499
0.00010  1.00e+10  0.8433775902   0.791  1.765  3.8274  2.832    4  0.000  0.463     0.00     0.00 -1         0      0.00 7.000e-01 2.990e-01 1.100e-03 5.880e-04 3.170e-03 -1.000 1.000e-03	0.357	0.650	0.679	0.393	0.174	-0.051	-0.332	-0.540	-0.562
0.00010  1.00e+10  0.8434337378   0.791  1.770  3.8199  2.797    4  0.000  0.463     0.00     0.00 -1         0      0.00 7.000e-01 2.990e-01 1.100e-03 5.880e-04 3.170e-03 -1.000 1.000e-03	0.345	0.654	0.697	0.391	0.157	-0.082	-0.382	-0.607	-0.629
0.00010  1.00e+10  0.8434913158   0.791  1.775  3.8115  2.759    4  0.000  0.463     0.00     0.00 -1         0      0.00 7.000e-01 2.990e-01 1.100e-03 5.880e-04 3.170e-03 -1.000 1.000e-03	0.332	0.661	0.718	0.390	0.139	-0.116	-0.436	-0.680	-0.705
0.00010  1.00e+10  0.8435462713   0.791  1.781  3.8030  2.719    4  0.000  0.463     0.00     0.00 -1         0      0.00 7.000e-01 2.990e-01 1.100e-03 5.880e-04 3.170e-03 -1.000 1.000e-03	0.318	0.670	0.739	0.388	0.121	-0.150	-0.492	-0.756	-0.781
0.00010  1.00e+10  0.8436011672   0.791  1.787  3.7948  2.680    4  0.000  0.463     0.00     0.00 -1         0      0.00 7.000e-01 2.990e-01 1.100e-03 5.880e-04 3.170e-03 -1.000 1.000e-03	0.303	0.679	0.759	0.385	0.102	-0.184	-0.545	-0.829	-0.856
0.00010  1.00e+10  0.8436554670   0.791  1.793  3.7882  2.648    4  0.000  0.463     0.00     0.00 -1         0      0.00 7.000e-01 2.990e-01 1.100e-03 5.880e-04 3.170e-03 -1.000 1.000e-03	0.288	0.688	0.774	0.381	0.085	-0.213	-0.591	-0.890	-0.919
0.00010  1.00e+10  0.8437105417   0.791  1.799  3.7824  2.619    4  0.000  0.463     0.00     0.00 -1         0      0.00 7.000e-01 2.990e-01 1.100e-03 5.880e-04 3.170e-03 -1.000 1.000e-03	0.273	0.694	0.785	0.375	0.068	-0.241	-0.633	-0.945	-0.976
0.00010  1.00e+10  0.8437654376   0.791  1.805  3.7774  2.593    4  0.000  0.463     0.00     0.00 -1         0      0.00 7.000e-01 2.990e-01 1.100e-03 5.880e-04 3.170e-03 -1.000 1.000e-03	0.257	0.699	0.793	0.368	0.051	-0.267	-0.672	-0.996	-1.029
0.00010  1.00e+10  0.8438013196   0.791  1.808  3.7754  2.582    4  0.000  0.463     0.00     0.00 -1         0      0.00 7.000e-01 2.990e-01 1.100e-03 5.880e-04 3.170e-03 -1.000 1.000e-03	0.250	0.702	0.796	0.364	0.044	-0.278	-0.688	-1.018	-1.051
0.00010  1.00e+10  0.8438554406   0.791  1.816  3.7706  2.554    4  0.000  0.463     0.00     0.00 -1         0      0.00 7.000e-01 2.990e-01 1.100e-03 5.880e-04 3.170e-03 -1.000 1.000e-03	0.229	0.703	0.798	0.352	0.022	-0.308	-0.731	-1.072	-1.107
0.00010  1.00e+10  0.8439114690   0.791  1.832  3.7640  2.513    4  0.000  0.463     0.00     0.00 -1         0      0.00 7.000e-01 2.990e-01 1.100e-03 5.880e-04 3.170e-03 -1.000 1.000e-03	0.191	0.698	0.792	0.325	-0.018	-0.360	-0.800	-1.156	-1.192
0.00010  1.00e+10  0.8439662457   0.791  1.857  3.7559  2.455    4  0.000  0.463     0.00     0.00 -1         0      0.00 7.000e-01 2.990e-01 1.100e-03 5.880e-04 3.170e-03 -1.000 1.000e-03	0.128	0.683	0.770	0.277	-0.082	-0.438	-0.899	-1.275	-1.314
0.00010  1.00e+10  0.8439993858   0.791  1.886  3.7481  2.394    4  0.000  0.463     0.00     0.00 -1         0      0.00 7.000e-01 2.990e-01 1.100e-03 5.880e-04 3.170e-03 -1.000 1.000e-03	0.055	0.661	0.739	0.218	-0.156	-0.526	-1.008	-1.403	-1.445
0.00010  1.00e+10  0.8440159559   0.791  1.918  3.7408  2.334    4  0.000  0.463     0.00     0.00 -1         0      0.00 7.000e-01 2.990e-01 1.100e-03 5.880e-04 3.170e-03 -1.000 1.000e-03	-0.024	0.635	0.700	0.153	-0.235	-0.618	-1.120	-1.532	-1.576
0.00010  1.00e+10  0.8440230489   0.791  1.949  3.7347  2.278    4  0.000  0.463     0.00     0.00 -1         0      0.00 7.000e-01 2.990e-01 1.100e-03 5.880e-04 3.170e-03 -1.000 1.000e-03	-0.104	0.607	0.658	0.087	-0.314	-0.708	-1.226	-1.652	-1.700
0.00010  1.00e+10  0.8440262675   0.791  1.980  3.7298  2.227    4  0.000  0.463     0.00     0.00 -1         0      0.00 7.000e-01 2.990e-01 1.100e-03 5.880e-04 3.170e-03 -1.000 1.000e-03	-0.181	0.575	0.612	0.020	-0.391	-0.794	-1.326	-1.763	-1.813
0.00010  1.00e+10  0.8440279365   0.791  2.008  3.7262  2.185    4  0.000  0.463     0.00     0.00 -1         0      0.00 7.000e-01 2.990e-01 1.100e-03 5.880e-04 3.170e-03 -1.000 1.000e-03	-0.249	0.542	0.567	-0.039	-0.458	-0.868	-1.410	-1.856	-1.908
0.00010  1.00e+10  0.8440280557   0.791  2.010  3.7258  2.181    4  0.000  0.463     0.00     0.00 -1         0      0.00 7.000e-01 2.990e-01 1.100e-03 5.880e-04 3.170e-03 -1.000 1.000e-03	-0.256	0.539	0.563	-0.045	-0.465	-0.875	-1.418	-1.864	-1.917
0.00010  1.00e+10  0.8440288305   0.791  2.035  3.7234  2.147    4  0.000  0.463     0.00     0.00 -1         0      0.00 7.000e-01 2.990e-01 1.100e-03 5.880e-04 3.170e-03 -1.000 9.999e-04	-0.317	0.502	0.518	-0.101	-0.526	-0.941	-1.490	-1.943	-1.996
0.00010  1.00e+10  0.8440299034   0.791  2.077  3.7198  2.091    4  0.000  0.463     0.00     0.00 -1         0      0.00 7.000e-01 2.990e-01 1.100e-03 5.880e-04 3.170e-03 -1.000 1.000e-03	-0.422	0.443	0.440	-0.197	-0.630	-1.051	-1.610	-2.072	-2.127
0.00010  1.00e+10  0.8440309763   0.791  2.118  3.7166  2.037    4  0.000  0.463     0.00     0.00 -1         0      0.00 7.000e-01 2.990e-01 1.100e-03 5.880e-04 3.170e-03 -1.000 1.000e-03	-0.524	0.380	0.361	-0.291	-0.731	-1.158	-1.727	-2.195	-2.252
0.00010  1.00e+10  0.8440324068   0.791  2.168  3.7132  1.974    4  0.000  0.463     0.00     0.00 -1         0      0.00 7.000e-01 2.990e-01 1.100e-03 5.880e-04 3.170e-03 -1.000 1.000e-03	-0.649	0.300	0.263	-0.407	-0.854	-1.289	-1.866	-2.343	-2.402
0.00010  1.00e+10  0.8440356851   0.791  2.170  3.7134  1.972    4  0.000  0.463     0.00     0.00 -1         0      0.00 7.000e-01 2.990e-01 1.100e-03 5.880e-04 3.170e-03 -1.000 1.000e-03	-0.655	0.293	0.255	-0.413	-0.860	-1.294	-1.872	-2.348	-2.406
0.00010  1.00e+10  0.8440538049   0.791  2.144  3.7148  2.003    4  0.000  0.463     0.00     0.00 -1         0      0.00 7.000e-01 2.990e-01 1.100e-03 5.880e-04 3.170e-03 -1.000 1.000e-03	-0.591	0.337	0.308	-0.352	-0.797	-1.228	-1.801	-2.274	-2.332
0.00010  1.00e+10  0.8440762758   0.791  2.181  3.7121  1.955    4  0.000  0.463     0.00     0.00 -1         0      0.00 7.000e-01 2.990e-01 1.100e-03 5.880e-04 3.170e-03 -1.000 9.999e-04	-0.684	0.281	0.237	-0.438	-0.889	-1.325	-1.906	-2.386	-2.445
0.00010  1.00e+10  0.8440961242   0.791  2.225  3.7092  1.900    4  0.000  0.463     0.00     0.00 -1         0      0.00 7.000e-01 2.990e-01 1.100e-03 5.880e-04 3.170e-03 -1.000 1.000e-03	-0.792	0.214	0.152	-0.538	-0.996	-1.438	-2.027	-2.513	-2.574
0.00010  1.00e+10  0.8441100717   0.791  2.259  3.7070  1.857    4  0.000  0.463     0.00     0.00 -1         0      0.00 7.000e-01 2.990e-01 1.100e-03 5.880e-04 3.170e-03 -1.000 1.000e-03	-0.878	0.163	0.086	-0.618	-1.080	-1.527	-2.123	-2.614	-2.676
0.00010  1.00e+10  0.8441277742   0.791  2.301  3.7045  1.805    4  0.000  0.463     0.00     0.00 -1         0      0.00 7.000e-01 2.990e-01 1.100e-03 5.880e-04 3.170e-03 -1.000 1.000e-03	-0.983	0.099	0.003	-0.715	-1.184	-1.636	-2.239	-2.736	-2.799
0.00010  1.00e+10  0.8441444039   0.791  2.340  3.7022  1.757    4  0.000  0.463     0.00     0.00 -1         0      0.00 7.000e-01 2.990e-01 1.100e-03 5.880e-04 3.170e-03 -1.000 1.000e-03	-1.081	0.039	-0.074	-0.806	-1.281	-1.738	-2.347	-2.850	-2.914
0.00010  1.00e+10  0.8441596627   0.791  2.380  3.7000  1.708    4  0.000  0.463     0.00     0.00 -1         0      0.00 7.000e-01 2.990e-01 1.100e-03 5.880e-04 3.170e-03 -1.000 1.000e-03	-1.180	-0.023	-0.153	-0.898	-1.379	-1.840	-2.456	-2.964	-3.030
0.00010  1.00e+10  0.8441734910   0.791  2.420  3.6978  1.659    4  0.000  0.463     0.00     0.00 -1         0      0.00 7.000e-01 2.990e-01 1.100e-03 5.880e-04 3.170e-03 -1.000 1.000e-03	-1.280	-0.086	-0.232	-0.991	-1.478	-1.944	-2.566	-3.080	-3.146
0.00010  1.00e+10  0.8441860080   0.791  2.461  3.6956  1.610    4  0.000  0.463     0.00     0.00 -1         0      0.00 7.000e-01 2.990e-01 1.100e-03 5.880e-04 3.170e-03 -1.000 1.000e-03	-1.382	-0.148	-0.312	-1.084	-1.578	-2.049	-2.677	-3.196	-3.264
0.00010  1.00e+10  0.8441974521   0.791  2.501  3.6934  1.561    4  0.000  0.463     0.00     0.00 -1         0      0.00 7.000e-01 2.990e-01 1.100e-03 5.880e-04 3.170e-03 -1.000 1.000e-03	-1.484	-0.203	-0.389	-1.178	-1.677	-2.153	-2.789	-3.313	-3.382
0.00010  1.00e+10  0.8442077041   0.791  2.542  3.6912  1.511    4  0.000  0.463     0.00     0.00 -1         0      0.00 7.000e-01 2.990e-01 1.100e-03 5.880e-04 3.170e-03 -1.000 1.000e-03	-1.586	-0.257	-0.466	-1.271	-1.777	-2.258	-2.900	-3.430	-3.499
0.00010  1.00e+10  0.8442170024   0.791  2.582  3.6891  1.462    4  0.000  0.463     0.00     0.00 -1         0      0.00 7.000e-01 2.990e-01 1.100e-03 5.880e-04 3.170e-03 -1.000 1.000e-03	-1.686	-0.308	-0.540	-1.362	-1.875	-2.361	-3.010	-3.544	-3.615
0.00010  1.00e+10  0.8442255855   0.791  2.623  3.6870  1.414    4  0.000  0.463     0.00     0.00 -1         0      0.00 7.000e-01 2.990e-01 1.100e-03 5.880e-04 3.170e-03 -1.000 1.000e-03	-1.787	-0.357	-0.614	-1.454	-1.974	-2.465	-3.121	-3.660	-3.732
0.00010  1.00e+10  0.8442335129   0.791  2.663  3.6848  1.365    4  0.000  0.463     0.00     0.00 -1         0      0.00 7.000e-01 2.990e-01 1.100e-03 5.880e-04 3.170e-03 -1.000 1.000e-03	-1.887	-0.405	-0.687	-1.544	-2.072	-2.568	-3.230	-3.774	-3.847
0.00010  1.00e+10  0.8442410827   0.791  2.703  3.6827  1.317    4  0.000  0.463     0.00     0.00 -1         0      0.00 7.000e-01 2.990e-01 1.100e-03 5.880e-04 3.170e-03 -1.000 1.000e-03	-1.986	-0.452	-0.758	-1.634	-2.169	-2.671	-3.339	-3.888	-3.962
0.00010  1.00e+10  0.8442484140   0.791  2.742  3.6806  1.268    4  0.000  0.463     0.00     0.00 -1         0      0.00 7.000e-01 2.990e-01 1.100e-03 5.880e-04 3.170e-03 -1.000 1.000e-03	-2.086	-0.490	-0.826	-1.722	-2.266	-2.773	-3.449	-4.002	-4.077
0.00010  1.00e+10  0.8442555070   0.791  2.783  3.6784  1.219    4  0.000  0.463     0.00     0.00 -1         0      0.00 7.000e-01 2.990e-01 1.100e-03 5.880e-04 3.170e-03 -1.000 1.000e-03	-2.187	-0.523	-0.893	-1.811	-2.363	-2.875	-3.559	-4.117	-4.194
0.00010  1.00e+10  0.8442620039   0.791  2.823  3.6762  1.170    4  0.000  0.463     0.00     0.00 -1         0      0.00 7.000e-01 2.990e-01 1.100e-03 5.880e-04 3.170e-03 -1.000 1.000e-03	-2.289	-0.555	-0.959	-1.900	-2.461	-2.979	-3.670	-4.234	-4.311
0.00010  1.00e+10  0.8442675471   0.791  2.863  3.6740  1.121    4  0.000  0.463     0.00     0.00 -1         0      0.00 7.000e-01 2.990e-01 1.100e-03 5.880e-04 3.170e-03 -1.000 1.000e-03	-2.388	-0.583	-1.022	-1.986	-2.556	-3.081	-3.779	-4.349	-4.427
0.00010  1.00e+10  0.8442724943   0.791  2.904  3.6717  1.071    4  0.000  0.463     0.00     0.00 -1         0      0.00 7.000e-01 2.990e-01 1.100e-03 5.880e-04 3.170e-03 -1.000 1.000e-03	-2.490	-0.610	-1.086	-2.074	-2.654	-3.185	-3.891	-4.466	-4.545
0.00010  1.00e+10  0.8442766666   0.791  2.944  3.6695  1.022    4  0.000  0.463     0.00     0.00 -1         0      0.00 7.000e-01 2.990e-01 1.100e-03 5.880e-04 3.170e-03 -1.000 1.000e-03	-2.590	-0.635	-1.147	-2.160	-2.749	-3.287	-4.000	-4.581	-4.661
0.00010  1.00e+10  0.8442804217   0.791  2.983  3.6672  0.974    4  0.000  0.463     0.00     0.00 -1         0      0.00 7.000e-01 2.990e-01 1.100e-03 5.880e-04 3.170e-03 -1.000 1.000e-03	-2.688	-0.650	-1.202	-2.243	-2.843	-3.388	-4.109	-4.696	-4.776
0.00010  1.00e+10  0.8442844152   0.791  3.024  3.6648  0.923    4  0.000  0.463     0.00     0.00 -1         0      0.00 7.000e-01 2.990e-01 1.100e-03 5.880e-04 3.170e-03 -1.000 1.000e-03	-2.790	-0.655	-1.254	-2.326	-2.939	-3.491	-4.221	-4.813	-4.895
0.00010  1.00e+10  0.8442877531   0.791  3.062  3.6626  0.876    4  0.000  0.463     0.00     0.00 -1         0      0.00 7.000e-01 2.990e-01 1.100e-03 5.880e-04 3.170e-03 -1.000 1.000e-03	-2.886	-0.657	-1.301	-2.404	-3.028	-3.588	-4.327	-4.924	-5.007
0.00010  1.00e+10  0.8442897797   0.791  3.103  3.6601  0.826    4  0.000  0.463     0.00     0.00 -1         0      0.00 7.000e-01 2.990e-01 1.100e-03 5.880e-04 3.170e-03 -1.000 1.000e-03	-2.987	-0.653	-1.347	-2.484	-3.122	-3.690	-4.438	-5.042	-5.125
0.00010  1.00e+10  0.8442901373   0.791  3.061  3.6627  0.878    4  0.000  0.463     0.00     0.00 -1         0      0.00 7.000e-01 2.990e-01 1.100e-03 5.880e-04 3.170e-03 -1.000 1.000e-03	-2.883	-0.659	-1.301	-2.402	-3.026	-3.585	-4.323	-4.920	-5.003
0.00010  1.00e+10  0.8442902565   0.791  3.059  3.6628  0.881    4  0.000  0.463     0.00     0.00 -1         0      0.00 7.000e-01 2.990e-01 1.100e-03 5.880e-04 3.170e-03 -1.000 1.000e-03	-2.876	-0.659	-1.298	-2.397	-3.020	-3.578	-4.316	-4.913	-4.995
0.00010  1.00e+10  0.8442904353   0.791  3.078  3.6617  0.857    4  0.000  0.463     0.00     0.00 -1         0      0.00 7.000e-01 2.990e-01 1.100e-03 5.880e-04 3.170e-03 -1.000 1.000e-03	-2.925	-0.658	-1.320	-2.436	-3.065	-3.627	-4.370	-4.969	-5.052
0.00010  1.00e+10  0.8442905545   0.791  3.096  3.6605  0.835    4  0.000  0.463     0.00     0.00 -1         0      0.00 7.000e-01 2.990e-01 1.100e-03 5.880e-04 3.170e-03 -1.000 1.000e-03	-2.970	-0.655	-1.341	-2.471	-3.107	-3.673	-4.420	-5.022	-5.106
0.00010  1.00e+10  0.8442907333   0.791  3.117  3.6592  0.808    4  0.000  0.463     0.00     0.00 -1         0      0.00 7.000e-01 2.990e-01 1.100e-03 5.880e-04 3.170e-03 -1.000 1.000e-03	-3.023	-0.651	-1.363	-2.513	-3.156	-3.726	-4.478	-5.083	-5.168
0.00010  1.00e+10  0.8442909718   0.791  3.139  3.6578  0.781    4  0.000  0.463     0.00     0.00 -1         0      0.00 7.000e-01 2.990e-01 1.100e-03 5.880e-04 3.170e-03 -1.000 1.000e-03	-3.077	-0.645	-1.386	-2.555	-3.206	-3.782	-4.539	-5.148	-5.232
0.00010  1.00e+10  0.8442913294   0.791  3.175  3.6555  0.736    4  0.000  0.463     0.00     0.00 -1         0      0.00 7.000e-01 2.990e-01 1.100e-03 5.880e-04 3.170e-03 -1.000 1.000e-03	-3.167	-0.632	-1.422	-2.625	-3.289	-3.873	-4.639	-5.253	-5.339
0.00010  1.00e+10  0.8442918658   0.791  3.226  3.6522  0.671    4  0.000  0.463     0.00     0.00 -1         0      0.00 7.000e-01 2.990e-01 1.100e-03 5.880e-04 3.170e-03 -1.000 1.000e-03	-3.295	-0.602	-1.466	-2.719	-3.405	-4.001	-4.781	-5.404	-5.490
0.00010  1.00e+10  0.8442924619   0.792  3.252  3.6486  0.631    8  0.525  0.430    43.29    23.99  1 -4.14e-07      0.00 7.501e-01 2.498e-01 1.319e-05 1.127e-05 4.093e-05 -1.000 1.242e-04	-3.360	-0.506	-1.445	-2.747	-3.454	-4.062	-4.858	-5.492	-5.579
0.00010  1.00e+10  0.8442925215   0.790  3.050  3.6610  0.882    8  0.525  0.430    25.21    15.02  1 -1.85e-07      0.00 7.501e-01 2.498e-01 1.319e-05 1.127e-05 4.093e-05 -1.000 1.243e-04	-2.855	-0.579	-1.244	-2.362	-2.993	-3.556	-4.301	-4.903	-4.986
0.00010  1.00e+10  0.8442926407   0.788  2.900  3.6701  1.067    8  0.525  0.430    16.91    10.63  1 -1.08e-07      0.00 7.501e-01 2.498e-01 1.319e-05 1.127e-05 4.093e-05 -1.000 1.242e-04	-2.480	-0.559	-1.052	-2.055	-2.640	-3.176	-3.886	-4.466	-4.546
0.00010  1.00e+10  0.8442929387   0.783  2.673  3.6840  1.347    8  0.525  0.430     9.24     6.29  1 -5.12e-08      0.00 7.501e-01 2.498e-01 1.319e-05 1.127e-05 4.093e-05 -1.000 1.243e-04	-1.912	-0.410	-0.701	-1.566	-2.096	-2.595	-3.259	-3.805	-3.878
0.00010  1.00e+10  0.8442932963   0.776  2.677  3.6837  1.338    8  0.525  0.430     9.41     6.37  1 -5.23e-08      0.00 7.501e-01 2.498e-01 1.319e-05 1.127e-05 4.093e-05 -1.000 1.243e-04	-1.922	-0.411	-0.706	-1.574	-2.105	-2.604	-3.270	-3.816	-3.890
0.00010  1.00e+10  0.8442937136   0.768  2.743  3.6796  1.251    8  0.525  0.430    11.36     7.46  1 -6.53e-08      0.00 7.501e-01 2.498e-01 1.319e-05 1.127e-05 4.093e-05 -1.000 1.242e-04	-2.087	-0.461	-0.812	-1.717	-2.264	-2.774	-3.453	-4.009	-4.085
0.00010  1.00e+10  0.8442942500   0.758  2.923  3.6684  1.020    8  0.526  0.430    18.68    11.40  1 -1.22e-07      0.00 7.501e-01 2.498e-01 1.319e-05 1.127e-05 4.093e-05 -1.000 1.243e-04	-2.536	-0.553	-1.077	-2.100	-2.694	-3.234	-3.951	-4.535	-4.615
0.00010  1.00e+10  0.8442949057   0.746  3.090  3.6579  0.804    8  0.526  0.430    29.79    16.96  1 -2.33e-07      0.00 7.501e-01 2.498e-01 1.319e-05 1.127e-05 4.093e-05 -1.000 1.243e-04	-2.955	-0.538	-1.271	-2.435	-3.084	-3.659	-4.416	-5.025	-5.109
0.00010  1.00e+10  0.8442956209   0.733  3.202  3.6508  0.656    8  0.526  0.430    41.01    22.17  1 -3.76e-07      0.00 7.501e-01 2.498e-01 1.319e-05 1.127e-05 4.093e-05 -1.000 1.243e-04	-3.234	-0.478	-1.372	-2.644	-3.338	-3.939	-4.725	-5.353	-5.440
0.00010  1.00e+10  0.8442964554   0.718  3.262  3.6468  0.572    8  0.527  0.430    49.25    25.72  1 -4.99e-07      0.00 7.501e-01 2.498e-01 1.319e-05 1.127e-05 4.093e-05 -1.000 1.242e-04	-3.384	-0.418	-1.411	-2.748	-3.469	-4.087	-4.891	-5.529	-5.617
0.00010  1.00e+10  0.8442973495   0.702  3.289  3.6448  0.527    8  0.527  0.430    54.38    27.68  1 -5.81e-07      0.00 7.501e-01 2.498e-01 1.319e-05 1.127e-05 4.093e-05 -1.000 1.243e-04	-3.453	-0.376	-1.421	-2.793	-3.528	-4.154	-4.968	-5.612	-5.700
0.00010  1.00e+10  0.8442983627   0.685  3.304  3.6436  0.497    8  0.528  0.430    58.16    28.92  1 -6.43e-07      0.00 7.501e-01 2.498e-01 1.319e-05 1.127e-05 4.093e-05 -1.000 1.243e-04	-3.489	-0.342	-1.420	-2.813	-3.558	-4.190	-5.009	-5.656	-5.745
0.00010  1.00e+10  0.8442984223   0.684  3.157  3.6531  0.681    8  0.528  0.430    39.12    20.50  1 -3.46e-07      0.00 7.501e-01 2.498e-01 1.319e-05 1.127e-05 4.093e-05 -1.000 1.243e-04	-3.121	-0.467	-1.313	-2.555	-3.235	-3.828	-4.604	-5.225	-5.311
0.00010  1.00e+10  0.8442986012   0.679  2.965  3.6658  0.921    8  0.528  0.430    23.33    13.06  1 -1.66e-07      0.00 7.501e-01 2.498e-01 1.319e-05 1.127e-05 4.093e-05 -1.000 1.244e-04	-2.642	-0.537	-1.123	-2.185	-2.793	-3.343	-4.069	-4.659	-4.740
0.00010  1.00e+10  0.8442988396   0.672  2.739  3.6812  1.204    8  0.528  0.430    12.69     7.66  1 -7.77e-08      0.00 7.501e-01 2.498e-01 1.319e-05 1.127e-05 4.093e-05 -1.000 1.243e-04	-2.076	-0.478	-0.820	-1.715	-2.258	-2.765	-3.438	-3.990	-4.064
0.00010  1.00e+10  0.8442991972   0.663  2.744  3.6826  1.198    8  0.528  0.430    12.89     7.69  1 -8.24e-08      0.00 7.501e-01 2.498e-01 1.319e-05 1.127e-05 4.093e-05 -1.000 1.243e-04	-2.090	-0.520	-0.851	-1.736	-2.274	-2.778	-3.447	-3.994	-4.068
0.00010  1.00e+10  0.8442996144   0.650  2.812  3.6805  1.114    8  0.528  0.430    15.51     8.89  1 -1.09e-07      0.00 7.501e-01 2.498e-01 1.319e-05 1.127e-05 4.093e-05 -1.000 1.243e-04	-2.259	-0.618	-0.986	-1.893	-2.441	-2.950	-3.626	-4.178	-4.252
0.00010  1.00e+10  0.8443001509   0.636  2.990  3.6720  0.891    8  0.529  0.430    25.20    13.28  1  -2.2e-07      0.00 7.501e-01 2.498e-01 1.319e-05 1.127e-05 4.093e-05 -1.000 1.242e-04	-2.705	-0.765	-1.280	-2.285	-2.872	-3.406	-4.111	-4.682	-4.761
0.00010  1.00e+10  0.8443008065   0.619  3.157  3.6647  0.684    8  0.529  0.430    39.77    19.19  1 -4.57e-07      0.00 7.501e-01 2.498e-01 1.319e-05 1.127e-05 4.093e-05 -1.000 1.243e-04	-3.122	-0.868	-1.535	-2.644	-3.271	-3.831	-4.563	-5.150	-5.231
0.00010  1.00e+10  0.8443015814   0.601  3.269  3.6613  0.545    8  0.529  0.430    54.54    24.31  1    -8e-07      0.00 7.501e-01 2.498e-01 1.319e-05 1.127e-05 4.093e-05 -1.000 1.244e-04	-3.403	-0.958	-1.719	-2.890	-3.543	-4.117	-4.862	-5.456	-5.539
0.00010  1.00e+10  0.8443023562   0.581  3.331  3.6614  0.468    8  0.530  0.430    65.95    27.12  1 -1.16e-06      0.00 7.501e-01 2.498e-01 1.319e-05 1.127e-05 4.093e-05 -1.000 1.243e-04	-3.558	-1.077	-1.858	-3.041	-3.698	-4.276	-5.021	-5.612	-5.695
0.00010  1.00e+10  0.8443033099   0.559  3.362  3.6639  0.431    8  0.530  0.430    75.07    27.57  1 -1.48e-06      0.00 7.501e-01 2.498e-01 1.319e-05 1.127e-05 4.093e-05 -1.000 1.243e-04	-3.635	-1.226	-1.977	-3.136	-3.784	-4.355	-5.090	-5.674	-5.755
0.00010  1.00e+10  0.8443043232   0.536  3.381  3.6677  0.409    8  0.531  0.430    93.48    24.77  1  -1.8e-06      0.00 7.501e-01 2.498e-01 1.319e-05 1.127e-05 4.093e-05 -1.000 1.243e-04	-3.682	-1.401	-2.097	-3.212	-3.843	-4.403	-5.124	-5.696	-5.775
0.00010  1.00e+10  0.8443050981   0.536 -9.999  4.0653  2.076    9  0.536  0.000     0.00     0.00 -1         0      0.00 7.501e-01 2.498e-01 1.319e-05 1.127e-05 4.093e-05 -1.000 1.244e-04	29.767	29.934	30.368	30.447	30.455	30.475	30.583	30.600	30.627
