# File generated by CMD 2.8 (http://stev.oapd.inaf.it/cmd) on Wed May 18 12:31:02 CEST 2016
# PARSEC isochrones, release v1.2S
# Basic references: Bressan et al. (2012), MNRAS, 427, 127 + Chen et al. (2014, 2015), MNRAS, 444, 2525 + MNRAS, 452, 1068 + Tang et al. (2014), MNRAS, 445, 4287
# Warning: you choose not to include the TP-AGB phase!
# Photometric system: <i>UBVRIJHK</i> (cf. Maiz-Apellaniz 2006 + Bessell 1990)
# Using NBC version of bolometric corrections as in Chen et al. (2014), MNRAS, 444, 2525
# BCs of Carbon stars derive from Aringer et al. (2009, A&A 503, 913)
# O-rich circumstellar dust ignored
# C-rich circumstellar dust ignored
# IMF: Chabrier (2001) lognormal 
# On RGB, assumed Reimers mass loss with efficiency eta=0.2
# Kind of output: isochrone tables
#	Isochrone  Z = 0.00020	Y = 0.24900	[M/H] = -1.890	eta_R = 0.200	Age = 	1.2000e+10 yr
#      Z	log(age/yr)	M_ini   	M_act	logL/Lo	logTe	logG	mbol    U       B       V       R       I       J       H       K	int_IMF	stage
	0.000200	10.0792	0.09000000	0.0900	-3.2008	3.4878	5.4965	12.772	19.738	17.021	15.027	13.444	12.010	10.826	10.623	10.567	1.46765435	1
	0.000200	10.0792	0.09338250	0.0934	-3.0664	3.5077	5.4574	12.436	18.552	16.255	14.336	12.944	11.693	10.556	10.257	10.176	1.50356567	1
	0.000200	10.0792	0.10000000	0.1000	-2.8178	3.5443	5.3851	11.814	16.527	14.884	13.216	12.059	11.099	10.062	9.629	9.502	1.57040203	1
	0.000200	10.0792	0.12000000	0.1200	-2.5229	3.5751	5.2924	11.077	14.805	13.586	12.162	11.155	10.375	9.430	8.925	8.774	1.74782515	1
	0.000200	10.0792	0.14000000	0.1400	-2.3384	3.5898	5.2339	10.616	13.933	12.888	11.572	10.640	9.917	9.017	8.490	8.326	1.89584959	1
	0.000200	10.0792	0.16000000	0.1600	-2.1939	3.5994	5.1855	10.255	13.333	12.387	11.134	10.249	9.556	8.685	8.149	7.980	2.02115250	1
	0.000200	10.0792	0.20000000	0.2000	-1.9735	3.6115	5.1105	9.704	12.499	11.669	10.491	9.664	9.004	8.170	7.628	7.456	2.22178221	1
	0.000200	10.0792	0.25000000	0.2500	-1.7722	3.6225	5.0500	9.201	11.761	11.028	9.910	9.131	8.500	7.698	7.157	6.988	2.40809011	1
	0.000200	10.0792	0.30000001	0.3000	-1.6178	3.6316	5.0113	8.815	11.189	10.532	9.460	8.721	8.114	7.338	6.801	6.637	2.54750419	1
	0.000200	10.0792	0.34999999	0.3500	-1.4909	3.6399	4.9846	8.497	10.713	10.121	9.089	8.383	7.796	7.044	6.513	6.357	2.65552020	1
	0.000200	10.0792	0.40000001	0.4000	-1.3636	3.6491	4.9522	8.179	10.226	9.706	8.716	8.043	7.477	6.752	6.230	6.083	2.74133730	1
	0.000200	10.0792	0.44999999	0.4500	-1.2066	3.6646	4.9083	7.787	9.555	9.161	8.237	7.618	7.088	6.406	5.904	5.771	2.81098008	1
	0.000200	10.0792	0.50000000	0.4999	-1.0313	3.6832	4.8528	7.348	8.798	8.556	7.711	7.150	6.658	6.029	5.557	5.440	2.86847806	1
	0.000200	10.0792	0.55000001	0.5499	-0.8249	3.7038	4.7705	6.832	7.964	7.881	7.118	6.613	6.159	5.588	5.152	5.053	2.91663504	1
	0.000200	10.0792	0.60000002	0.5998	-0.6153	3.7294	4.7010	6.308	7.117	7.192	6.529	6.081	5.672	5.168	4.777	4.696	2.95739889	1
	0.000200	10.0792	0.60047668	0.6003	-0.6133	3.7297	4.7004	6.303	7.108	7.185	6.523	6.076	5.667	5.164	4.774	4.693	2.95775747	1
	0.000200	10.0792	0.61240286	0.6122	-0.5604	3.7368	4.6845	6.171	6.902	7.013	6.377	5.945	5.548	5.062	4.683	4.607	2.96656513	1
	0.000200	10.0792	0.62302983	0.6228	-0.5130	3.7431	4.6697	6.052	6.723	6.862	6.248	5.829	5.442	4.970	4.601	4.530	2.97415328	1
	0.000200	10.0792	0.63289720	0.6327	-0.4686	3.7489	4.6552	5.941	6.561	6.722	6.129	5.720	5.343	4.885	4.524	4.457	2.98098969	1
	0.000200	10.0792	0.64247340	0.6422	-0.4251	3.7544	4.6404	5.833	6.406	6.587	6.014	5.615	5.247	4.802	4.450	4.387	2.98743343	1
	0.000200	10.0792	0.64999998	0.6497	-0.3906	3.7587	4.6280	5.746	6.285	6.480	5.922	5.532	5.170	4.736	4.390	4.331	2.99236870	1
	0.000200	10.0792	0.65642279	0.6561	-0.3608	3.7622	4.6164	5.672	6.184	6.391	5.844	5.460	5.104	4.678	4.337	4.280	2.99649358	1
	0.000200	10.0792	0.66713214	0.6668	-0.3103	3.7679	4.5958	5.546	6.019	6.241	5.712	5.339	4.991	4.578	4.245	4.192	3.00319958	1
	0.000200	10.0792	0.67768079	0.6773	-0.2593	3.7734	4.5739	5.418	5.857	6.092	5.581	5.218	4.879	4.477	4.151	4.103	3.00960422	1
	0.000200	10.0792	0.68700367	0.6866	-0.2129	3.7783	4.5527	5.302	5.713	5.958	5.462	5.108	4.776	4.384	4.065	4.020	3.01510596	1
	0.000200	10.0792	0.69602621	0.6956	-0.1666	3.7829	4.5305	5.186	5.570	5.823	5.345	5.001	4.678	4.294	3.979	3.940	3.02029419	1
	0.000200	10.0792	0.69999999	0.6996	-0.1458	3.7849	4.5202	5.135	5.506	5.762	5.293	4.954	4.635	4.254	3.941	3.904	3.02253795	1
	0.000200	10.0792	0.70926791	0.7088	-0.0952	3.7893	4.4930	5.008	5.352	5.615	5.165	4.838	4.528	4.154	3.845	3.813	3.02767658	1
	0.000200	10.0792	0.71773070	0.7172	-0.0465	3.7933	4.4654	4.886	5.212	5.476	5.041	4.724	4.421	4.055	3.751	3.723	3.03225636	1
	0.000200	10.0792	0.72608769	0.7255	0.0042	3.7972	4.4351	4.759	5.069	5.332	4.912	4.604	4.307	3.949	3.650	3.626	3.03667736	1
	0.000200	10.0792	0.73326582	0.7327	0.0503	3.8004	4.4062	4.644	4.941	5.203	4.794	4.494	4.203	3.852	3.557	3.535	3.04039669	1
	0.000200	10.0792	0.74022055	0.7396	0.0977	3.8034	4.3750	4.526	4.815	5.073	4.673	4.378	4.092	3.748	3.460	3.439	3.04393363	1
	0.000200	10.0792	0.74717629	0.7465	0.1484	3.8063	4.3399	4.399	4.683	4.934	4.542	4.253	3.972	3.635	3.353	3.333	3.04740691	1
	0.000200	10.0792	0.75000000	0.7493	0.1701	3.8074	4.3243	4.345	4.626	4.875	4.487	4.200	3.921	3.586	3.306	3.287	3.04879928	1
	0.000200	10.0792	0.75200576	0.7513	0.1855	3.8083	4.3136	4.306	4.586	4.833	4.447	4.162	3.884	3.551	3.274	3.255	3.04978204	1
	0.000200	10.0792	0.75856972	0.7578	0.2402	3.8110	4.2734	4.170	4.445	4.685	4.307	4.027	3.754	3.427	3.156	3.138	3.05296302	1
	0.000200	10.0792	0.76457596	0.7637	0.2945	3.8132	4.2310	4.034	4.307	4.539	4.168	3.892	3.623	3.302	3.035	3.018	3.05582738	1
	0.000200	10.0792	0.77017099	0.7692	0.3482	3.8147	4.1866	3.900	4.172	4.397	4.030	3.758	3.492	3.174	2.912	2.895	3.05845666	1
	0.000200	10.0792	0.77400422	0.7730	0.3878	3.8152	4.1513	3.800	4.074	4.294	3.929	3.659	3.394	3.078	2.817	2.800	3.06023669	1
	0.000200	10.0792	0.77565664	0.7746	0.4066	3.8151	4.1330	3.754	4.028	4.246	3.882	3.611	3.347	3.030	2.769	2.752	3.06099868	1
	0.000200	10.0792	0.78014517	0.7790	0.4622	3.8134	4.0731	3.614	3.896	4.109	3.742	3.470	3.203	2.882	2.618	2.601	3.06305289	1
	0.000200	10.0792	0.78328490	0.7821	0.5066	3.8107	4.0193	3.503	3.793	4.004	3.632	3.355	3.084	2.757	2.488	2.470	3.06447625	1
	0.000200	10.0792	0.78395432	0.7827	0.5169	3.8099	4.0062	3.478	3.770	3.981	3.607	3.329	3.057	2.727	2.457	2.439	3.06477833	2
	0.000200	10.0792	0.78569520	0.7844	0.5472	3.8063	3.9625	3.402	3.705	3.915	3.533	3.249	2.972	2.634	2.357	2.337	3.06556153	2
	0.000200	10.0792	0.78753418	0.7862	0.5834	3.8006	3.9047	3.311	3.632	3.842	3.446	3.152	2.867	2.516	2.227	2.205	3.06638527	2
	0.000200	10.0792	0.78897268	0.7876	0.6166	3.7937	3.8444	3.228	3.577	3.785	3.368	3.061	2.763	2.397	2.097	2.070	3.06702685	2
	0.000200	10.0792	0.79012990	0.7887	0.6471	3.7855	3.7820	3.152	3.537	3.745	3.300	2.974	2.662	2.279	1.967	1.933	3.06754136	2
	0.000200	10.0792	0.79131293	0.7898	0.6819	3.7747	3.7043	3.065	3.502	3.705	3.224	2.874	2.544	2.138	1.808	1.766	3.06806588	2
	0.000200	10.0792	0.79213339	0.7906	0.7094	3.7664	3.6439	2.996	3.477	3.670	3.164	2.799	2.456	2.031	1.686	1.638	3.06842875	2
	0.000200	10.0792	0.79284781	0.7913	0.7388	3.7587	3.5842	2.923	3.448	3.629	3.100	2.722	2.367	1.922	1.563	1.511	3.06874418	2
	0.000200	10.0792	0.79353988	0.7919	0.7776	3.7520	3.5189	2.826	3.394	3.562	3.013	2.623	2.257	1.796	1.424	1.368	3.06904936	2
	0.000200	10.0792	0.79409003	0.7924	0.8171	3.7475	3.4619	2.727	3.327	3.484	2.921	2.523	2.150	1.677	1.297	1.239	3.06929135	2
	0.000200	10.0792	0.79446995	0.7927	0.8489	3.7449	3.4198	2.648	3.268	3.417	2.846	2.443	2.066	1.586	1.201	1.141	3.06945825	3
	0.000200	10.0792	0.79455352	0.7928	0.8564	3.7444	3.4103	2.629	3.253	3.401	2.828	2.424	2.046	1.565	1.179	1.119	3.06949496	3
	0.000200	10.0792	0.79508537	0.7933	0.9071	3.7416	3.3487	2.502	3.148	3.287	2.705	2.297	1.914	1.426	1.034	0.972	3.06972837	3
	0.000200	10.0792	0.79558605	0.7937	0.9593	3.7392	3.2872	2.372	3.037	3.168	2.579	2.166	1.780	1.285	0.887	0.825	3.06994796	3
	0.000200	10.0792	0.79605180	0.7941	1.0116	3.7373	3.2274	2.241	2.923	3.047	2.453	2.036	1.647	1.146	0.743	0.680	3.07015181	3
	0.000200	10.0792	0.79644126	0.7944	1.0583	3.7357	3.1744	2.124	2.820	2.939	2.339	1.920	1.528	1.022	0.615	0.551	3.07032228	3
	0.000200	10.0792	0.79683846	0.7947	1.1094	3.7340	3.1167	1.996	2.707	2.820	2.215	1.792	1.398	0.887	0.476	0.411	3.07049561	3
	0.000200	10.0792	0.79719996	0.7950	1.1599	3.7325	3.0604	1.870	2.594	2.701	2.092	1.667	1.270	0.754	0.339	0.274	3.07065344	3
	0.000200	10.0792	0.79752797	0.7952	1.2097	3.7309	3.0046	1.746	2.482	2.584	1.971	1.543	1.143	0.623	0.204	0.138	3.07079649	3
	0.000200	10.0792	0.79783237	0.7954	1.2602	3.7294	2.9478	1.619	2.370	2.466	1.847	1.417	1.015	0.490	0.067	0.001	3.07092905	3
	0.000200	10.0792	0.79810578	0.7955	1.3098	3.7279	2.8924	1.496	2.261	2.349	1.726	1.293	0.889	0.360	-0.066	-0.133	3.07104826	3
	0.000200	10.0792	0.79836595	0.7956	1.3612	3.7263	2.8348	1.367	2.147	2.229	1.601	1.165	0.759	0.225	-0.205	-0.273	3.07116151	3
	0.000200	10.0792	0.79858649	0.7957	1.4089	3.7248	2.7809	1.248	2.043	2.118	1.485	1.047	0.637	0.099	-0.335	-0.403	3.07125735	3
	0.000200	10.0792	0.79878432	0.7957	1.4557	3.7233	2.7282	1.131	1.940	2.009	1.371	0.930	0.519	-0.024	-0.461	-0.530	3.07134318	3
	0.000200	10.0792	0.79897904	0.7957	1.5062	3.7216	2.6711	1.004	1.829	1.891	1.248	0.805	0.390	-0.157	-0.598	-0.668	3.07142782	3
	0.000200	10.0792	0.79914343	0.7957	1.5531	3.7200	2.6176	0.887	1.726	1.783	1.135	0.688	0.271	-0.281	-0.726	-0.796	3.07149911	3
	0.000200	10.0792	0.79929197	0.7956	1.5994	3.7184	2.5651	0.771	1.626	1.676	1.023	0.574	0.154	-0.403	-0.852	-0.923	3.07156372	3
	0.000200	10.0792	0.79942954	0.7955	1.6461	3.7168	2.5119	0.655	1.526	1.569	0.910	0.458	0.035	-0.526	-0.979	-1.051	3.07162333	3
	0.000200	10.0792	0.79955560	0.7954	1.6928	3.7151	2.4583	0.538	1.429	1.463	0.797	0.342	-0.084	-0.650	-1.107	-1.179	3.07167792	3
	0.000200	10.0792	0.79966503	0.7953	1.7370	3.7135	2.4077	0.428	1.339	1.363	0.691	0.232	-0.196	-0.767	-1.228	-1.301	3.07172537	3
	0.000200	10.0792	0.79976892	0.7951	1.7826	3.7119	2.3554	0.313	1.245	1.259	0.580	0.118	-0.313	-0.888	-1.353	-1.427	3.07177043	3
	0.000200	10.0792	0.79986143	0.7949	1.8268	3.7102	2.3044	0.203	1.156	1.160	0.474	0.008	-0.426	-1.006	-1.475	-1.549	3.07181048	3
	0.000200	10.0792	0.79994613	0.7947	1.8705	3.7085	2.2538	0.094	1.069	1.063	0.369	-0.101	-0.537	-1.122	-1.595	-1.670	3.07184720	3
	0.000200	10.0792	0.80000001	0.7945	1.8999	3.7075	2.2201	0.020	1.010	0.997	0.299	-0.173	-0.611	-1.200	-1.676	-1.751	3.07187057	3
	0.000200	10.0792	0.80000567	0.7945	1.9029	3.7074	2.2166	0.013	1.004	0.990	0.291	-0.181	-0.619	-1.208	-1.684	-1.760	3.07187319	3
	0.000200	10.0792	0.80008107	0.7942	1.9474	3.7056	2.1647	-0.099	0.917	0.892	0.185	-0.291	-0.732	-1.327	-1.807	-1.884	3.07190585	3
	0.000200	10.0792	0.80015039	0.7939	1.9918	3.7038	2.1130	-0.210	0.829	0.794	0.079	-0.401	-0.845	-1.445	-1.930	-2.008	3.07193565	3
	0.000200	10.0792	0.80021608	0.7935	2.0374	3.7021	2.0605	-0.323	0.739	0.693	-0.030	-0.514	-0.961	-1.566	-2.055	-2.133	3.07196426	3
	0.000200	10.0792	0.80027390	0.7931	2.0797	3.7002	2.0103	-0.429	0.658	0.603	-0.131	-0.618	-1.069	-1.679	-2.174	-2.253	3.07198930	3
	0.000200	10.0792	0.80032951	0.7926	2.1230	3.6984	1.9596	-0.538	0.579	0.509	-0.233	-0.725	-1.179	-1.795	-2.294	-2.374	3.07201338	3
	0.000200	10.0792	0.80038732	0.7920	2.1678	3.6966	1.9073	-0.650	0.498	0.413	-0.340	-0.835	-1.293	-1.915	-2.419	-2.499	3.07203841	3
	0.000200	10.0792	0.80043894	0.7914	2.1910	3.6956	1.8800	-0.708	0.456	0.364	-0.395	-0.892	-1.352	-1.977	-2.483	-2.564	3.07206059	3
	0.000200	10.0792	0.80047077	0.7911	2.1817	3.6963	1.8919	-0.684	0.469	0.381	-0.374	-0.870	-1.328	-1.951	-2.455	-2.536	3.07207441	3
	0.000200	10.0792	0.80047762	0.7910	2.1886	3.6960	1.8835	-0.702	0.457	0.367	-0.390	-0.887	-1.346	-1.970	-2.475	-2.556	3.07207727	3
	0.000200	10.0792	0.80051541	0.7905	2.2304	3.6941	1.8338	-0.806	0.384	0.279	-0.488	-0.989	-1.452	-2.082	-2.593	-2.674	3.07209373	3
	0.000200	10.0792	0.80055356	0.7899	2.2749	3.6923	1.7817	-0.917	0.305	0.185	-0.593	-1.099	-1.565	-2.201	-2.717	-2.799	3.07211018	3
	0.000200	10.0792	0.80058604	0.7893	2.3153	3.6903	1.7332	-1.018	0.237	0.102	-0.687	-1.198	-1.668	-2.310	-2.831	-2.914	3.07212424	3
	0.000200	10.0792	0.80061793	0.7887	2.3576	3.6883	1.6826	-1.124	0.167	0.016	-0.786	-1.301	-1.775	-2.424	-2.950	-3.034	3.07213807	3
	0.000200	10.0792	0.80064774	0.7879	2.4001	3.6865	1.6323	-1.230	0.096	-0.072	-0.885	-1.405	-1.883	-2.538	-3.069	-3.154	3.07215095	3
	0.000200	10.0792	0.80067378	0.7872	2.4399	3.6844	1.5837	-1.330	0.034	-0.150	-0.976	-1.501	-1.983	-2.646	-3.183	-3.269	3.07216215	3
	0.000200	10.0792	0.80069959	0.7863	2.4825	3.6825	1.5331	-1.436	-0.036	-0.236	-1.074	-1.605	-2.091	-2.760	-3.303	-3.389	3.07217336	3
	0.000200	10.0792	0.80072248	0.7854	2.5230	3.6805	1.4841	-1.537	-0.099	-0.317	-1.167	-1.703	-2.194	-2.869	-3.418	-3.505	3.07218337	3
	0.000200	10.0792	0.80074382	0.7844	2.5634	3.6785	1.4349	-1.639	-0.158	-0.395	-1.259	-1.801	-2.295	-2.978	-3.532	-3.621	3.07219243	3
	0.000200	10.0792	0.80076420	0.7833	2.6047	3.6765	1.3854	-1.742	-0.221	-0.476	-1.353	-1.900	-2.399	-3.089	-3.648	-3.737	3.07220125	3
	0.000200	10.0792	0.80078614	0.7818	2.6524	3.6738	1.3260	-1.861	-0.284	-0.565	-1.460	-2.015	-2.519	-3.218	-3.785	-3.875	3.07221079	3
	0.000200	10.0792	0.80080378	0.7805	2.6941	3.6719	1.2759	-1.965	-0.346	-0.646	-1.554	-2.115	-2.624	-3.330	-3.902	-3.993	3.07221842	3
	0.000200	10.0792	0.80082196	0.7789	2.7402	3.6692	1.2180	-2.081	-0.403	-0.729	-1.656	-2.225	-2.740	-3.455	-4.035	-4.127	3.07222629	3
	0.000200	10.0792	0.80083698	0.7773	2.7813	3.6672	1.1682	-2.183	-0.460	-0.807	-1.748	-2.323	-2.843	-3.565	-4.151	-4.244	3.07223272	3
	0.000200	10.0792	0.80085218	0.7754	2.8260	3.6645	1.1113	-2.295	-0.508	-0.884	-1.844	-2.428	-2.955	-3.687	-4.281	-4.374	3.07223940	3
	0.000200	10.0792	0.80086493	0.7735	2.8659	3.6625	1.0623	-2.395	-0.560	-0.958	-1.932	-2.523	-3.055	-3.794	-4.394	-4.488	3.07224488	3
	0.000200	10.0792	0.80087823	0.7712	2.9108	3.6597	1.0052	-2.507	-0.608	-1.035	-2.028	-2.628	-3.167	-3.916	-4.524	-4.619	3.07225060	3
	0.000200	10.0792	0.80089176	0.7685	2.9600	3.6571	0.9442	-2.630	-0.635	-1.113	-2.134	-2.745	-3.292	-4.050	-4.662	-4.759	3.07225633	3
	0.000200	10.0792	0.80090272	0.7658	3.0028	3.6543	0.8883	-2.737	-0.638	-1.170	-2.221	-2.845	-3.400	-4.169	-4.787	-4.884	3.07226110	3
	0.000200	10.0792	0.80091214	0.7631	3.0421	3.6522	0.8393	-2.835	-0.652	-1.228	-2.305	-2.939	-3.501	-4.276	-4.897	-4.996	3.07226515	3
	0.000200	10.0792	0.80092180	0.7598	3.0850	3.6494	0.7832	-2.942	-0.650	-1.283	-2.391	-3.039	-3.609	-4.395	-5.022	-5.121	3.07226944	3
	0.000200	10.0792	0.80093175	0.7558	3.1320	3.6467	0.7233	-3.060	-0.652	-1.346	-2.487	-3.149	-3.728	-4.523	-5.156	-5.255	3.07227373	3
	0.000200	10.0792	0.80094010	0.7519	3.1741	3.6439	0.6675	-3.165	-0.638	-1.394	-2.569	-3.245	-3.834	-4.639	-5.278	-5.377	3.07227731	3
	0.000200	10.0792	0.80094850	0.7471	3.2191	3.6412	0.6092	-3.278	-0.631	-1.449	-2.659	-3.350	-3.948	-4.763	-5.407	-5.506	3.07228088	3
	0.000200	10.0792	0.80095631	0.7419	3.2620	3.6385	0.5522	-3.385	-0.610	-1.495	-2.740	-3.447	-4.055	-4.880	-5.531	-5.630	3.07228422	3
	0.000200	10.0792	0.80095851	0.7403	3.2721	3.6379	0.5388	-3.410	-0.606	-1.506	-2.760	-3.470	-4.080	-4.908	-5.560	-5.659	3.07228518	4
	0.000200	10.0792	0.80095851	0.7403	1.6807	3.8750	3.0787	0.568	0.801	0.736	0.569	0.444	0.313	0.140	0.031	0.015	3.07228518	4
	0.000200	10.0792	0.80096000	0.7403	1.6973	3.8648	3.0211	0.527	0.774	0.725	0.531	0.386	0.236	0.041	-0.087	-0.103	3.07228589	4
	0.000200	10.0792	0.80101311	0.7403	1.7039	3.8632	3.0084	0.510	0.760	0.712	0.515	0.367	0.214	0.016	-0.115	-0.131	3.07230878	4
	0.000200	10.0792	0.80106759	0.7403	1.7043	3.8641	3.0116	0.509	0.758	0.708	0.514	0.367	0.216	0.020	-0.109	-0.125	3.07233238	4
	0.000200	10.0792	0.80112380	0.7403	1.7043	3.8653	3.0162	0.509	0.756	0.705	0.513	0.369	0.220	0.026	-0.101	-0.117	3.07235670	4
	0.000200	10.0792	0.80118024	0.7403	1.7043	3.8665	3.0213	0.509	0.754	0.701	0.512	0.371	0.224	0.033	-0.091	-0.107	3.07238102	4
	0.000200	10.0792	0.80123681	0.7403	1.7041	3.8678	3.0265	0.510	0.753	0.697	0.512	0.373	0.229	0.041	-0.081	-0.097	3.07240558	4
	0.000200	10.0792	0.80129397	0.7403	1.7039	3.8690	3.0316	0.510	0.752	0.694	0.512	0.376	0.233	0.048	-0.072	-0.088	3.07243013	4
	0.000200	10.0792	0.80135202	0.7403	1.7037	3.8701	3.0362	0.511	0.750	0.691	0.512	0.378	0.237	0.054	-0.063	-0.079	3.07245517	4
	0.000200	10.0792	0.80140990	0.7403	1.7035	3.8709	3.0396	0.511	0.750	0.689	0.512	0.380	0.241	0.060	-0.056	-0.072	3.07248020	4
	0.000200	10.0792	0.80146492	0.7403	1.7037	3.8712	3.0405	0.511	0.749	0.687	0.511	0.380	0.241	0.061	-0.055	-0.071	3.07250404	4
	0.000200	10.0792	0.80152053	0.7403	1.7041	3.8712	3.0403	0.510	0.748	0.686	0.511	0.379	0.241	0.060	-0.055	-0.071	3.07252789	4
	0.000200	10.0792	0.80157483	0.7403	1.7047	3.8707	3.0376	0.508	0.747	0.686	0.509	0.377	0.237	0.055	-0.061	-0.077	3.07255125	4
	0.000200	10.0792	0.80162966	0.7403	1.7055	3.8697	3.0328	0.506	0.746	0.687	0.507	0.373	0.231	0.048	-0.070	-0.086	3.07257509	4
	0.000200	10.0792	0.80168265	0.7403	1.7067	3.8681	3.0252	0.503	0.746	0.689	0.505	0.367	0.223	0.036	-0.085	-0.102	3.07259798	4
	0.000200	10.0792	0.80173552	0.7403	1.7083	3.8660	3.0150	0.499	0.745	0.692	0.503	0.360	0.212	0.020	-0.105	-0.122	3.07262063	4
	0.000200	10.0792	0.80179173	0.7403	1.7103	3.8629	3.0006	0.494	0.745	0.697	0.499	0.350	0.197	-0.002	-0.133	-0.150	3.07264495	4
	0.000200	10.0792	0.80184728	0.7403	1.7127	3.8591	2.9832	0.488	0.744	0.703	0.495	0.339	0.178	-0.028	-0.167	-0.184	3.07266879	4
	0.000200	10.0792	0.80190450	0.7403	1.7157	3.8546	2.9620	0.481	0.744	0.711	0.492	0.327	0.157	-0.059	-0.208	-0.225	3.07269359	4
	0.000200	10.0792	0.80196297	0.7403	1.7192	3.8490	2.9361	0.472	0.744	0.721	0.489	0.312	0.132	-0.098	-0.257	-0.276	3.07271862	4
	0.000200	10.0792	0.80201614	0.7403	1.7229	3.8432	2.9093	0.463	0.744	0.733	0.485	0.298	0.106	-0.137	-0.309	-0.328	3.07274151	4
	0.000200	10.0792	0.80206203	0.7403	1.7264	3.8376	2.8834	0.454	0.745	0.744	0.482	0.283	0.081	-0.175	-0.359	-0.378	3.07276130	4
	0.000200	10.0792	0.80207288	0.7403	1.7273	3.8362	2.8770	0.452	0.746	0.747	0.482	0.280	0.075	-0.184	-0.371	-0.391	3.07276607	4
	0.000200	10.0792	0.80212873	0.7403	1.7319	3.8290	2.8436	0.440	0.749	0.762	0.479	0.262	0.044	-0.232	-0.435	-0.455	3.07279015	4
	0.000200	10.0792	0.80218554	0.7403	1.7368	3.8217	2.8095	0.428	0.753	0.779	0.476	0.245	0.013	-0.280	-0.499	-0.522	3.07281470	4
	0.000200	10.0792	0.80223995	0.7403	1.7419	3.8142	2.7742	0.415	0.759	0.796	0.474	0.227	-0.019	-0.330	-0.566	-0.590	3.07283807	4
	0.000200	10.0792	0.80229819	0.7402	1.7481	3.8060	2.7352	0.400	0.766	0.815	0.470	0.207	-0.055	-0.386	-0.641	-0.666	3.07286310	4
	0.000200	10.0792	0.80235255	0.7402	1.7538	3.7993	2.7028	0.385	0.772	0.829	0.465	0.189	-0.084	-0.432	-0.703	-0.729	3.07288647	4
	0.000200	10.0792	0.80240679	0.7402	1.7601	3.7925	2.6690	0.370	0.779	0.851	0.464	0.171	-0.115	-0.480	-0.766	-0.796	3.07290983	4
	0.000200	10.0792	0.80246216	0.7401	1.7664	3.7865	2.6389	0.354	0.784	0.871	0.462	0.154	-0.143	-0.524	-0.822	-0.856	3.07293367	4
	0.000200	10.0792	0.80251652	0.7401	1.7729	3.7811	2.6108	0.338	0.787	0.889	0.459	0.137	-0.170	-0.565	-0.875	-0.913	3.07295704	4
	0.000200	10.0792	0.80257058	0.7400	1.7805	3.7760	2.5826	0.319	0.792	0.897	0.450	0.118	-0.199	-0.608	-0.932	-0.971	3.07298040	4
	0.000200	10.0792	0.80263203	0.7400	1.7804	3.7741	2.5751	0.319	0.802	0.907	0.454	0.118	-0.203	-0.617	-0.945	-0.986	3.07300687	4
	0.000200	10.0792	0.80268830	0.7399	1.7961	3.7667	2.5297	0.280	0.799	0.904	0.428	0.077	-0.256	-0.690	-1.037	-1.080	3.07303095	4
	0.000200	10.0792	0.80274391	0.7398	1.8174	3.7594	2.4794	0.227	0.782	0.886	0.387	0.022	-0.324	-0.775	-1.139	-1.185	3.07305503	4
	0.000200	10.0792	0.80278128	0.7398	1.8432	3.7525	2.4258	0.162	0.759	0.855	0.335	-0.043	-0.401	-0.870	-1.249	-1.298	3.07307100	4
	0.000200	10.0792	0.80280292	0.7397	1.8725	3.7456	2.3691	0.089	0.731	0.818	0.275	-0.117	-0.487	-0.973	-1.367	-1.419	3.07308030	4
	0.000200	10.0792	0.80281371	0.7397	1.9045	3.7391	2.3111	0.009	0.698	0.773	0.207	-0.198	-0.578	-1.081	-1.488	-1.544	3.07308483	4
	0.000200	10.0792	0.80281872	0.7397	1.9365	3.7336	2.2568	-0.071	0.666	0.726	0.139	-0.277	-0.668	-1.186	-1.605	-1.663	3.07308722	4
	0.000200	10.0792	0.80282140	0.7397	1.9710	3.7285	2.2020	-0.158	0.625	0.670	0.063	-0.363	-0.762	-1.294	-1.724	-1.785	3.07308817	4
	0.000200	10.0792	0.80282289	0.7397	2.0054	3.7244	2.1511	-0.243	0.579	0.610	-0.013	-0.448	-0.854	-1.397	-1.836	-1.900	3.07308888	5
	0.000200	10.0792	0.80282301	0.7397	2.0081	3.7241	2.1472	-0.250	0.576	0.605	-0.019	-0.454	-0.862	-1.405	-1.845	-1.908	3.07308888	7
	0.000200	10.0792	0.80282402	0.7396	2.0473	3.7204	2.0932	-0.348	0.514	0.531	-0.109	-0.551	-0.965	-1.518	-1.967	-2.032	3.07308936	7
	0.000200	10.0792	0.80282491	0.7396	2.0842	3.7173	2.0439	-0.441	0.456	0.460	-0.193	-0.642	-1.062	-1.623	-2.079	-2.146	3.07308984	7
	0.000200	10.0792	0.80282581	0.7396	2.1179	3.7147	1.9999	-0.525	0.402	0.393	-0.270	-0.726	-1.149	-1.718	-2.180	-2.248	3.07309008	7
	0.000200	10.0792	0.80282670	0.7396	2.1400	3.7131	1.9716	-0.580	0.366	0.350	-0.322	-0.780	-1.207	-1.780	-2.245	-2.315	3.07309055	7
	0.000200	10.0792	0.80282807	0.7396	2.1672	3.7113	1.9372	-0.648	0.322	0.295	-0.385	-0.848	-1.277	-1.856	-2.325	-2.396	3.07309103	7
	0.000200	10.0792	0.80283058	0.7396	2.1478	3.7128	1.9626	-0.600	0.351	0.332	-0.341	-0.800	-1.227	-1.801	-2.267	-2.337	3.07309222	7
	0.000200	10.0792	0.80283475	0.7396	2.1185	3.7149	2.0002	-0.526	0.398	0.390	-0.272	-0.727	-1.150	-1.718	-2.180	-2.248	3.07309389	7
	0.000200	10.0792	0.80286008	0.7393	2.1455	3.7125	1.9635	-0.594	0.360	0.340	-0.334	-0.794	-1.221	-1.796	-2.263	-2.333	3.07310486	7
	0.000200	10.0792	0.80287552	0.7392	2.1791	3.7100	1.9197	-0.678	0.308	0.275	-0.411	-0.877	-1.309	-1.891	-2.364	-2.435	3.07311153	7
	0.000200	10.0792	0.80289418	0.7390	2.2222	3.7070	1.8643	-0.786	0.243	0.192	-0.510	-0.983	-1.421	-2.012	-2.492	-2.565	3.07311964	7
	0.000200	10.0792	0.80291319	0.7387	2.2770	3.7033	1.7948	-0.922	0.158	0.085	-0.637	-1.117	-1.562	-2.165	-2.653	-2.728	3.07312775	7
	0.000200	10.0792	0.80293036	0.7385	2.3248	3.7003	1.7348	-1.042	0.083	-0.009	-0.747	-1.235	-1.685	-2.297	-2.793	-2.870	3.07313514	7
	0.000200	10.0792	0.80294549	0.7382	2.3685	3.6976	1.6801	-1.151	0.016	-0.095	-0.847	-1.342	-1.797	-2.418	-2.920	-2.998	3.07314157	7
	0.000200	10.0792	0.80295891	0.7378	2.4115	3.6950	1.6265	-1.259	-0.050	-0.178	-0.946	-1.446	-1.907	-2.536	-3.045	-3.124	3.07314730	7
	0.000200	10.0792	0.80297065	0.7375	2.4535	3.6925	1.5743	-1.364	-0.114	-0.260	-1.042	-1.548	-2.014	-2.651	-3.167	-3.247	3.07315230	7
	0.000200	10.0792	0.80298108	0.7372	2.4945	3.6901	1.5233	-1.466	-0.177	-0.339	-1.136	-1.648	-2.119	-2.764	-3.286	-3.367	3.07315683	7
	0.000200	10.0792	0.80299056	0.7368	2.5357	3.6876	1.4721	-1.569	-0.235	-0.417	-1.229	-1.747	-2.223	-2.876	-3.406	-3.488	3.07316089	7
	0.000200	10.0792	0.80299920	0.7364	2.5768	3.6852	1.4210	-1.672	-0.292	-0.494	-1.322	-1.847	-2.328	-2.989	-3.525	-3.609	3.07316470	7
	0.000200	10.0792	0.80300730	0.7360	2.6180	3.6827	1.3696	-1.775	-0.349	-0.571	-1.414	-1.946	-2.432	-3.101	-3.644	-3.729	3.07316828	7
	0.000200	10.0792	0.80301481	0.7355	2.6590	3.6801	1.3182	-1.878	-0.404	-0.647	-1.506	-2.045	-2.536	-3.214	-3.764	-3.850	3.07317138	7
	0.000200	10.0792	0.80302197	0.7350	2.6996	3.6777	1.2674	-1.979	-0.455	-0.720	-1.595	-2.141	-2.639	-3.325	-3.881	-3.969	3.07317448	7
	0.000200	10.0792	0.80302888	0.7344	2.7398	3.6752	1.2170	-2.079	-0.504	-0.792	-1.684	-2.237	-2.740	-3.434	-3.998	-4.086	3.07317734	7
	0.000200	10.0792	0.80303544	0.7338	2.7806	3.6727	1.1656	-2.181	-0.553	-0.864	-1.774	-2.334	-2.843	-3.546	-4.116	-4.206	3.07318020	7
	0.000200	10.0792	0.80304140	0.7331	2.8224	3.6700	1.1129	-2.286	-0.603	-0.938	-1.865	-2.433	-2.948	-3.660	-4.238	-4.329	3.07318282	7
	0.000200	10.0792	0.80304635	0.7325	2.8635	3.6674	1.0608	-2.389	-0.646	-1.008	-1.953	-2.530	-3.051	-3.773	-4.358	-4.450	3.07318497	7
	0.000200	10.0792	0.80305052	0.7318	2.9049	3.6647	1.0083	-2.492	-0.688	-1.077	-2.041	-2.627	-3.154	-3.886	-4.479	-4.572	3.07318664	7
	0.000200	10.0792	0.80305409	0.7312	2.9451	3.6620	0.9571	-2.593	-0.705	-1.137	-2.126	-2.722	-3.257	-3.997	-4.596	-4.689	3.07318830	7
	0.000200	10.0792	0.80305743	0.7305	2.9848	3.6594	0.9063	-2.692	-0.714	-1.193	-2.208	-2.816	-3.358	-4.107	-4.711	-4.806	3.07318974	7
	0.000200	10.0792	0.80306083	0.7296	3.0270	3.6565	0.8522	-2.797	-0.718	-1.249	-2.294	-2.914	-3.465	-4.224	-4.834	-4.930	3.07319117	7
	0.000200	10.0792	0.80306387	0.7287	3.0713	3.6535	0.7952	-2.908	-0.717	-1.306	-2.384	-3.018	-3.578	-4.348	-4.963	-5.060	3.07319260	7
	0.000200	10.0792	0.80306488	0.7284	3.0895	3.6522	0.7716	-2.954	-0.715	-1.328	-2.420	-3.060	-3.624	-4.398	-5.017	-5.114	3.07319283	7
	0.000200	10.0792	0.80306512	0.7283	3.1255	3.6496	0.7251	-3.044	-0.706	-1.370	-2.491	-3.143	-3.716	-4.499	-5.122	-5.220	3.07319307	7
	0.000200	10.0792	0.80306542	0.7282	3.1698	3.6463	0.6677	-3.154	-0.688	-1.417	-2.576	-3.244	-3.826	-4.622	-5.253	-5.351	3.07319307	7
	0.000200	10.0792	0.80306584	0.7280	3.2094	3.6433	0.6161	-3.253	-0.667	-1.458	-2.650	-3.333	-3.926	-4.732	-5.370	-5.468	3.07319331	7
	0.000200	10.0792	0.80306607	0.7279	3.2134	3.6431	0.6110	-3.264	-0.666	-1.462	-2.658	-3.342	-3.936	-4.743	-5.382	-5.480	3.07319355	7
	0.000200	10.0792	0.80306607	0.7279	3.2134	3.6431	0.6110	-3.264	-0.666	-1.463	-2.658	-3.343	-3.936	-4.743	-5.382	-5.480	3.07319355	8
