# File generated by CMD 2.9 (http://stev.oapd.inaf.it/cmd) on Wed Feb  1 10:21:36 CET 2017
# isochrones PARSEC release v1.2S + COLIBRI release PR16, as in Marigo et al. 2017
# Basic reference: Marigo et al. (2017), ApJ, 835, 77
# Photometric system: <i>UBVRIJHK</i> (cf. Maiz-Apellaniz 2006 + Bessell 1990)
# Kind of output: isochrone tables
# Zini Age Mini  Mass   logL    logTe  logg  label   McoreTP C_O period0 period1 pmode  Mloss  tau1m  X   Y   Xc  Xn  Xo  Cexcess  Z	mbolmag  Umag    Bmag    Vmag    Rmag    Imag    Jmag    Hmag    Kmag 
0.00492  1.20e+10  0.0900000036   0.090 -3.326  3.4054  5.291    0  0.000  0.463     0.00     0.00 -1  4.48e-17      0.00 7.000e-01 2.990e-01 1.100e-03 5.880e-04 3.170e-03 -1.000 1.000e-03	13.084	22.662	19.546	17.400	15.460	13.172	10.989	10.444	10.145
0.00492  1.20e+10  0.1000000015   0.100 -3.117  3.4352  5.248    0  0.000  0.463     0.00     0.00 -1  7.24e-17      0.00 7.000e-01 2.990e-01 1.100e-03 5.880e-04 3.170e-03 -1.000 1.000e-03	12.562	20.875	18.168	16.134	14.425	12.362	10.534	9.993	9.722
0.00492  1.20e+10  0.1173711121   0.117 -2.881  3.4635  5.195    0  0.000  0.463     0.00     0.00 -1  1.22e-16      0.00 7.000e-01 2.990e-01 1.100e-03 5.880e-04 3.170e-03 -1.000 1.000e-03	11.974	19.642	16.905	14.860	13.343	11.543	10.043	9.469	9.236
0.00492  1.20e+10  0.1199999973   0.120 -2.849  3.4675  5.188    0  0.000  0.463     0.00     0.00 -1         0      0.00 7.000e-01 2.990e-01 1.100e-03 5.880e-04 3.170e-03 -1.000 1.000e-03	11.892	19.357	16.704	14.681	13.205	11.448	9.973	9.397	9.161
0.00492  1.20e+10  0.1400000006   0.140 -2.663  3.4869  5.147    0  0.000  0.463     0.00     0.00 -1         0      0.00 7.000e-01 2.990e-01 1.100e-03 5.880e-04 3.170e-03 -1.000 9.999e-04	11.428	17.946	15.681	13.772	12.468	10.922	9.566	8.983	8.734
0.00492  1.20e+10  0.1599999964   0.160 -2.519  3.5001  5.114    0  0.000  0.463     0.00     0.00 -1         0      0.00 7.000e-01 2.990e-01 1.100e-03 5.880e-04 3.170e-03 -1.000 1.000e-03	11.068	17.033	14.991	13.155	11.939	10.529	9.244	8.659	8.407
0.00492  1.20e+10  0.1999999881   0.200 -2.295  3.5180  5.058    0  0.000  0.463     0.00     0.00 -1         0      0.00 7.000e-01 2.990e-01 1.100e-03 5.880e-04 3.170e-03 -1.000 1.000e-03	10.507	15.839	14.036	12.298	11.174	9.929	8.729	8.146	7.895
0.00492  1.20e+10  0.2500000000   0.250 -2.083  3.5319  4.999    0  0.000  0.463     0.00     0.00 -1         0      0.00 7.000e-01 2.990e-01 1.100e-03 5.880e-04 3.170e-03 -1.000 1.000e-03	9.977	14.894	13.234	11.571	10.502	9.371	8.233	7.653	7.405
0.00492  1.20e+10  0.3000000119   0.300 -1.920  3.5415  4.953    0  0.000  0.463     0.00     0.00 -1         0      0.00 7.000e-01 2.990e-01 1.100e-03 5.880e-04 3.170e-03 -1.000 1.000e-03	9.571	14.260	12.665	11.044	10.006	8.946	7.849	7.268	7.025
0.00492  1.20e+10  0.3499999642   0.350 -1.779  3.5497  4.912    0  0.000  0.463     0.00     0.00 -1         0      0.00 7.000e-01 2.990e-01 1.100e-03 5.880e-04 3.170e-03 -1.000 9.999e-04	9.218	13.735	12.186	10.599	9.583	8.580	7.516	6.935	6.696
0.00492  1.20e+10  0.3999999762   0.400 -1.625  3.5613  4.863    0  0.000  0.463     0.00     0.00 -1         0      0.00 7.000e-01 2.990e-01 1.100e-03 5.880e-04 3.170e-03 -1.000 1.000e-03	8.833	13.121	11.635	10.093	9.107	8.181	7.161	6.578	6.345
0.00492  1.20e+10  0.4499999881   0.450 -1.455  3.5764  4.804    0  0.000  0.463     0.00     0.00 -1   2.6e-15      0.00 7.000e-01 2.990e-01 1.100e-03 5.880e-04 3.170e-03 -1.000 1.000e-03	8.409	12.398	11.032	9.554	8.596	7.739	6.758	6.178	5.959
0.00492  1.20e+10  0.4999999404   0.500 -1.271  3.5969  4.748    0  0.000  0.463     0.00     0.00 -1  4.03e-15      0.00 7.000e-01 2.990e-01 1.100e-03 5.880e-04 3.170e-03 -1.000 1.000e-03	7.947	11.177	10.156	8.855	7.990	7.255	6.344	5.720	5.564
0.00492  1.20e+10  0.5209430456   0.521 -1.180  3.6094  4.724    0  0.000  0.463     0.00     0.00 -1     5e-15      0.00 7.000e-01 2.990e-01 1.100e-03 5.880e-04 3.170e-03 -1.000 1.000e-03	7.719	10.751	9.783	8.537	7.715	7.034	6.155	5.508	5.370
0.00492  1.20e+10  0.5500000119   0.550 -1.060  3.6257  4.693    0  0.000  0.463     0.00     0.00 -1  6.65e-15      0.00 7.000e-01 2.990e-01 1.100e-03 5.880e-04 3.170e-03 -1.000 1.000e-03	7.420	10.228	9.312	8.131	7.366	6.746	5.903	5.233	5.114
0.00492  1.20e+10  0.5999999642   0.600 -0.860  3.6582  4.661    0  0.000  0.463     0.00     0.00 -1  1.05e-14      0.00 7.000e-01 2.990e-01 1.100e-03 5.880e-04 3.170e-03 -1.000 1.000e-03	6.919	9.173	8.441	7.410	6.765	6.240	5.489	4.863	4.776
0.00492  1.20e+10  0.6154046059   0.615 -0.796  3.6690  4.651    0  0.000  0.463     0.00     0.00 -1  1.21e-14      0.00 7.000e-01 2.990e-01 1.100e-03 5.880e-04 3.170e-03 -1.000 1.000e-03	6.761	8.825	8.171	7.183	6.577	6.077	5.363	4.767	4.687
0.00492  1.20e+10  0.6499999166   0.650 -0.659  3.6924  4.631    0  0.000  0.463     0.00     0.00 -1  1.65e-14      0.00 7.000e-01 2.990e-01 1.100e-03 5.880e-04 3.170e-03 -1.000 1.000e-03	6.417	8.080	7.608	6.709	6.179	5.727	5.093	4.567	4.499
0.00492  1.20e+10  0.6571558714   0.657 -0.631  3.6967  4.625    0  0.000  0.463     0.00     0.00 -1         0      0.00 7.000e-01 2.990e-01 1.100e-03 5.880e-04 3.170e-03 -1.000 1.000e-03	6.347	7.937	7.500	6.618	6.100	5.656	5.037	4.524	4.459
0.00492  1.20e+10  0.6704646349   0.670 -0.579  3.7048  4.614    0  0.000  0.463     0.00     0.00 -1         0      0.00 7.000e-01 2.990e-01 1.100e-03 5.880e-04 3.170e-03 -1.000 1.000e-03	6.216	7.679	7.306	6.455	5.958	5.528	4.936	4.446	4.385
0.00492  1.20e+10  0.6833608150   0.683 -0.528  3.7125  4.602    0  0.000  0.463     0.00     0.00 -1         0      0.00 7.000e-01 2.990e-01 1.100e-03 5.880e-04 3.170e-03 -1.000 1.000e-03	6.089	7.432	7.121	6.299	5.822	5.405	4.837	4.369	4.311
0.00492  1.20e+10  0.6953616142   0.695 -0.480  3.7195  4.591    0  0.000  0.463     0.00     0.00 -1         0      0.00 7.000e-01 2.990e-01 1.100e-03 5.880e-04 3.170e-03 -1.000 1.000e-03	5.971	7.207	6.950	6.157	5.696	5.292	4.746	4.296	4.242
0.00492  1.20e+10  0.6999999881   0.700 -0.462  3.7222  4.586    0  0.000  0.463     0.00     0.00 -1  2.64e-14      0.00 7.000e-01 2.990e-01 1.100e-03 5.880e-04 3.170e-03 -1.000 1.000e-03	5.925	7.121	6.884	6.102	5.648	5.248	4.710	4.268	4.214
0.00492  1.20e+10  0.7002176046   0.700 -0.461  3.7223  4.586    0  0.000  0.463     0.00     0.00 -1  2.64e-14      0.00 7.000e-01 2.990e-01 1.100e-03 5.880e-04 3.170e-03 -1.000 1.000e-03	5.923	7.116	6.881	6.099	5.646	5.246	4.708	4.266	4.213
0.00492  1.20e+10  0.7111791372   0.711 -0.417  3.7285  4.573    0  0.000  0.463     0.00     0.00 -1  2.94e-14      0.00 7.000e-01 2.990e-01 1.100e-03 5.880e-04 3.170e-03 -1.000 1.000e-03	5.813	6.917	6.728	5.971	5.532	5.142	4.623	4.197	4.146
0.00492  1.20e+10  0.7216222882   0.722 -0.375  3.7343  4.560    0  0.000  0.463     0.00     0.00 -1         0      0.00 7.000e-01 2.990e-01 1.100e-03 5.880e-04 3.170e-03 -1.000 1.000e-03	5.706	6.729	6.583	5.850	5.423	5.043	4.541	4.129	4.081
0.00492  1.20e+10  0.7318398356   0.732 -0.333  3.7398  4.546    0  0.000  0.463     0.00     0.00 -1         0      0.00 7.000e-01 2.990e-01 1.100e-03 5.880e-04 3.170e-03 -1.000 1.000e-03	5.602	6.550	6.441	5.733	5.317	4.946	4.460	4.060	4.015
0.00492  1.20e+10  0.7414432168   0.741 -0.293  3.7449  4.532    0  0.000  0.463     0.00     0.00 -1         0      0.00 7.000e-01 2.990e-01 1.100e-03 5.880e-04 3.170e-03 -1.000 1.000e-03	5.502	6.387	6.311	5.624	5.218	4.855	4.382	3.994	3.951
0.00492  1.20e+10  0.7488860488   0.749 -0.262  3.7487  4.521    0  0.000  0.463     0.00     0.00 -1         0      0.00 7.000e-01 2.990e-01 1.100e-03 5.880e-04 3.170e-03 -1.000 1.000e-03	5.424	6.262	6.209	5.538	5.141	4.783	4.321	3.942	3.901
0.00492  1.20e+10  0.7491637468   0.749 -0.260  3.7488  4.520    0  0.000  0.463     0.00     0.00 -1         0      0.00 7.000e-01 2.990e-01 1.100e-03 5.880e-04 3.170e-03 -1.000 1.000e-03	5.421	6.258	6.205	5.535	5.138	4.781	4.319	3.940	3.899
0.00492  1.20e+10  0.7624046206   0.762 -0.204  3.7546  4.494    0  0.000  0.463     0.00     0.00 -1         0      0.00 7.000e-01 2.990e-01 1.100e-03 5.880e-04 3.170e-03 -1.000 9.999e-04	5.280	6.049	6.029	5.384	4.998	4.650	4.203	3.837	3.799
0.00492  1.20e+10  0.7749887705   0.775 -0.149  3.7598  4.467    0  0.000  0.463     0.00     0.00 -1         0      0.00 7.000e-01 2.990e-01 1.100e-03 5.880e-04 3.170e-03 -1.000 1.000e-03	5.142	5.855	5.861	5.238	4.863	4.522	4.089	3.735	3.698
0.00492  1.20e+10  0.7865201235   0.786 -0.096  3.7643  4.439    0  0.000  0.463     0.00     0.00 -1         0      0.00 7.000e-01 2.990e-01 1.100e-03 5.880e-04 3.170e-03 -1.000 1.000e-03	5.011	5.675	5.703	5.101	4.734	4.400	3.979	3.634	3.599
0.00492  1.20e+10  0.7970682383   0.797 -0.046  3.7682  4.410    0  0.000  0.463     0.00     0.00 -1         0      0.00 7.000e-01 2.990e-01 1.100e-03 5.880e-04 3.170e-03 -1.000 1.000e-03	4.885	5.512	5.556	4.970	4.611	4.283	3.872	3.535	3.502
0.00492  1.20e+10  0.7977721095   0.797 -0.043  3.7684  4.408    0  0.000  0.463     0.00     0.00 -1         0      0.00 7.000e-01 2.990e-01 1.100e-03 5.880e-04 3.170e-03 -1.000 1.000e-03	4.877	5.501	5.546	4.961	4.602	4.275	3.865	3.528	3.495
0.00492  1.20e+10  0.8030695319   0.802 -0.017  3.7702  4.392    0  0.000  0.463     0.00     0.00 -1         0      0.00 7.000e-01 2.990e-01 1.100e-03 5.880e-04 3.170e-03 -1.000 1.000e-03	4.811	5.420	5.472	4.894	4.538	4.213	3.808	3.475	3.442
0.00492  1.20e+10  0.8108609319   0.810  0.023  3.7725  4.365    0  0.000  0.463     0.00     0.00 -1         0      0.00 7.000e-01 2.990e-01 1.100e-03 5.880e-04 3.170e-03 -1.000 1.000e-03	4.712	5.300	5.359	4.791	4.440	4.119	3.719	3.391	3.360
0.00492  1.20e+10  0.8183088899   0.818  0.062  3.7746  4.339    0  0.000  0.463     0.00     0.00 -1         0      0.00 7.000e-01 2.990e-01 1.100e-03 5.880e-04 3.170e-03 -1.000 1.000e-03	4.615	5.185	5.250	4.692	4.345	4.027	3.632	3.308	3.277
0.00492  1.20e+10  0.8254469633   0.825  0.100  3.7761  4.311    0  0.000  0.463     0.00     0.00 -1         0      0.00 7.000e-01 2.990e-01 1.100e-03 5.880e-04 3.170e-03 -1.000 1.000e-03	4.520	5.077	5.147	4.596	4.251	3.936	3.545	3.224	3.194
0.00492  1.20e+10  0.8354602456   0.834  0.156  3.7778  4.267    0  0.000  0.463     0.00     0.00 -1         0      0.00 7.000e-01 2.990e-01 1.100e-03 5.880e-04 3.170e-03 -1.000 1.000e-03	4.381	4.923	4.997	4.454	4.113	3.800	3.413	3.097	3.067
0.00492  1.20e+10  0.8389075994   0.838  0.176  3.7783  4.251    0  0.000  0.463     0.00     0.00 -1         0      0.00 7.000e-01 2.990e-01 1.100e-03 5.880e-04 3.170e-03 -1.000 1.000e-03	4.331	4.869	4.944	4.403	4.063	3.751	3.366	3.050	3.021
0.00492  1.20e+10  0.8466581106   0.846  0.224  3.7783  4.206    0  0.000  0.463     0.00     0.00 -1   1.8e-13      0.00 7.000e-01 2.990e-01 1.100e-03 5.880e-04 3.170e-03 -1.000 1.000e-03	4.209	4.748	4.821	4.281	3.942	3.630	3.244	2.929	2.899
0.00492  1.20e+10  0.8504312634   0.849  0.249  3.7780  4.182    0  0.000  0.463     0.00     0.00 -1  1.95e-13      0.00 7.000e-01 2.990e-01 1.100e-03 5.880e-04 3.170e-03 -1.000 1.000e-03	4.148	4.689	4.760	4.220	3.880	3.568	3.181	2.865	2.836
0.00492  1.20e+10  0.8579505682   0.857  0.302  3.7759  4.125    0  0.000  0.463     0.00     0.00 -1  2.34e-13      0.00 7.000e-01 2.990e-01 1.100e-03 5.880e-04 3.170e-03 -1.000 1.000e-03	4.015	4.575	4.636	4.090	3.746	3.432	3.039	2.719	2.689
0.00492  1.20e+10  0.8592239022   0.858  0.311  3.7754  4.114    0  0.000  0.463     0.00     0.00 -1  2.43e-13      0.00 7.000e-01 2.990e-01 1.100e-03 5.880e-04 3.170e-03 -1.000 1.000e-03	3.992	4.557	4.616	4.067	3.722	3.407	3.013	2.692	2.662
0.00492  1.20e+10  0.8643736839   0.863  0.352  3.7710  4.058    0  0.000  0.463     0.00     0.00 -1         0      0.00 7.000e-01 2.990e-01 1.100e-03 5.880e-04 3.170e-03 -1.000 1.000e-03	3.891	4.494	4.536	3.971	3.619	3.297	2.892	2.561	2.529
0.00492  1.20e+10  0.8691594601   0.868  0.390  3.7633  3.992    0  0.000  0.463     0.00     0.00 -1         0      0.00 7.000e-01 2.990e-01 1.100e-03 5.880e-04 3.170e-03 -1.000 1.000e-03	3.796	4.470	4.482	3.886	3.520	3.186	2.761	2.413	2.379
0.00492  1.20e+10  0.8722750545   0.871  0.412  3.7536  3.932    0  0.000  0.463     0.00     0.00 -1         0      0.00 7.000e-01 2.990e-01 1.100e-03 5.880e-04 3.170e-03 -1.000 1.000e-03	3.740	4.512	4.482	3.845	3.460	3.111	2.660	2.291	2.253
0.00492  1.20e+10  0.8742488027   0.873  0.425  3.7437  3.880    0  0.000  0.463     0.00     0.00 -1         0      0.00 7.000e-01 2.990e-01 1.100e-03 5.880e-04 3.170e-03 -1.000 1.000e-03	3.706	4.592	4.509	3.829	3.426	3.061	2.583	2.192	2.149
0.00492  1.20e+10  0.8759474158   0.874  0.442  3.7330  3.822    0  0.000  0.463     0.00     0.00 -1         0      0.00 7.000e-01 2.990e-01 1.100e-03 5.880e-04 3.170e-03 -1.000 1.000e-03	3.665	4.684	4.540	3.812	3.387	3.005	2.496	2.079	2.032
0.00492  1.20e+10  0.8772959113   0.876  0.469  3.7245  3.761    0  0.000  0.463     0.00     0.00 -1         0      0.00 7.000e-01 2.990e-01 1.100e-03 5.880e-04 3.170e-03 -1.000 1.000e-03	3.597	4.729	4.530	3.764	3.323	2.927	2.393	1.954	1.905
0.00492  1.20e+10  0.8784006238   0.877  0.505  3.7189  3.703    0  0.000  0.463     0.00     0.00 -1         0      0.00 7.000e-01 2.990e-01 1.100e-03 5.880e-04 3.170e-03 -1.000 1.000e-03	3.506	4.720	4.482	3.691	3.238	2.832	2.280	1.826	1.775
0.00492  1.20e+10  0.8789381385   0.877  0.527  3.7166  3.672    0  0.000  0.463     0.00     0.00 -1         0      0.00 7.000e-01 2.990e-01 1.100e-03 5.880e-04 3.170e-03 -1.000 1.000e-03	3.452	4.699	4.445	3.644	3.186	2.776	2.217	1.757	1.705
0.00492  1.20e+10  0.8795878887   0.878  0.559  3.7144  3.632    0  0.000  0.463     0.00     0.00 -1         0      0.00 7.000e-01 2.990e-01 1.100e-03 5.880e-04 3.170e-03 -1.000 1.000e-03	3.373	4.652	4.382	3.571	3.109	2.696	2.130	1.663	1.610
0.00492  1.20e+10  0.8803942800   0.879  0.602  3.7120  3.580    0  0.000  0.463     0.00     0.00 -1         0      0.00 7.000e-01 2.990e-01 1.100e-03 5.880e-04 3.170e-03 -1.000 1.000e-03	3.265	4.578	4.292	3.470	3.004	2.586	2.013	1.540	1.486
0.00492  1.20e+10  0.8810833097   0.879  0.644  3.7104  3.532    0  0.000  0.463     0.00     0.00 -1         0      0.00 7.000e-01 2.990e-01 1.100e-03 5.880e-04 3.170e-03 -1.000 1.000e-03	3.161	4.498	4.200	3.372	2.902	2.481	1.902	1.425	1.371
0.00492  1.20e+10  0.8817514181   0.880  0.687  3.7089  3.483    0  0.000  0.463     0.00     0.00 -1         0      0.00 7.000e-01 2.990e-01 1.100e-03 5.880e-04 3.170e-03 -1.000 1.000e-03	3.053	4.412	4.104	3.268	2.796	2.373	1.789	1.307	1.253
0.00492  1.20e+10  0.8823230863   0.880  0.727  3.7077  3.439    0  0.000  0.463     0.00     0.00 -1         0      0.00 7.000e-01 2.990e-01 1.100e-03 5.880e-04 3.170e-03 -1.000 1.000e-03	2.953	4.332	4.013	3.173	2.697	2.272	1.684	1.200	1.145
0.00492  1.20e+10  0.8828806877   0.881  0.769  3.7066  3.392    0  0.000  0.463     0.00     0.00 -1         0      0.00 7.000e-01 2.990e-01 1.100e-03 5.880e-04 3.170e-03 -1.000 1.000e-03	2.848	4.246	3.918	3.071	2.593	2.166	1.575	1.087	1.032
0.00492  1.20e+10  0.8834174275   0.881  0.812  3.7054  3.345    0  0.000  0.463     0.00     0.00 -1         0      0.00 7.000e-01 2.990e-01 1.100e-03 5.880e-04 3.170e-03 -1.000 9.999e-04	2.740	4.157	3.819	2.967	2.487	2.057	1.462	0.971	0.916
0.00492  1.20e+10  0.8838798404   0.882  0.852  3.7043  3.301    0  0.000  0.463     0.00     0.00 -1         0      0.00 7.000e-01 2.990e-01 1.100e-03 5.880e-04 3.170e-03 -1.000 1.000e-03	2.640	4.075	3.728	2.871	2.388	1.957	1.358	0.864	0.808
0.00492  1.20e+10  0.8843607306   0.882  0.897  3.7031  3.251    0  0.000  0.463     0.00     0.00 -1         0      0.00 7.000e-01 2.990e-01 1.100e-03 5.880e-04 3.170e-03 -1.000 1.000e-03	2.527	3.983	3.626	2.762	2.277	1.843	1.241	0.743	0.687
0.00492  1.20e+10  0.8847762942   0.883  0.939  3.7019  3.204    0  0.000  0.463     0.00     0.00 -1         0      0.00 7.000e-01 2.990e-01 1.100e-03 5.880e-04 3.170e-03 -1.000 1.000e-03	2.423	3.899	3.532	2.662	2.174	1.738	1.132	0.631	0.575
0.00492  1.20e+10  0.8851404190   0.883  0.978  3.7007  3.160    0  0.000  0.463     0.00     0.00 -1         0      0.00 7.000e-01 2.990e-01 1.100e-03 5.880e-04 3.170e-03 -1.000 1.000e-03	2.324	3.821	3.443	2.568	2.077	1.639	1.029	0.525	0.468
0.00492  1.20e+10  0.8854922056   0.883  1.020  3.6994  3.114    0  0.000  0.463     0.00     0.00 -1         0      0.00 7.000e-01 2.990e-01 1.100e-03 5.880e-04 3.170e-03 -1.000 1.000e-03	2.221	3.739	3.351	2.469	1.976	1.536	0.921	0.413	0.356
0.00492  1.20e+10  0.8858199716   0.883  1.061  3.6980  3.067    0  0.000  0.463     0.00     0.00 -1         0      0.00 7.000e-01 2.990e-01 1.100e-03 5.880e-04 3.170e-03 -1.000 1.000e-03	2.118	3.659	3.260	2.370	1.874	1.432	0.812	0.301	0.243
0.00492  1.20e+10  0.8862056732   0.884  1.114  3.6961  3.006    0  0.000  0.463     0.00     0.00 -1         0      0.00 7.000e-01 2.990e-01 1.100e-03 5.880e-04 3.170e-03 -1.000 1.000e-03	1.984	3.556	3.142	2.243	1.743	1.297	0.671	0.154	0.097
0.00492  1.20e+10  0.8864626288   0.884  1.154  3.6946  2.961    0  0.000  0.463     0.00     0.00 -1         0      0.00 7.000e-01 2.990e-01 1.100e-03 5.880e-04 3.170e-03 -1.000 1.000e-03	1.886	3.484	3.057	2.151	1.648	1.199	0.568	0.047	-0.011
0.00492  1.20e+10  0.8867027164   0.884  1.193  3.6931  2.916    0  0.000  0.463     0.00     0.00 -1         0      0.00 7.000e-01 2.990e-01 1.100e-03 5.880e-04 3.170e-03 -1.000 9.999e-04	1.788	3.414	2.973	2.059	1.552	1.101	0.465	-0.061	-0.120
0.00492  1.20e+10  0.8869255781   0.884  1.232  3.6916  2.871    0  0.000  0.463     0.00     0.00 -1         0      0.00 7.000e-01 2.990e-01 1.100e-03 5.880e-04 3.170e-03 -1.000 1.000e-03	1.690	3.345	2.890	1.969	1.457	1.003	0.362	-0.168	-0.228
0.00492  1.20e+10  0.8871905804   0.884  1.282  3.6894  2.812    0  0.000  0.463     0.00     0.00 -1         0      0.00 7.000e-01 2.990e-01 1.100e-03 5.880e-04 3.170e-03 -1.000 1.000e-03	1.564	3.257	2.783	1.851	1.335	0.877	0.229	-0.307	-0.368
0.00492  1.20e+10  0.8874232173   0.884  1.331  3.6873  2.755    0  0.000  0.463     0.00     0.00 -1         0      0.00 7.000e-01 2.990e-01 1.100e-03 5.880e-04 3.170e-03 -1.000 1.000e-03	1.443	3.174	2.682	1.739	1.218	0.757	0.101	-0.442	-0.504
0.00492  1.20e+10  0.8876351118   0.885  1.379  3.6852  2.698    0  0.000  0.463     0.00     0.00 -1         0      0.00 7.000e-01 2.990e-01 1.100e-03 5.880e-04 3.170e-03 -1.000 1.000e-03	1.323	3.093	2.582	1.628	1.102	0.637	-0.027	-0.576	-0.638
0.00492  1.20e+10  0.8878307939   0.885  1.427  3.6829  2.641    0  0.000  0.463     0.00     0.00 -1         0      0.00 7.000e-01 2.990e-01 1.100e-03 5.880e-04 3.170e-03 -1.000 1.000e-03	1.201	3.014	2.482	1.516	0.985	0.515	-0.156	-0.712	-0.775
0.00492  1.20e+10  0.8880020380   0.885  1.473  3.6806  2.586    0  0.000  0.463     0.00     0.00 -1         0      0.00 7.000e-01 2.990e-01 1.100e-03 5.880e-04 3.170e-03 -1.000 1.000e-03	1.087	2.939	2.389	1.412	0.875	0.402	-0.278	-0.840	-0.905
0.00492  1.20e+10  0.8881579041   0.885  1.518  3.6784  2.532    0  0.000  0.463     0.00     0.00 -1         0      0.00 7.000e-01 2.990e-01 1.100e-03 5.880e-04 3.170e-03 -1.000 1.000e-03	0.974	2.867	2.299	1.311	0.768	0.291	-0.397	-0.966	-1.032
0.00492  1.20e+10  0.8882970214   0.885  1.561  3.6762  2.480    0  0.000  0.463     0.00     0.00 -1         0      0.00 7.000e-01 2.990e-01 1.100e-03 5.880e-04 3.170e-03 -1.000 1.000e-03	0.867	2.801	2.214	1.215	0.667	0.186	-0.511	-1.086	-1.153
0.00492  1.20e+10  0.8884306550   0.885  1.603  3.6740  2.429    0  0.000  0.463     0.00     0.00 -1         0      0.00 7.000e-01 2.990e-01 1.100e-03 5.880e-04 3.170e-03 -1.000 1.000e-03	0.762	2.738	2.132	1.120	0.567	0.081	-0.623	-1.205	-1.273
0.00492  1.20e+10  0.8885669708   0.884  1.640  3.6721  2.385    0  0.000  0.463     0.00     0.00 -1         0      0.00 7.000e-01 2.990e-01 1.100e-03 5.880e-04 3.170e-03 -1.000 1.000e-03	0.671	2.684	2.061	1.040	0.481	-0.008	-0.719	-1.307	-1.376
0.00492  1.20e+10  0.8887037635   0.884  1.668  3.6707  2.352    0  0.000  0.463     0.00     0.00 -1         0      0.00 7.000e-01 2.990e-01 1.100e-03 5.880e-04 3.170e-03 -1.000 1.000e-03	0.601	2.642	2.005	0.976	0.414	-0.078	-0.794	-1.386	-1.456
0.00492  1.20e+10  0.8888398409   0.884  1.635  3.6731  2.394    0  0.000  0.463     0.00     0.00 -1         0      0.00 7.000e-01 2.990e-01 1.100e-03 5.880e-04 3.170e-03 -1.000 1.000e-03	0.683	2.678	2.062	1.046	0.490	0.002	-0.705	-1.289	-1.358
0.00492  1.20e+10  0.8888796568   0.884  1.623  3.6740  2.409    0  0.000  0.463     0.00     0.00 -1         0      0.00 7.000e-01 2.990e-01 1.100e-03 5.880e-04 3.170e-03 -1.000 1.000e-03	0.712	2.691	2.083	1.070	0.517	0.031	-0.673	-1.255	-1.323
0.00492  1.20e+10  0.8890039921   0.884  1.675  3.6710  2.346    0  0.000  0.463     0.00     0.00 -1         0      0.00 7.000e-01 2.990e-01 1.100e-03 5.880e-04 3.170e-03 -1.000 1.000e-03	0.582	2.618	1.984	0.956	0.395	-0.097	-0.812	-1.402	-1.472
0.00492  1.20e+10  0.8891075850   0.884  1.721  3.6684  2.289    0  0.000  0.463     0.00     0.00 -1         0      0.00 7.000e-01 2.990e-01 1.100e-03 5.880e-04 3.170e-03 -1.000 1.000e-03	0.468	2.555	1.897	0.855	0.287	-0.209	-0.934	-1.532	-1.603
0.00492  1.20e+10  0.8892065287   0.884  1.767  3.6657  2.232    0  0.000  0.463     0.00     0.00 -1         0      0.00 7.000e-01 2.990e-01 1.100e-03 5.880e-04 3.170e-03 -1.000 1.000e-03	0.352	2.493	1.810	0.754	0.179	-0.323	-1.058	-1.664	-1.738
0.00492  1.20e+10  0.8892967701   0.884  1.813  3.6630  2.175    0  0.000  0.463     0.00     0.00 -1         0      0.00 7.000e-01 2.990e-01 1.100e-03 5.880e-04 3.170e-03 -1.000 1.000e-03	0.237	2.434	1.726	0.655	0.072	-0.435	-1.181	-1.795	-1.870
0.00492  1.20e+10  0.8893778920   0.883  1.858  3.6603  2.119    0  0.000  0.463     0.00     0.00 -1         0      0.00 7.000e-01 2.990e-01 1.100e-03 5.880e-04 3.170e-03 -1.000 9.999e-04	0.125	2.378	1.644	0.559	-0.031	-0.544	-1.300	-1.922	-2.000
0.00492  1.20e+10  0.8894520402   0.883  1.902  3.6575  2.064    0  0.000  0.463     0.00     0.00 -1         0      0.00 7.000e-01 2.990e-01 1.100e-03 5.880e-04 3.170e-03 -1.000 1.000e-03	0.015	2.324	1.565	0.465	-0.132	-0.651	-1.418	-2.048	-2.128
0.00492  1.20e+10  0.8895213008   0.883  1.946  3.6547  2.008    0  0.000  0.463     0.00     0.00 -1         0      0.00 7.000e-01 2.990e-01 1.100e-03 5.880e-04 3.170e-03 -1.000 9.999e-04	-0.096	2.272	1.486	0.370	-0.235	-0.759	-1.537	-2.175	-2.257
0.00492  1.20e+10  0.8895838857   0.883  1.990  3.6519  1.954    0  0.000  0.463     0.00     0.00 -1         0      0.00 7.000e-01 2.990e-01 1.100e-03 5.880e-04 3.170e-03 -1.000 1.000e-03	-0.204	2.231	1.414	0.281	-0.333	-0.864	-1.653	-2.299	-2.383
0.00492  1.20e+10  0.8896421790   0.882  2.033  3.6491  1.898    0  0.000  0.463     0.00     0.00 -1         0      0.00 7.000e-01 2.990e-01 1.100e-03 5.880e-04 3.170e-03 -1.000 1.000e-03	-0.313	2.193	1.343	0.194	-0.430	-0.968	-1.769	-2.424	-2.510
0.00492  1.20e+10  0.8896951675   0.882  2.076  3.6462  1.844    0  0.000  0.463     0.00     0.00 -1         0      0.00 7.000e-01 2.990e-01 1.100e-03 5.880e-04 3.170e-03 -1.000 1.000e-03	-0.421	2.158	1.274	0.107	-0.526	-1.071	-1.884	-2.547	-2.636
0.00492  1.20e+10  0.8897436857   0.881  2.119  3.6434  1.790    0  0.000  0.463     0.00     0.00 -1         0      0.00 7.000e-01 2.990e-01 1.100e-03 5.880e-04 3.170e-03 -1.000 9.999e-04	-0.527	2.126	1.206	0.022	-0.621	-1.172	-1.998	-2.669	-2.761
0.00492  1.20e+10  0.8897877336   0.881  2.161  3.6405  1.736    0  0.000  0.463     0.00     0.00 -1         0      0.00 7.000e-01 2.990e-01 1.100e-03 5.880e-04 3.170e-03 -1.000 1.000e-03	-0.632	2.097	1.141	-0.061	-0.714	-1.272	-2.110	-2.790	-2.884
0.00492  1.20e+10  0.8898283839   0.880  2.202  3.6376  1.683    0  0.000  0.463     0.00     0.00 -1         0      0.00 7.000e-01 2.990e-01 1.100e-03 5.880e-04 3.170e-03 -1.000 1.000e-03	-0.736	2.073	1.079	-0.142	-0.805	-1.371	-2.221	-2.909	-3.006
0.00492  1.20e+10  0.8898663521   0.880  2.244  3.6347  1.629    0  0.000  0.463     0.00     0.00 -1         0      0.00 7.000e-01 2.990e-01 1.100e-03 5.880e-04 3.170e-03 -1.000 1.000e-03	-0.841	2.053	1.018	-0.222	-0.896	-1.470	-2.333	-3.029	-3.130
0.00492  1.20e+10  0.8899004459   0.879  2.285  3.6318  1.577    0  0.000  0.463     0.00     0.00 -1         0      0.00 7.000e-01 2.990e-01 1.100e-03 5.880e-04 3.170e-03 -1.000 1.000e-03	-0.942	2.034	0.960	-0.299	-0.984	-1.565	-2.440	-3.145	-3.249
0.00492  1.20e+10  0.8899326324   0.879  2.326  3.6289  1.523    0  0.000  0.463     0.00     0.00 -1         0      0.00 7.000e-01 2.990e-01 1.100e-03 5.880e-04 3.170e-03 -1.000 1.000e-03	-1.045	2.019	0.902	-0.376	-1.073	-1.662	-2.550	-3.264	-3.371
0.00492  1.20e+10  0.8899613619   0.878  2.366  3.6260  1.472    0  0.000  0.463     0.00     0.00 -1         0      0.00 7.000e-01 2.990e-01 1.100e-03 5.880e-04 3.170e-03 -1.000 1.000e-03	-1.144	2.011	0.849	-0.450	-1.158	-1.755	-2.656	-3.378	-3.489
0.00492  1.20e+10  0.8899884224   0.877  2.406  3.6231  1.420    0  0.000  0.463     0.00     0.00 -1         0      0.00 7.000e-01 2.990e-01 1.100e-03 5.880e-04 3.170e-03 -1.000 9.999e-04	-1.244	2.011	0.800	-0.521	-1.241	-1.848	-2.763	-3.493	-3.608
0.00492  1.20e+10  0.8900134563   0.876  2.446  3.6201  1.367    0  0.000  0.463     0.00     0.00 -1         0      0.00 7.000e-01 2.990e-01 1.100e-03 5.880e-04 3.170e-03 -1.000 1.000e-03	-1.344	2.015	0.753	-0.591	-1.324	-1.941	-2.869	-3.608	-3.727
0.00492  1.20e+10  0.8900361061   0.876  2.485  3.6172  1.316    0  0.000  0.463     0.00     0.00 -1         0      0.00 7.000e-01 2.990e-01 1.100e-03 5.880e-04 3.170e-03 -1.000 9.999e-04	-1.441	2.020	0.708	-0.658	-1.404	-2.030	-2.972	-3.720	-3.842
0.00492  1.20e+10  0.8900579810   0.875  2.525  3.6141  1.264    0  0.000  0.463     0.00     0.00 -1         0      0.00 7.000e-01 2.990e-01 1.100e-03 5.880e-04 3.170e-03 -1.000 1.000e-03	-1.542	2.028	0.662	-0.727	-1.487	-2.123	-3.080	-3.836	-3.962
0.00492  1.20e+10  0.8900771141   0.874  2.563  3.6112  1.214    0  0.000  0.463     0.00     0.00 -1         0      0.00 7.000e-01 2.990e-01 1.100e-03 5.880e-04 3.170e-03 -1.000 1.000e-03	-1.636	2.038	0.620	-0.791	-1.564	-2.210	-3.180	-3.945	-4.075
0.00492  1.20e+10  0.8900952935   0.873  2.601  3.6084  1.164    0  0.000  0.463     0.00     0.00 -1         0      0.00 7.000e-01 2.990e-01 1.100e-03 5.880e-04 3.170e-03 -1.000 1.000e-03	-1.732	2.046	0.580	-0.853	-1.640	-2.297	-3.281	-4.055	-4.189
0.00492  1.20e+10  0.8901120424   0.871  2.638  3.6054  1.114    0  0.000  0.463     0.00     0.00 -1         0      0.00 7.000e-01 2.990e-01 1.100e-03 5.880e-04 3.170e-03 -1.000 1.000e-03	-1.825	2.059	0.542	-0.913	-1.713	-2.382	-3.380	-4.164	-4.302
0.00492  1.20e+10  0.8901275396   0.870  2.675  3.6025  1.064    0  0.000  0.463     0.00     0.00 -1         0      0.00 7.000e-01 2.990e-01 1.100e-03 5.880e-04 3.170e-03 -1.000 1.000e-03	-1.918	2.074	0.506	-0.971	-1.785	-2.466	-3.479	-4.271	-4.414
0.00492  1.20e+10  0.8901423812   0.869  2.713  3.5995  1.014    0  0.000  0.463     0.00     0.00 -1         0      0.00 7.000e-01 2.990e-01 1.100e-03 5.880e-04 3.170e-03 -1.000 1.000e-03	-2.012	2.089	0.469	-1.031	-1.859	-2.551	-3.578	-4.380	-4.527
0.00492  1.20e+10  0.8901586533   0.867  2.757  3.5959  0.955    0  0.000  0.463     0.00     0.00 -1         0      0.00 7.000e-01 2.990e-01 1.100e-03 5.880e-04 3.170e-03 -1.000 1.000e-03	-2.123	2.117	0.433	-1.094	-1.940	-2.651	-3.696	-4.509	-4.661
0.00492  1.20e+10  0.8901736736   0.865  2.801  3.5923  0.895    0  0.000  0.463     0.00     0.00 -1         0      0.00 7.000e-01 2.990e-01 1.100e-03 5.880e-04 3.170e-03 -1.000 1.000e-03	-2.233	2.145	0.402	-1.154	-2.019	-2.749	-3.813	-4.637	-4.795
0.00492  1.20e+10  0.8901851773   0.863  2.837  3.5894  0.847    0  0.000  0.463     0.00     0.00 -1         0      0.00 7.000e-01 2.990e-01 1.100e-03 5.880e-04 3.170e-03 -1.000 1.000e-03	-2.322	2.171	0.377	-1.201	-2.082	-2.829	-3.908	-4.741	-4.903
0.00492  1.20e+10  0.8901982903   0.861  2.880  3.5857  0.788    0  0.000  0.463     0.00     0.00 -1         0      0.00 7.000e-01 2.990e-01 1.100e-03 5.880e-04 3.170e-03 -1.000 1.000e-03	-2.430	2.206	0.350	-1.258	-2.158	-2.925	-4.023	-4.868	-5.036
0.00492  1.20e+10  0.8902097940   0.859  2.921  3.5821  0.732    0  0.000  0.463     0.00     0.00 -1         0      0.00 7.000e-01 2.990e-01 1.100e-03 5.880e-04 3.170e-03 -1.000 1.000e-03	-2.532	2.236	0.328	-1.305	-2.224	-3.014	-4.132	-4.987	-5.160
0.00492  1.20e+10  0.8902207613   0.856  2.962  3.5785  0.674    0  0.000  0.463     0.00     0.00 -1         0      0.00 7.000e-01 2.990e-01 1.100e-03 5.880e-04 3.170e-03 -1.000 1.000e-03	-2.635	2.263	0.310	-1.348	-2.287	-3.105	-4.242	-5.108	-5.287
0.00492  1.20e+10  0.8902305365   0.853  3.001  3.5750  0.620    0  0.000  0.463     0.00     0.00 -1         0      0.00 7.000e-01 2.990e-01 1.100e-03 5.880e-04 3.170e-03 -1.000 1.000e-03	-2.734	2.292	0.294	-1.386	-2.345	-3.190	-4.347	-5.223	-5.408
0.00492  1.20e+10  0.8902400136   0.850  3.041  3.5713  0.563    0  0.000  0.463     0.00     0.00 -1         0      0.00 7.000e-01 2.990e-01 1.100e-03 5.880e-04 3.170e-03 -1.000 1.000e-03	-2.834	2.324	0.281	-1.425	-2.404	-3.276	-4.454	-5.341	-5.532
0.00492  1.20e+10  0.8902484179   0.847  3.079  3.5678  0.510    0  0.000  0.463     0.00     0.00 -1         0      0.00 7.000e-01 2.990e-01 1.100e-03 5.880e-04 3.170e-03 -1.000 9.999e-04	-2.927	2.349	0.275	-1.449	-2.450	-3.356	-4.555	-5.451	-5.648
0.00492  1.20e+10  0.8902562857   0.843  3.116  3.5643  0.457    0  0.000  0.463     0.00     0.00 -1         0      0.00 7.000e-01 2.990e-01 1.100e-03 5.880e-04 3.170e-03 -1.000 1.000e-03	-3.020	2.374	0.279	-1.463	-2.488	-3.434	-4.657	-5.561	-5.763
0.00492  1.20e+10  0.8902634978   0.839  3.152  3.5608  0.405    0  0.000  0.463     0.00     0.00 -1         0      0.00 7.000e-01 2.990e-01 1.100e-03 5.880e-04 3.170e-03 -1.000 9.999e-04	-3.109	2.401	0.286	-1.473	-2.522	-3.508	-4.754	-5.668	-5.875
0.00492  1.20e+10  0.8902702332   0.835  3.187  3.5572  0.353    0  0.000  0.463     0.00     0.00 -1         0      0.00 7.000e-01 2.990e-01 1.100e-03 5.880e-04 3.170e-03 -1.000 1.000e-03	-3.198	2.429	0.297	-1.480	-2.555	-3.581	-4.851	-5.773	-5.986
0.00492  1.20e+10  0.8902764320   0.831  3.221  3.5536  0.303    0  0.000  0.463     0.00     0.00 -1         0      0.00 7.000e-01 2.990e-01 1.100e-03 5.880e-04 3.170e-03 -1.000 1.000e-03	-3.283	2.450	0.319	-1.467	-2.570	-3.648	-4.946	-5.876	-6.094
0.00492  1.20e+10  0.8902825117   0.826  3.256  3.5500  0.251    0  0.000  0.463     0.00     0.00 -1         0      0.00 7.000e-01 2.990e-01 1.100e-03 5.880e-04 3.170e-03 -1.000 1.000e-03	-3.370	2.467	0.348	-1.441	-2.577	-3.714	-5.043	-5.980	-6.204
0.00492  1.20e+10  0.8902879953   0.821  3.289  3.5465  0.201    0  0.000  0.463     0.00     0.00 -1         0      0.00 7.000e-01 2.990e-01 1.100e-03 5.880e-04 3.170e-03 -1.000 9.999e-04	-3.453	2.484	0.378	-1.415	-2.582	-3.776	-5.135	-6.079	-6.309
0.00492  1.20e+10  0.8902931809   0.815  3.321  3.5430  0.152    0  0.000  0.463     0.00     0.00 -1         0      0.00 7.000e-01 2.990e-01 1.100e-03 5.880e-04 3.170e-03 -1.000 1.000e-03	-3.533	2.501	0.408	-1.388	-2.586	-3.836	-5.225	-6.176	-6.411
0.00492  1.20e+10  0.8902989626   0.808  3.357  3.5392  0.097    0  0.000  0.463     0.00     0.00 -1         0      0.00 7.000e-01 2.990e-01 1.100e-03 5.880e-04 3.170e-03 -1.000 1.000e-03	-3.622	2.515	0.459	-1.331	-2.572	-3.894	-5.326	-6.283	-6.524
0.00492  1.20e+10  0.8903025389   0.803  1.704  3.7008  2.394    4  0.000  0.463     0.00     0.00 -1         0      0.00 7.000e-01 2.990e-01 1.100e-03 5.880e-04 3.170e-03 -1.000 1.000e-03	0.511	2.058	1.636	0.747	0.257	-0.180	-0.789	-1.288	-1.344
0.00492  1.20e+10  0.8903639317   0.803  1.715  3.6999  2.379    4  0.000  0.463     0.00     0.00 -1         0      0.00 7.000e-01 2.990e-01 1.100e-03 5.880e-04 3.170e-03 -1.000 1.000e-03	0.482	2.045	1.615	0.722	0.230	-0.209	-0.821	-1.322	-1.379
0.00492  1.20e+10  0.8904292583   0.803  1.719  3.6997  2.375    4  0.000  0.463     0.00     0.00 -1         0      0.00 7.000e-01 2.990e-01 1.100e-03 5.880e-04 3.170e-03 -1.000 1.000e-03	0.473	2.039	1.608	0.713	0.221	-0.218	-0.831	-1.333	-1.389
0.00492  1.20e+10  0.8904885054   0.803  1.720  3.6999  2.375    4  0.000  0.463     0.00     0.00 -1         0      0.00 7.000e-01 2.990e-01 1.100e-03 5.880e-04 3.170e-03 -1.000 1.000e-03	0.471	2.034	1.604	0.710	0.218	-0.221	-0.833	-1.334	-1.390
0.00492  1.20e+10  0.8905486465   0.803  1.719  3.7003  2.377    4  0.000  0.463     0.00     0.00 -1         0      0.00 7.000e-01 2.990e-01 1.100e-03 5.880e-04 3.170e-03 -1.000 9.999e-04	0.472	2.029	1.602	0.710	0.219	-0.219	-0.830	-1.330	-1.386
0.00492  1.20e+10  0.8906083703   0.803  1.718  3.7008  2.381    4  0.000  0.463     0.00     0.00 -1         0      0.00 7.000e-01 2.990e-01 1.100e-03 5.880e-04 3.170e-03 -1.000 1.000e-03	0.476	2.024	1.601	0.712	0.222	-0.215	-0.824	-1.323	-1.379
0.00492  1.20e+10  0.8906695247   0.803  1.716  3.7015  2.385    4  0.000  0.463     0.00     0.00 -1         0      0.00 7.000e-01 2.990e-01 1.100e-03 5.880e-04 3.170e-03 -1.000 1.000e-03	0.481	2.018	1.600	0.715	0.226	-0.210	-0.817	-1.314	-1.369
0.00492  1.20e+10  0.8907316923   0.803  1.713  3.7021  2.390    4  0.000  0.463     0.00     0.00 -1         0      0.00 7.000e-01 2.990e-01 1.100e-03 5.880e-04 3.170e-03 -1.000 1.000e-03	0.487	2.013	1.600	0.718	0.231	-0.204	-0.809	-1.303	-1.359
0.00492  1.20e+10  0.8907919526   0.803  1.711  3.7027  2.395    4  0.000  0.463     0.00     0.00 -1         0      0.00 7.000e-01 2.990e-01 1.100e-03 5.880e-04 3.170e-03 -1.000 1.000e-03	0.492	2.008	1.600	0.721	0.236	-0.198	-0.801	-1.294	-1.349
0.00492  1.20e+10  0.8908561468   0.803  1.709  3.7033  2.399    4  0.000  0.463     0.00     0.00 -1         0      0.00 7.000e-01 2.990e-01 1.100e-03 5.880e-04 3.170e-03 -1.000 1.000e-03	0.497	2.002	1.599	0.724	0.240	-0.193	-0.794	-1.285	-1.340
0.00492  1.20e+10  0.8909203410   0.804  1.707  3.7039  2.403    4  0.000  0.463     0.00     0.00 -1         0      0.00 7.000e-01 2.990e-01 1.100e-03 5.880e-04 3.170e-03 -1.000 1.000e-03	0.501	1.997	1.599	0.726	0.243	-0.188	-0.787	-1.277	-1.332
0.00492  1.20e+10  0.8909856677   0.804  1.706  3.7044  2.407    4  0.000  0.463     0.00     0.00 -1         0      0.00 7.000e-01 2.990e-01 1.100e-03 5.880e-04 3.170e-03 -1.000 1.000e-03	0.505	1.992	1.598	0.728	0.246	-0.184	-0.782	-1.270	-1.325
0.00492  1.20e+10  0.8910493851   0.804  1.705  3.7049  2.410    4  0.000  0.463     0.00     0.00 -1         0      0.00 7.000e-01 2.990e-01 1.100e-03 5.880e-04 3.170e-03 -1.000 1.000e-03	0.508	1.988	1.597	0.730	0.249	-0.181	-0.777	-1.264	-1.318
0.00492  1.20e+10  0.8911110163   0.804  1.704  3.7053  2.412    4  0.000  0.463     0.00     0.00 -1         0      0.00 7.000e-01 2.990e-01 1.100e-03 5.880e-04 3.170e-03 -1.000 1.000e-03	0.511	1.984	1.596	0.731	0.251	-0.179	-0.773	-1.259	-1.313
0.00492  1.20e+10  0.8911539316   0.804  1.703  3.7055  2.414    4  0.000  0.463     0.00     0.00 -1         0      0.00 7.000e-01 2.990e-01 1.100e-03 5.880e-04 3.170e-03 -1.000 1.000e-03	0.512	1.981	1.595	0.731	0.252	-0.177	-0.771	-1.256	-1.310
0.00492  1.20e+10  0.8911606669   0.804  1.703  3.7055  2.414    4  0.000  0.463     0.00     0.00 -1         0      0.00 7.000e-01 2.990e-01 1.100e-03 5.880e-04 3.170e-03 -1.000 1.000e-03	0.512	1.981	1.595	0.731	0.252	-0.177	-0.770	-1.256	-1.310
0.00492  1.20e+10  0.8912220001   0.804  1.703  3.7058  2.416    4  0.000  0.463     0.00     0.00 -1         0      0.00 7.000e-01 2.990e-01 1.100e-03 5.880e-04 3.170e-03 -1.000 1.000e-03	0.514	1.977	1.593	0.731	0.253	-0.175	-0.768	-1.252	-1.306
0.00492  1.20e+10  0.8912857175   0.804  1.702  3.7061  2.417    4  0.000  0.463     0.00     0.00 -1         0      0.00 7.000e-01 2.990e-01 1.100e-03 5.880e-04 3.170e-03 -1.000 1.000e-03	0.514	1.973	1.592	0.731	0.253	-0.175	-0.766	-1.250	-1.304
0.00492  1.20e+10  0.8913483620   0.804  1.702  3.7063  2.418    4  0.000  0.463     0.00     0.00 -1         0      0.00 7.000e-01 2.990e-01 1.100e-03 5.880e-04 3.170e-03 -1.000 1.000e-03	0.514	1.970	1.590	0.730	0.253	-0.175	-0.766	-1.249	-1.303
0.00492  1.20e+10  0.8914086819   0.804  1.703  3.7064  2.418    4  0.000  0.463     0.00     0.00 -1         0      0.00 7.000e-01 2.990e-01 1.100e-03 5.880e-04 3.170e-03 -1.000 1.000e-03	0.513	1.968	1.588	0.729	0.252	-0.176	-0.766	-1.249	-1.303
0.00492  1.20e+10  0.8914705515   0.804  1.703  3.7064  2.417    4  0.000  0.463     0.00     0.00 -1         0      0.00 7.000e-01 2.990e-01 1.100e-03 5.880e-04 3.170e-03 -1.000 1.000e-03	0.511	1.966	1.586	0.727	0.250	-0.177	-0.768	-1.251	-1.305
0.00492  1.20e+10  0.8915327191   0.804  1.705  3.7063  2.416    4  0.000  0.463     0.00     0.00 -1         0      0.00 7.000e-01 2.990e-01 1.100e-03 5.880e-04 3.170e-03 -1.000 1.000e-03	0.509	1.964	1.584	0.724	0.247	-0.180	-0.771	-1.254	-1.308
0.00492  1.20e+10  0.8915938735   0.804  1.706  3.7062  2.414    4  0.000  0.463     0.00     0.00 -1         0      0.00 7.000e-01 2.990e-01 1.100e-03 5.880e-04 3.170e-03 -1.000 1.000e-03	0.505	1.962	1.581	0.721	0.243	-0.184	-0.776	-1.259	-1.313
0.00492  1.20e+10  0.8916002512   0.804  1.706  3.7062  2.414    4  0.000  0.463     0.00     0.00 -1         0      0.00 7.000e-01 2.990e-01 1.100e-03 5.880e-04 3.170e-03 -1.000 1.000e-03	0.504	1.962	1.581	0.721	0.243	-0.185	-0.776	-1.260	-1.313
0.00492  1.20e+10  0.8916110992   0.804  1.707  3.7061  2.413    4  0.000  0.463     0.00     0.00 -1         0      0.00 7.000e-01 2.990e-01 1.100e-03 5.880e-04 3.170e-03 -1.000 1.000e-03	0.503	1.962	1.580	0.720	0.242	-0.186	-0.778	-1.261	-1.315
0.00492  1.20e+10  0.8916685581   0.804  1.709  3.7059  2.410    4  0.000  0.463     0.00     0.00 -1         0      0.00 7.000e-01 2.990e-01 1.100e-03 5.880e-04 3.170e-03 -1.000 1.000e-03	0.498	1.961	1.577	0.715	0.237	-0.191	-0.784	-1.268	-1.322
0.00492  1.20e+10  0.8917273283   0.804  1.712  3.7056  2.406    4  0.000  0.463     0.00     0.00 -1         0      0.00 7.000e-01 2.990e-01 1.100e-03 5.880e-04 3.170e-03 -1.000 9.999e-04	0.491	1.960	1.574	0.710	0.231	-0.198	-0.792	-1.277	-1.331
0.00492  1.20e+10  0.8917834759   0.805  1.715  3.7052  2.402    4  0.000  0.463     0.00     0.00 -1         0      0.00 7.000e-01 2.990e-01 1.100e-03 5.880e-04 3.170e-03 -1.000 1.000e-03	0.484	1.959	1.570	0.704	0.224	-0.206	-0.800	-1.286	-1.341
0.00492  1.20e+10  0.8918411732   0.805  1.719  3.7046  2.395    4  0.000  0.463     0.00     0.00 -1         0      0.00 7.000e-01 2.990e-01 1.100e-03 5.880e-04 3.170e-03 -1.000 1.000e-03	0.473	1.959	1.564	0.695	0.214	-0.216	-0.813	-1.300	-1.355
0.00492  1.20e+10  0.8918991685   0.805  1.723  3.7040  2.388    4  0.000  0.463     0.00     0.00 -1         0      0.00 7.000e-01 2.990e-01 1.100e-03 5.880e-04 3.170e-03 -1.000 1.000e-03	0.462	1.958	1.558	0.686	0.203	-0.228	-0.827	-1.316	-1.371
0.00492  1.20e+10  0.8919556141   0.805  1.729  3.7033  2.380    4  0.000  0.463     0.00     0.00 -1         0      0.00 7.000e-01 2.990e-01 1.100e-03 5.880e-04 3.170e-03 -1.000 1.000e-03	0.449	1.957	1.551	0.676	0.191	-0.242	-0.843	-1.334	-1.389
0.00492  1.20e+10  0.8920121193   0.805  1.734  3.7026  2.372    4  0.000  0.463     0.00     0.00 -1         0      0.00 7.000e-01 2.990e-01 1.100e-03 5.880e-04 3.170e-03 -1.000 1.000e-03	0.434	1.955	1.543	0.664	0.177	-0.257	-0.860	-1.353	-1.409
0.00492  1.20e+10  0.8920680285   0.805  1.740  3.7019  2.363    4  0.000  0.463     0.00     0.00 -1         0      0.00 7.000e-01 2.990e-01 1.100e-03 5.880e-04 3.170e-03 -1.000 1.000e-03	0.419	1.953	1.535	0.652	0.164	-0.271	-0.877	-1.372	-1.428
0.00492  1.20e+10  0.8921238184   0.805  1.744  3.7014  2.357    4  0.000  0.463     0.00     0.00 -1         0      0.00 7.000e-01 2.990e-01 1.100e-03 5.880e-04 3.170e-03 -1.000 1.000e-03	0.409	1.950	1.529	0.643	0.154	-0.282	-0.889	-1.386	-1.441
0.00492  1.20e+10  0.8921799064   0.805  1.755  3.7001  2.341    4  0.000  0.463     0.00     0.00 -1         0      0.00 7.000e-01 2.990e-01 1.100e-03 5.880e-04 3.170e-03 -1.000 1.000e-03	0.383	1.947	1.515	0.621	0.129	-0.309	-0.921	-1.421	-1.477
0.00492  1.20e+10  0.8922382593   0.805  1.773  3.6979  2.314    4  0.000  0.463     0.00     0.00 -1         0      0.00 7.000e-01 2.990e-01 1.100e-03 5.880e-04 3.170e-03 -1.000 1.000e-03	0.338	1.940	1.489	0.584	0.087	-0.355	-0.974	-1.480	-1.537
0.00492  1.20e+10  0.8922958374   0.805  1.805  3.6942  2.267    4  0.000  0.463     0.00     0.00 -1         0      0.00 7.000e-01 2.990e-01 1.100e-03 5.880e-04 3.170e-03 -1.000 1.000e-03	0.257	1.925	1.444	0.518	0.012	-0.437	-1.068	-1.585	-1.643
0.00492  1.20e+10  0.8923280835   0.805  1.842  3.6901  2.215    4  0.000  0.463     0.00     0.00 -1         0      0.00 7.000e-01 2.990e-01 1.100e-03 5.880e-04 3.170e-03 -1.000 1.000e-03	0.166	1.909	1.391	0.444	-0.071	-0.527	-1.173	-1.702	-1.762
0.00492  1.20e+10  0.8923442960   0.805  1.879  3.6859  2.160    4  0.000  0.463     0.00     0.00 -1         0      0.00 7.000e-01 2.990e-01 1.100e-03 5.880e-04 3.170e-03 -1.000 1.000e-03	0.071	1.891	1.337	0.368	-0.157	-0.621	-1.281	-1.822	-1.884
0.00492  1.20e+10  0.8923523426   0.805  1.919  3.6816  2.103    4  0.000  0.463     0.00     0.00 -1         0      0.00 7.000e-01 2.990e-01 1.100e-03 5.880e-04 3.170e-03 -1.000 9.999e-04	-0.028	1.872	1.281	0.287	-0.248	-0.719	-1.394	-1.949	-2.012
0.00492  1.20e+10  0.8923560977   0.805  1.956  3.6777  2.050    4  0.000  0.463     0.00     0.00 -1         0      0.00 7.000e-01 2.990e-01 1.100e-03 5.880e-04 3.170e-03 -1.000 1.000e-03	-0.121	1.852	1.228	0.214	-0.331	-0.809	-1.499	-2.065	-2.131
0.00492  1.20e+10  0.8923581243   0.805  1.993  3.6739  1.998    4  0.000  0.463     0.00     0.00 -1         0      0.00 7.000e-01 2.990e-01 1.100e-03 5.880e-04 3.170e-03 -1.000 1.000e-03	-0.213	1.831	1.175	0.142	-0.413	-0.899	-1.603	-2.180	-2.249
0.00492  1.20e+10  0.8923594356   0.805  2.027  3.6704  1.950    4  0.000  0.463     0.00     0.00 -1         0      0.00 7.000e-01 2.990e-01 1.100e-03 5.880e-04 3.170e-03 -1.000 1.000e-03	-0.299	1.815	1.126	0.074	-0.490	-0.983	-1.699	-2.287	-2.357
0.00492  1.20e+10  0.8923598528   0.805  2.043  3.6690  1.929    4  0.000  0.463     0.00     0.00 -1         0      0.00 7.000e-01 2.990e-01 1.100e-03 5.880e-04 3.170e-03 -1.000 1.000e-03	-0.337	1.807	1.104	0.044	-0.524	-1.020	-1.742	-2.334	-2.405
0.00492  1.20e+10  0.8923602104   0.805  2.055  3.6677  1.912    4  0.000  0.463     0.00     0.00 -1         0      0.00 7.000e-01 2.990e-01 1.100e-03 5.880e-04 3.170e-03 -1.000 1.000e-03	-0.368	1.801	1.087	0.019	-0.552	-1.050	-1.777	-2.372	-2.444
0.00492  1.20e+10  0.8923612237   0.805  2.097  3.6638  1.854    4  0.000  0.463     0.00     0.00 -1         0      0.00 7.000e-01 2.990e-01 1.100e-03 5.880e-04 3.170e-03 -1.000 1.000e-03	-0.472	1.781	1.028	-0.061	-0.643	-1.150	-1.892	-2.499	-2.574
0.00492  1.20e+10  0.8923622370   0.805  2.137  3.6600  1.799    4  0.000  0.463     0.00     0.00 -1         0      0.00 7.000e-01 2.990e-01 1.100e-03 5.880e-04 3.170e-03 -1.000 1.000e-03	-0.572	1.762	0.972	-0.139	-0.732	-1.246	-2.004	-2.622	-2.700
0.00492  1.20e+10  0.8923633099   0.805  2.168  3.6571  1.756    4  0.000  0.463     0.00     0.00 -1         0      0.00 7.000e-01 2.990e-01 1.100e-03 5.880e-04 3.170e-03 -1.000 1.000e-03	-0.650	1.747	0.928	-0.200	-0.801	-1.321	-2.090	-2.716	-2.796
0.00492  1.20e+10  0.8923656344   0.805  2.182  3.6559  1.737    4  0.000  0.463     0.00     0.00 -1         0      0.00 7.000e-01 2.990e-01 1.100e-03 5.880e-04 3.170e-03 -1.000 1.000e-03	-0.686	1.738	0.906	-0.229	-0.834	-1.356	-2.130	-2.760	-2.840
0.00492  1.20e+10  0.8923680186   0.805  2.152  3.6587  1.779    4  0.000  0.463     0.00     0.00 -1         0      0.00 7.000e-01 2.990e-01 1.100e-03 5.880e-04 3.170e-03 -1.000 1.000e-03	-0.610	1.752	0.948	-0.170	-0.766	-1.283	-2.045	-2.667	-2.745
0.00492  1.20e+10  0.8923894167   0.805  2.122  3.6614  1.820    4  0.000  0.463     0.00     0.00 -1         0      0.00 7.000e-01 2.990e-01 1.100e-03 5.880e-04 3.170e-03 -1.000 1.000e-03	-0.535	1.768	0.992	-0.110	-0.699	-1.210	-1.962	-2.576	-2.652
0.00492  1.20e+10  0.8924171925   0.805  2.147  3.6590  1.785    4  0.000  0.463     0.00     0.00 -1         0      0.00 7.000e-01 2.990e-01 1.100e-03 5.880e-04 3.170e-03 -1.000 1.000e-03	-0.596	1.759	0.959	-0.157	-0.753	-1.269	-2.031	-2.652	-2.730
0.00492  1.20e+10  0.8924387097   0.805  2.186  3.6552  1.731    4  0.000  0.463     0.00     0.00 -1         0      0.00 7.000e-01 2.990e-01 1.100e-03 5.880e-04 3.170e-03 -1.000 1.000e-03	-0.694	1.745	0.906	-0.232	-0.839	-1.363	-2.139	-2.771	-2.853
0.00492  1.20e+10  0.8924554586   0.805  2.220  3.6519  1.684    4  0.000  0.463     0.00     0.00 -1         0      0.00 7.000e-01 2.990e-01 1.100e-03 5.880e-04 3.170e-03 -1.000 1.000e-03	-0.779	1.737	0.862	-0.295	-0.912	-1.443	-2.233	-2.875	-2.959
0.00492  1.20e+10  0.8924748302   0.805  2.260  3.6481  1.628    4  0.000  0.463     0.00     0.00 -1         0      0.00 7.000e-01 2.990e-01 1.100e-03 5.880e-04 3.170e-03 -1.000 1.000e-03	-0.880	1.729	0.812	-0.368	-0.998	-1.537	-2.344	-2.996	-3.084
0.00492  1.20e+10  0.8924922943   0.805  2.300  3.6444  1.573    4  0.000  0.463     0.00     0.00 -1         0      0.00 7.000e-01 2.990e-01 1.100e-03 5.880e-04 3.170e-03 -1.000 1.000e-03	-0.981	1.723	0.760	-0.441	-1.083	-1.632	-2.454	-3.118	-3.209
0.00492  1.20e+10  0.8925077319   0.805  2.341  3.6407  1.518    4  0.000  0.463     0.00     0.00 -1         0      0.00 7.000e-01 2.990e-01 1.100e-03 5.880e-04 3.170e-03 -1.000 1.000e-03	-1.082	1.718	0.710	-0.514	-1.169	-1.726	-2.564	-3.239	-3.333
0.00492  1.20e+10  0.8925216794   0.805  2.382  3.6369  1.462    4  0.000  0.463     0.00     0.00 -1         0      0.00 7.000e-01 2.990e-01 1.100e-03 5.880e-04 3.170e-03 -1.000 1.000e-03	-1.184	1.725	0.665	-0.585	-1.253	-1.821	-2.676	-3.361	-3.460
0.00492  1.20e+10  0.8925341368   0.805  2.423  3.6332  1.406    4  0.000  0.463     0.00     0.00 -1         0      0.00 7.000e-01 2.990e-01 1.100e-03 5.880e-04 3.170e-03 -1.000 1.000e-03	-1.287	1.736	0.621	-0.654	-1.338	-1.916	-2.787	-3.483	-3.587
0.00492  1.20e+10  0.8925452232   0.805  2.464  3.6295  1.350    4  0.000  0.463     0.00     0.00 -1         0      0.00 7.000e-01 2.990e-01 1.100e-03 5.880e-04 3.170e-03 -1.000 1.000e-03	-1.389	1.750	0.578	-0.724	-1.422	-2.011	-2.899	-3.605	-3.713
0.00492  1.20e+10  0.8925552964   0.805  2.505  3.6258  1.295    4  0.000  0.463     0.00     0.00 -1         0      0.00 7.000e-01 2.990e-01 1.100e-03 5.880e-04 3.170e-03 -1.000 1.000e-03	-1.492	1.767	0.536	-0.793	-1.506	-2.105	-3.010	-3.726	-3.839
0.00492  1.20e+10  0.8925644755   0.805  2.545  3.6221  1.239    4  0.000  0.463     0.00     0.00 -1         0      0.00 7.000e-01 2.990e-01 1.100e-03 5.880e-04 3.170e-03 -1.000 1.000e-03	-1.593	1.791	0.499	-0.857	-1.586	-2.197	-3.119	-3.847	-3.964
0.00492  1.20e+10  0.8925729990   0.805  2.585  3.6184  1.184    4  0.000  0.463     0.00     0.00 -1         0      0.00 7.000e-01 2.990e-01 1.100e-03 5.880e-04 3.170e-03 -1.000 1.000e-03	-1.693	1.816	0.462	-0.920	-1.665	-2.288	-3.227	-3.966	-4.088
0.00492  1.20e+10  0.8925809860   0.805  2.625  3.6148  1.130    4  0.000  0.463     0.00     0.00 -1         0      0.00 7.000e-01 2.990e-01 1.100e-03 5.880e-04 3.170e-03 -1.000 1.000e-03	-1.793	1.842	0.427	-0.982	-1.744	-2.379	-3.334	-4.084	-4.211
0.00492  1.20e+10  0.8925886154   0.805  2.665  3.6111  1.075    4  0.000  0.463     0.00     0.00 -1         0      0.00 7.000e-01 2.990e-01 1.100e-03 5.880e-04 3.170e-03 -1.000 1.000e-03	-1.893	1.871	0.393	-1.043	-1.821	-2.468	-3.442	-4.202	-4.334
0.00492  1.20e+10  0.8925960660   0.805  2.705  3.6075  1.021    4  0.000  0.463     0.00     0.00 -1         0      0.00 7.000e-01 2.990e-01 1.100e-03 5.880e-04 3.170e-03 -1.000 1.000e-03	-1.993	1.899	0.362	-1.101	-1.896	-2.558	-3.549	-4.321	-4.458
0.00492  1.20e+10  0.8926030993   0.805  2.746  3.6038  0.965    4  0.000  0.463     0.00     0.00 -1         0      0.00 7.000e-01 2.990e-01 1.100e-03 5.880e-04 3.170e-03 -1.000 1.000e-03	-2.095	1.936	0.332	-1.159	-1.972	-2.649	-3.658	-4.442	-4.584
0.00492  1.20e+10  0.8926094770   0.805  2.787  3.6000  0.910    4  0.000  0.463     0.00     0.00 -1         0      0.00 7.000e-01 2.990e-01 1.100e-03 5.880e-04 3.170e-03 -1.000 1.000e-03	-2.196	1.978	0.307	-1.214	-2.046	-2.739	-3.766	-4.561	-4.710
0.00492  1.20e+10  0.8926152587   0.805  2.830  3.5960  0.850    4  0.000  0.463     0.00     0.00 -1         0      0.00 7.000e-01 2.990e-01 1.100e-03 5.880e-04 3.170e-03 -1.000 1.000e-03	-2.305	2.023	0.283	-1.270	-2.122	-2.835	-3.882	-4.690	-4.845
0.00492  1.20e+10  0.8926194906   0.805  2.874  3.5918  0.790    4  0.000  0.463     0.00     0.00 -1         0      0.00 7.000e-01 2.990e-01 1.100e-03 5.880e-04 3.170e-03 -1.000 1.000e-03	-2.414	2.068	0.262	-1.321	-2.195	-2.930	-3.999	-4.820	-4.981
0.00492  1.20e+10  0.8926227093   0.805  2.915  3.5878  0.732    4  0.000  0.463     0.00     0.00 -1         0      0.00 7.000e-01 2.990e-01 1.100e-03 5.880e-04 3.170e-03 -1.000 1.000e-03	-2.518	2.113	0.244	-1.370	-2.264	-3.021	-4.110	-4.944	-5.111
0.00492  1.20e+10  0.8926255703   0.805  2.957  3.5837  0.673    4  0.000  0.463     0.00     0.00 -1         0      0.00 7.000e-01 2.990e-01 1.100e-03 5.880e-04 3.170e-03 -1.000 1.000e-03	-2.624	2.162	0.228	-1.416	-2.332	-3.112	-4.223	-5.071	-5.243
0.00492  1.20e+10  0.8926280737   0.805  2.997  3.5797  0.618    4  0.000  0.463     0.00     0.00 -1         0      0.00 7.000e-01 2.990e-01 1.100e-03 5.880e-04 3.170e-03 -1.000 1.000e-03	-2.723	2.200	0.219	-1.450	-2.387	-3.197	-4.330	-5.190	-5.368
0.00492  1.20e+10  0.8926303387   0.805  3.037  3.5757  0.562    4  0.000  0.463     0.00     0.00 -1         0      0.00 7.000e-01 2.990e-01 1.100e-03 5.880e-04 3.170e-03 -1.000 1.000e-03	-2.822	2.240	0.213	-1.481	-2.441	-3.281	-4.436	-5.308	-5.493
0.00492  1.20e+10  0.8926328421   0.805  3.080  3.5712  0.501    4  0.000  0.463     0.00     0.00 -1         0      0.00 7.000e-01 2.990e-01 1.100e-03 5.880e-04 3.170e-03 -1.000 1.000e-03	-2.930	2.287	0.208	-1.514	-2.499	-3.372	-4.552	-5.437	-5.629
0.00492  1.20e+10  0.8926355243   0.805  3.124  3.5666  0.439    4  0.000  0.463     0.00     0.00 -1         0      0.00 7.000e-01 2.990e-01 1.100e-03 5.880e-04 3.170e-03 -1.000 1.000e-03	-3.039	2.331	0.221	-1.526	-2.541	-3.462	-4.672	-5.569	-5.769
0.00492  1.20e+10  0.8926361799   0.805  3.136  3.5653  0.421    4  0.000  0.463     0.00     0.00 -1         0      0.00 7.000e-01 2.990e-01 1.100e-03 5.880e-04 3.170e-03 -1.000 1.000e-03	-3.071	2.341	0.225	-1.528	-2.552	-3.488	-4.707	-5.607	-5.808
0.00492  1.20e+10  0.8926368356   0.805  3.116  3.5674  0.450    4  0.000  0.463     0.00     0.00 -1         0      0.00 7.000e-01 2.990e-01 1.100e-03 5.880e-04 3.170e-03 -1.000 1.000e-03	-3.020	2.323	0.217	-1.525	-2.535	-3.446	-4.651	-5.545	-5.744
0.00492  1.20e+10  0.8926369548   0.805  3.140  3.5649  0.416    4  0.000  0.463     0.00     0.00 -1         0      0.00 7.000e-01 2.990e-01 1.100e-03 5.880e-04 3.170e-03 -1.000 9.999e-04	-3.080	2.345	0.226	-1.528	-2.555	-3.496	-4.717	-5.618	-5.820
0.00492  1.20e+10  0.8926370144   0.805  3.121  3.5669  0.443    4  0.000  0.463     0.00     0.00 -1         0      0.00 7.000e-01 2.990e-01 1.100e-03 5.880e-04 3.170e-03 -1.000 1.000e-03	-3.032	2.327	0.218	-1.527	-2.539	-3.457	-4.665	-5.560	-5.760
0.00492  1.20e+10  0.8926370740   0.805  3.117  3.5673  0.448    4  0.000  0.463     0.00     0.00 -1         0      0.00 7.000e-01 2.990e-01 1.100e-03 5.880e-04 3.170e-03 -1.000 1.000e-03	-3.022	2.325	0.218	-1.525	-2.535	-3.449	-4.654	-5.548	-5.747
0.00492  1.20e+10  0.8926371932   0.805  3.123  3.5667  0.440    4  0.000  0.463     0.00     0.00 -1         0      0.00 7.000e-01 2.990e-01 1.100e-03 5.880e-04 3.170e-03 -1.000 1.000e-03	-3.038	2.330	0.220	-1.526	-2.540	-3.461	-4.671	-5.567	-5.767
0.00492  1.20e+10  0.8926373720   0.805  3.129  3.5661  0.432    4  0.000  0.463     0.00     0.00 -1         0      0.00 7.000e-01 2.990e-01 1.100e-03 5.880e-04 3.170e-03 -1.000 1.000e-03	-3.051	2.334	0.222	-1.527	-2.546	-3.473	-4.686	-5.583	-5.784
0.00492  1.20e+10  0.8926375508   0.805  3.137  3.5653  0.420    4  0.000  0.463     0.00     0.00 -1         0      0.00 7.000e-01 2.990e-01 1.100e-03 5.880e-04 3.170e-03 -1.000 1.000e-03	-3.072	2.341	0.224	-1.529	-2.553	-3.490	-4.708	-5.608	-5.810
0.00492  1.20e+10  0.8926376700   0.805  3.161  3.5626  0.385    4  0.000  0.463     0.00     0.00 -1         0      0.00 7.000e-01 2.990e-01 1.100e-03 5.880e-04 3.170e-03 -1.000 9.999e-04	-3.132	2.365	0.236	-1.529	-2.571	-3.538	-4.775	-5.681	-5.887
0.00492  1.20e+10  0.8926378489   0.805  3.193  3.5589  0.339    4  0.000  0.463     0.00     0.00 -1         0      0.00 7.000e-01 2.990e-01 1.100e-03 5.880e-04 3.170e-03 -1.000 1.000e-03	-3.211	2.398	0.255	-1.526	-2.593	-3.602	-4.862	-5.778	-5.990
0.00492  1.20e+10  0.8926380277   0.805  3.229  3.5547  0.286    4  0.000  0.463     0.00     0.00 -1         0      0.00 7.000e-01 2.990e-01 1.100e-03 5.880e-04 3.170e-03 -1.000 1.000e-03	-3.301	2.433	0.284	-1.511	-2.609	-3.672	-4.962	-5.889	-6.107
0.00492  1.20e+10  0.8926382661   0.805  3.265  3.5503  0.232    4  0.000  0.463     0.00     0.00 -1         0      0.00 7.000e-01 2.990e-01 1.100e-03 5.880e-04 3.170e-03 -1.000 1.000e-03	-3.392	2.459	0.328	-1.468	-2.604	-3.737	-5.065	-6.000	-6.225
0.00492  1.20e+10  0.8926385641   0.805  3.300  3.5459  0.179    4  0.000  0.463     0.00     0.00 -1         0      0.00 7.000e-01 2.990e-01 1.100e-03 5.880e-04 3.170e-03 -1.000 1.000e-03	-3.481	2.485	0.375	-1.423	-2.597	-3.801	-5.165	-6.110	-6.341
0.00492  1.20e+10  0.8926388621   0.805  3.335  3.5416  0.128    4  0.000  0.463     0.00     0.00 -1         0      0.00 7.000e-01 2.990e-01 1.100e-03 5.880e-04 3.170e-03 -1.000 1.000e-03	-3.567	2.510	0.424	-1.374	-2.586	-3.861	-5.263	-6.216	-6.454
0.00492  1.20e+10  0.8926394582   0.805  3.371  3.5371  0.074    4  0.000  0.463     0.00     0.00 -1         0      0.00 7.000e-01 2.990e-01 1.100e-03 5.880e-04 3.170e-03 -1.000 1.000e-03	-3.657	2.529	0.500	-1.281	-2.547	-3.910	-5.367	-6.326	-6.571
0.00492  1.20e+10  0.8926397562   0.805  3.380  3.5359  0.059    4  0.522  0.463     0.00     0.00 -1         0      0.00 7.000e-01 2.990e-01 1.100e-03 5.880e-04 3.170e-03 -1.000 1.000e-03	-3.681	2.534	0.521	-1.256	-2.537	-3.923	-5.395	-6.356	-6.603
0.00492  1.20e+10  0.8926398158   0.805  3.380  3.5323  0.045    8  0.522  0.479   153.24    72.10  0 -2.74e-07      0.00 7.273e-01 2.678e-01 7.791e-04 3.740e-04 2.168e-03 -1.000 4.898e-03	-3.681	2.591	0.635	-1.120	-2.439	-3.892	-5.404	-6.372	-6.624
0.00492  1.20e+10  0.8926398754   0.805  3.122  3.5624  0.424    8  0.522  0.479    67.71    35.58  1 -9.08e-08      0.00 7.273e-01 2.678e-01 7.791e-04 3.740e-04 2.168e-03 -1.000 4.898e-03	-3.034	2.429	0.320	-1.433	-2.471	-3.439	-4.675	-5.584	-5.789
0.00492  1.20e+10  0.8926399350   0.804  2.976  3.5792  0.636    8  0.522  0.479    42.81    23.93  1 -5.22e-08      0.00 7.273e-01 2.678e-01 7.791e-04 3.740e-04 2.168e-03 -1.000 4.898e-03	-2.670	2.247	0.275	-1.390	-2.329	-3.142	-4.277	-5.139	-5.318
0.00492  1.20e+10  0.8926401138   0.802  2.814  3.5980  0.872    8  0.523  0.479    25.73    15.40  1 -3.01e-08      0.00 7.273e-01 2.678e-01 7.791e-04 3.740e-04 2.168e-03 -1.000 4.898e-03	-2.265	1.996	0.283	-1.257	-2.099	-2.801	-3.839	-4.640	-4.792
0.00492  1.20e+10  0.8926402926   0.799  2.835  3.5953  0.839    8  0.523  0.479    27.65    16.37  1 -3.24e-08      0.00 7.273e-01 2.678e-01 7.791e-04 3.740e-04 2.168e-03 -1.000 4.898e-03	-2.319	2.035	0.283	-1.275	-2.130	-2.846	-3.897	-4.707	-4.863
0.00492  1.20e+10  0.8926405907   0.796  2.965  3.5801  0.646    8  0.523  0.479    41.92    23.41  1 -5.08e-08      0.00 7.273e-01 2.678e-01 7.791e-04 3.740e-04 2.168e-03 -1.000 4.898e-03	-2.644	2.246	0.283	-1.378	-2.312	-3.119	-4.249	-5.108	-5.286
0.00492  1.20e+10  0.8926408887   0.792  3.131  3.5606  0.400    8  0.523  0.479    71.18    36.93  1 -9.64e-08      0.00 7.273e-01 2.678e-01 7.791e-04 3.740e-04 2.168e-03 -1.000 4.898e-03	-3.057	2.461	0.344	-1.417	-2.467	-3.455	-4.702	-5.616	-5.824
0.00492  1.20e+10  0.8926413059   0.787  3.266  3.5447  0.199    8  0.523  0.479   109.85    53.61  0 -1.71e-07      0.00 7.273e-01 2.678e-01 7.791e-04 3.740e-04 2.168e-03 -1.000 4.898e-03	-3.394	2.570	0.482	-1.305	-2.485	-3.707	-5.081	-6.029	-6.261
0.00492  1.20e+10  0.8926417232   0.782  3.351  3.5344  0.069    8  0.524  0.479   145.38    68.11  0 -2.52e-07      0.00 7.273e-01 2.678e-01 7.791e-04 3.740e-04 2.168e-03 -1.000 4.898e-03	-3.609	2.614	0.632	-1.131	-2.425	-3.839	-5.326	-6.291	-6.539
0.00492  1.20e+10  0.8926422000   0.776  3.396  3.5289 -0.001    8  0.524  0.479   169.07    77.36  0 -3.11e-07      0.00 7.273e-01 2.678e-01 7.791e-04 3.740e-04 2.168e-03 -1.000 4.898e-03	-3.720	2.640	0.729	-1.014	-2.377	-3.899	-5.454	-6.427	-6.684
0.00492  1.20e+10  0.8926427960   0.769  3.416  3.5261 -0.036    8  0.525  0.479   182.42    82.32  0 -3.46e-07      0.00 7.273e-01 2.678e-01 7.791e-04 3.740e-04 2.168e-03 -1.000 4.898e-03	-3.771	2.651	0.797	-0.928	-2.336	-3.915	-5.515	-6.490	-6.752
0.00492  1.20e+10  0.8926433921   0.762  3.428  3.5243 -0.059    8  0.525  0.479   191.61    85.53  0  -3.7e-07      0.00 7.273e-01 2.678e-01 7.791e-04 3.740e-04 2.168e-03 -1.000 4.898e-03	-3.799	2.661	0.849	-0.863	-2.303	-3.918	-5.550	-6.526	-6.791
0.00492  1.20e+10  0.8926433921   0.761  3.225  3.5481  0.239    8  0.525  0.479   100.80    49.08  0  -1.5e-07      0.00 7.273e-01 2.678e-01 7.791e-04 3.740e-04 2.168e-03 -1.000 4.898e-03	-3.292	2.585	0.480	-1.306	-2.457	-3.625	-4.970	-5.911	-6.137
0.00492  1.20e+10  0.8926435113   0.760  3.034  3.5704  0.518    8  0.525  0.479    55.19    29.14  1 -6.95e-08      0.00 7.273e-01 2.678e-01 7.791e-04 3.740e-04 2.168e-03 -1.000 4.898e-03	-2.815	2.406	0.333	-1.387	-2.375	-3.254	-4.438	-5.327	-5.520
0.00492  1.20e+10  0.8926435709   0.758  2.872  3.5894  0.756    8  0.525  0.479    33.06    18.69  1 -3.88e-08      0.00 7.273e-01 2.678e-01 7.791e-04 3.740e-04 2.168e-03 -1.000 4.898e-03	-2.409	2.163	0.319	-1.282	-2.168	-2.917	-3.998	-4.827	-4.991
0.00492  1.20e+10  0.8926437497   0.756  2.893  3.5869  0.724    8  0.526  0.479    35.44    19.82  1 -4.19e-08      0.00 7.273e-01 2.678e-01 7.791e-04 3.740e-04 2.168e-03 -1.000 4.898e-03	-2.461	2.200	0.318	-1.301	-2.199	-2.961	-4.055	-4.892	-5.059
0.00492  1.20e+10  0.8926439285   0.752  3.020  3.5720  0.535    8  0.526  0.479    53.26    28.12  1 -6.69e-08      0.00 7.273e-01 2.678e-01 7.791e-04 3.740e-04 2.168e-03 -1.000 4.898e-03	-2.779	2.389	0.332	-1.379	-2.357	-3.224	-4.400	-5.283	-5.473
0.00492  1.20e+10  0.8926442266   0.748  3.181  3.5530  0.295    8  0.526  0.479    89.39    43.89  0 -1.29e-07      0.00 7.273e-01 2.678e-01 7.791e-04 3.740e-04 2.168e-03 -1.000 4.898e-03	-3.183	2.567	0.438	-1.348	-2.456	-3.544	-4.847	-5.778	-5.998
0.00492  1.20e+10  0.8926444650   0.743  3.313  3.5375  0.098    8  0.526  0.479   136.64    63.15  0  -2.3e-07      0.00 7.273e-01 2.678e-01 7.791e-04 3.740e-04 2.168e-03 -1.000 4.898e-03	-3.512	2.645	0.619	-1.158	-2.416	-3.770	-5.220	-6.180	-6.424
0.00492  1.20e+10  0.8926448226   0.738  3.396  3.5276 -0.028    8  0.527  0.479   179.47    79.65  0 -3.38e-07      0.00 7.273e-01 2.678e-01 7.791e-04 3.740e-04 2.168e-03 -1.000 4.898e-03	-3.720	2.679	0.789	-0.950	-2.335	-3.885	-5.459	-6.434	-6.693
0.00492  1.20e+10  0.8926451802   0.732  3.439  3.5224 -0.095    8  0.527  0.479   207.49    89.92  0 -4.17e-07      0.00 7.273e-01 2.678e-01 7.791e-04 3.740e-04 2.168e-03 -1.000 4.898e-03	-3.827	2.687	0.919	-0.780	-2.259	-3.917	-5.586	-6.562	-6.831
0.00492  1.20e+10  0.8926455975   0.725  3.458  3.5200 -0.128    8  0.528  0.479   222.74    95.15  0 -4.63e-07      0.00 7.273e-01 2.678e-01 7.791e-04 3.740e-04 2.168e-03 -1.000 4.898e-03	-3.875	2.695	0.984	-0.695	-2.220	-3.928	-5.643	-6.620	-6.893
0.00492  1.20e+10  0.8926460743   0.717  3.468  3.5186 -0.148    8  0.528  0.479   232.82    98.31  0 -4.95e-07      0.00 7.273e-01 2.678e-01 7.791e-04 3.740e-04 2.168e-03 -1.000 4.898e-03	-3.900	2.703	1.025	-0.643	-2.195	-3.932	-5.673	-6.651	-6.926
0.00492  1.20e+10  0.8926460743   0.717  3.274  3.5418  0.139    8  0.528  0.479   125.47    57.59  0 -2.07e-07      0.00 7.273e-01 2.678e-01 7.791e-04 3.740e-04 2.168e-03 -1.000 4.898e-03	-3.415	2.649	0.563	-1.233	-2.441	-3.711	-5.110	-6.064	-6.301
0.00492  1.20e+10  0.8926461935   0.715  3.085  3.5647  0.418    8  0.528  0.479    68.65    34.15  1 -9.43e-08      0.00 7.273e-01 2.678e-01 7.791e-04 3.740e-04 2.168e-03 -1.000 4.898e-03	-2.942	2.482	0.366	-1.388	-2.415	-3.358	-4.580	-5.481	-5.684
0.00492  1.20e+10  0.8926463127   0.712  2.923  3.5846  0.659    8  0.528  0.479    40.89    21.77  1 -5.17e-08      0.00 7.273e-01 2.678e-01 7.791e-04 3.740e-04 2.168e-03 -1.000 4.898e-03	-2.536	2.239	0.303	-1.341	-2.254	-3.028	-4.135	-4.978	-5.150
0.00492  1.20e+10  0.8926464915   0.708  2.944  3.5828  0.628    8  0.528  0.479    43.72    23.00  1 -5.67e-08      0.00 7.273e-01 2.678e-01 7.791e-04 3.740e-04 2.168e-03 -1.000 4.898e-03	-2.589	2.256	0.293	-1.365	-2.288	-3.075	-4.191	-5.040	-5.214
0.00492  1.20e+10  0.8926467299   0.703  3.069  3.5687  0.443    8  0.529  0.479    65.17    32.34  1 -9.28e-08      0.00 7.273e-01 2.678e-01 7.791e-04 3.740e-04 2.168e-03 -1.000 4.898e-03	-2.902	2.424	0.312	-1.433	-2.436	-3.334	-4.531	-5.421	-5.618
0.00492  1.20e+10  0.8926470280   0.697  3.227  3.5508  0.209    8  0.529  0.479   108.16    49.85  0 -1.83e-07      0.00 7.273e-01 2.678e-01 7.791e-04 3.740e-04 2.168e-03 -1.000 4.898e-03	-3.299	2.568	0.422	-1.384	-2.520	-3.647	-4.971	-5.904	-6.129
0.00492  1.20e+10  0.8926473856   0.690  3.357  3.5365  0.018    8  0.529  0.479   163.51    70.80  0 -3.32e-07      0.00 7.273e-01 2.678e-01 7.791e-04 3.740e-04 2.168e-03 -1.000 4.898e-03	-3.622	2.626	0.584	-1.211	-2.491	-3.869	-5.335	-6.294	-6.542
0.00492  1.20e+10  0.8926478028   0.682  3.439  3.5280 -0.103    8  0.530  0.479   212.65    88.18  0 -4.97e-07      0.00 7.273e-01 2.678e-01 7.791e-04 3.740e-04 2.168e-03 -1.000 4.898e-03	-3.827	2.637	0.718	-1.049	-2.443	-3.996	-5.568	-6.538	-6.801
0.00492  1.20e+10  0.8926482201   0.673  3.481  3.5244 -0.165    8  0.530  0.479   243.71    98.29  0 -6.27e-07      0.00 7.273e-01 2.678e-01 7.791e-04 3.740e-04 2.168e-03 -1.000 4.898e-03	-3.932	2.625	0.787	-0.956	-2.420	-4.048	-5.688	-6.659	-6.928
0.00492  1.20e+10  0.8926487565   0.663  3.500  3.5239 -0.193    8  0.531  0.479   259.57   102.65  0 -7.14e-07      0.00 7.273e-01 2.678e-01 7.791e-04 3.740e-04 2.168e-03 -1.000 4.898e-03	-3.980	2.609	0.781	-0.962	-2.443	-4.086	-5.738	-6.709	-6.980
0.00492  1.20e+10  0.8926492929   0.652  3.510  3.5245 -0.208    8  0.532  0.479   269.27   104.56  0 -7.84e-07      0.00 7.273e-01 2.678e-01 7.791e-04 3.740e-04 2.168e-03 -1.000 4.898e-03	-4.006	2.591	0.742	-1.013	-2.487	-4.121	-5.763	-6.732	-7.004
0.00492  1.20e+10  0.8926492929   0.651  3.327  3.5471  0.065    8  0.532  0.479   149.37    62.76  0 -3.42e-07      0.00 7.273e-01 2.678e-01 7.791e-04 3.740e-04 2.168e-03 -1.000 4.898e-03	-3.548	2.512	0.336	-1.503	-2.683	-3.874	-5.233	-6.170	-6.404
0.00492  1.20e+10  0.8926494122   0.648  3.139  3.5712  0.348    8  0.532  0.479    81.19    36.93  0 -1.56e-07      0.00 7.273e-01 2.678e-01 7.791e-04 3.740e-04 2.168e-03 -1.000 4.898e-03	-3.076	2.296	0.133	-1.638	-2.640	-3.519	-4.706	-5.583	-5.780
0.00492  1.20e+10  0.8926495314   0.644  2.974  3.5932  0.597    8  0.532  0.479    47.50    23.10  1 -8.51e-08      0.00 7.273e-01 2.678e-01 7.791e-04 3.740e-04 2.168e-03 -1.000 4.898e-03	-2.666	1.952	0.048	-1.577	-2.456	-3.189	-4.256	-5.065	-5.227
0.00492  1.20e+10  0.8926497698   0.638  2.993  3.5938  0.577    8  0.532  0.479    49.73    23.84  1 -9.51e-08      0.00 7.273e-01 2.678e-01 7.791e-04 3.740e-04 2.168e-03 -1.000 4.898e-03	-2.712	1.908	-0.002	-1.629	-2.507	-3.237	-4.303	-5.108	-5.270
0.00492  1.20e+10  0.8926500082   0.631  3.112  3.5829  0.409    8  0.532  0.479    71.74    32.35  1 -1.59e-07      0.00 7.273e-01 2.678e-01 7.791e-04 3.740e-04 2.168e-03 -1.000 4.898e-03	-3.010	2.042	-0.045	-1.764	-2.705	-3.498	-4.622	-5.460	-5.639
0.00492  1.20e+10  0.8926503062   0.622  3.263  3.5688  0.196    8  0.533  0.479   114.32    47.67  0 -3.15e-07      0.00 7.273e-01 2.678e-01 7.791e-04 3.740e-04 2.168e-03 -1.000 4.898e-03	-3.387	2.186	-0.059	-1.883	-2.914	-3.821	-5.028	-5.905	-6.109
0.00492  1.20e+10  0.8926506639   0.612  3.384  3.5590  0.028    8  0.533  0.479   165.50    64.35  0 -5.76e-07      0.00 7.273e-01 2.678e-01 7.791e-04 3.740e-04 2.168e-03 -1.000 4.898e-03	-3.691	2.223	-0.077	-1.959	-3.063	-4.082	-5.354	-6.256	-6.476
0.00492  1.20e+10  0.8926510811   0.600  3.459  3.5557 -0.068    8  0.534  0.479   205.99    75.72  0 -8.74e-07      0.00 7.273e-01 2.678e-01 7.791e-04 3.740e-04 2.168e-03 -1.000 4.898e-03	-3.878	2.186	-0.136	-2.052	-3.191	-4.254	-5.551	-6.458	-6.686
0.00492  1.20e+10  0.8926515579   0.587  3.494  3.5579 -0.103    8  0.534  0.479   226.16    79.17  0 -1.12e-06      0.96 7.273e-01 2.678e-01 7.791e-04 3.740e-04 2.168e-03 -1.000 4.898e-03	-3.965	2.271	-0.106	-2.080	-3.261	-4.316	-5.623	-6.528	-6.764
0.00492  1.20e+10  0.8926520348   0.574  3.506  3.5637 -0.102    8  0.535  0.479   231.74    76.68  0 -1.31e-06      0.91 7.273e-01 2.678e-01 7.791e-04 3.740e-04 2.168e-03 -1.000 4.898e-03	-3.995	2.397	-0.050	-2.085	-3.305	-4.318	-5.622	-6.520	-6.762
0.00492  1.20e+10  0.8926526308   0.559  3.509  3.5714 -0.086    8  0.536  0.479   234.59    70.97  0 -1.48e-06      0.87 7.273e-01 2.678e-01 7.791e-04 3.740e-04 2.168e-03 -1.000 4.898e-03	-4.002	2.443	-0.060	-2.132	-3.366	-4.316	-5.599	-6.482	-6.724
0.00492  1.20e+10  0.8926526308   0.558  3.337  3.5928  0.171    8  0.536  0.479   134.96    43.93  0 -6.95e-07      0.00 7.273e-01 2.678e-01 7.791e-04 3.740e-04 2.168e-03 -1.000 4.898e-03	-3.573	1.482	-0.679	-2.429	-3.350	-4.102	-5.187	-5.974	-6.147
0.00492  1.20e+10  0.8926526308   0.558  3.150  3.6165  0.452    8  0.536  0.479    73.65    25.93  1 -3.25e-07      0.00 7.273e-01 2.678e-01 7.791e-04 3.740e-04 2.168e-03 -1.000 4.898e-03	-3.105	1.010	-0.729	-2.276	-3.067	-3.710	-4.673	-5.389	-5.523
0.00492  1.20e+10  0.8926526904   0.557  2.984  3.6378  0.703    8  0.536  0.479    43.08    16.21  1 -1.79e-07      0.00 7.273e-01 2.678e-01 7.791e-04 3.740e-04 2.168e-03 -1.000 4.898e-03	-2.691	0.619	-0.715	-2.082	-2.775	-3.348	-4.207	-4.867	-4.970
0.00492  1.20e+10  0.8926527500   0.556  3.001  3.6368  0.681    8  0.536  0.479    45.34    16.80  1 -1.92e-07      0.00 7.273e-01 2.678e-01 7.791e-04 3.740e-04 2.168e-03 -1.000 4.898e-03	-2.732	0.620	-0.736	-2.113	-2.811	-3.387	-4.251	-4.913	-5.018
0.00492  1.20e+10  0.8926528096   0.555  3.116  3.6239  0.514    8  0.536  0.479    65.48    22.80  1 -2.96e-07      0.00 7.273e-01 2.678e-01 7.791e-04 3.740e-04 2.168e-03 -1.000 4.898e-03	-3.019	0.822	-0.785	-2.272	-3.028	-3.644	-4.571	-5.266	-5.389
0.00492  1.20e+10  0.8926528692   0.553  3.261  3.6074  0.302    8  0.536  0.479   104.48    33.62  0 -5.36e-07      0.00 7.273e-01 2.678e-01 7.791e-04 3.740e-04 2.168e-03 -1.000 4.898e-03	-3.382	1.147	-0.795	-2.434	-3.279	-3.961	-4.972	-5.712	-5.862
0.00492  1.20e+10  0.8926529288   0.551  3.378  3.5948  0.133    8  0.536  0.479   152.10    45.56  0 -8.97e-07      0.00 7.273e-01 2.678e-01 7.791e-04 3.740e-04 2.168e-03 -1.000 4.898e-03	-3.674	1.370	-0.799	-2.551	-3.468	-4.211	-5.288	-6.065	-6.236
0.00492  1.20e+10  0.8926530480   0.549  3.448  3.5882  0.034    8  0.536  0.479   191.25    54.05  0 -1.25e-06      0.90 7.273e-01 2.678e-01 7.791e-04 3.740e-04 2.168e-03 -1.000 4.898e-03	-3.851	1.742	-0.584	-2.466	-3.502	-4.306	-5.453	-6.264	-6.461
0.00492  1.20e+10  0.8926531672   0.547  3.480  3.5867 -0.006    8  0.536  0.479   212.97    57.16  0 -1.49e-06      0.85 7.273e-01 2.678e-01 7.791e-04 3.740e-04 2.168e-03 -1.000 4.898e-03	-3.931	2.030	-0.382	-2.356	-3.484	-4.320	-5.512	-6.340	-6.555
0.00492  1.20e+10  0.8926532865   0.544  3.489  3.5883 -0.010    8  0.536  0.479   221.87    56.17  0 -1.59e-06      0.84 7.273e-01 2.678e-01 7.791e-04 3.740e-04 2.168e-03 -1.000 4.898e-03	-3.953	2.098	-0.328	-2.328	-3.484	-4.322	-5.522	-6.349	-6.569
0.00492  1.20e+10  0.8926534057   0.541  3.489  3.5914  0.000    8  0.536  0.479   228.25    52.94  0 -1.64e-06      0.83 7.273e-01 2.678e-01 7.791e-04 3.740e-04 2.168e-03 -1.000 4.898e-03	-3.952	2.060	-0.348	-2.343	-3.497	-4.322	-5.513	-6.332	-6.550
0.00492  1.20e+10  0.8926540613   0.541 -9.999  4.0686  2.056    9  0.541  0.000     0.00     0.00 -1         0      0.00 7.273e-01 2.678e-01 7.791e-04 3.740e-04 2.168e-03 -1.000 4.898e-03	29.767	29.847	30.321	30.405	30.416	30.442	30.564	30.586	30.616
