# File generated by CMD 2.8 (http://stev.oapd.inaf.it/cmd) on Wed May 18 12:32:50 CEST 2016
# PARSEC isochrones, release v1.2S
# Basic references: Bressan et al. (2012), MNRAS, 427, 127 + Chen et al. (2014, 2015), MNRAS, 444, 2525 + MNRAS, 452, 1068 + Tang et al. (2014), MNRAS, 445, 4287
# Warning: you choose not to include the TP-AGB phase!
# Photometric system: <i>UBVRIJHK</i> (cf. Maiz-Apellaniz 2006 + Bessell 1990)
# Using NBC version of bolometric corrections as in Chen et al. (2014), MNRAS, 444, 2525
# BCs of Carbon stars derive from Aringer et al. (2009, A&A 503, 913)
# O-rich circumstellar dust ignored
# C-rich circumstellar dust ignored
# IMF: Chabrier (2001) lognormal 
# On RGB, assumed Reimers mass loss with efficiency eta=0.2
# Kind of output: isochrone tables
#	Isochrone  Z = 0.00400	Y = 0.25600	[M/H] = -0.583	eta_R = 0.200	Age = 	1.1000e+10 yr
#      Z	log(age/yr)	M_ini   	M_act	logL/Lo	logTe	logG	mbol    U       B       V       R       I       J       H       K	int_IMF	stage
	0.004000	10.0414	0.09000000	0.0900	-3.3073	3.4131	5.3039	13.038	22.658	19.829	17.774	15.385	13.071	10.913	10.492	10.268	1.46765435	1
	0.004000	10.0414	0.09322999	0.0932	-3.2369	3.4229	5.2882	12.862	21.935	19.279	17.267	15.031	12.810	10.768	10.327	10.093	1.50197315	1
	0.004000	10.0414	0.10000000	0.1000	-3.0970	3.4425	5.2569	12.513	20.616	18.234	16.315	14.350	12.302	10.476	9.999	9.751	1.57040203	1
	0.004000	10.0414	0.12000000	0.1200	-2.8253	3.4755	5.1963	11.833	18.461	16.483	14.693	13.128	11.412	9.895	9.372	9.112	1.74782515	1
	0.004000	10.0414	0.14000000	0.1400	-2.6394	3.4947	5.1545	11.369	17.233	15.472	13.747	12.366	10.858	9.488	8.947	8.688	1.89584959	1
	0.004000	10.0414	0.16000000	0.1600	-2.4957	3.5078	5.1211	11.009	16.416	14.786	13.111	11.828	10.452	9.167	8.617	8.361	2.02115250	1
	0.004000	10.0414	0.18830757	0.1883	-2.3322	3.5207	5.0800	10.600	15.602	14.087	12.461	11.258	10.007	8.797	8.237	7.987	2.16883230	1
	0.004000	10.0414	0.20000000	0.2000	-2.2716	3.5255	5.0647	10.449	15.319	13.840	12.235	11.057	9.845	8.659	8.097	7.849	2.22178221	1
	0.004000	10.0414	0.25000000	0.2500	-2.0616	3.5388	5.0047	9.924	14.449	13.064	11.518	10.402	9.294	8.172	7.601	7.360	2.40809011	1
	0.004000	10.0414	0.30000001	0.3000	-1.8999	3.5480	4.9590	9.520	13.841	12.506	11.000	9.920	8.876	7.793	7.215	6.980	2.54750419	1
	0.004000	10.0414	0.34999999	0.3500	-1.7601	3.5560	4.9181	9.170	13.327	12.033	10.558	9.506	8.517	7.466	6.882	6.652	2.65552020	1
	0.004000	10.0414	0.40000001	0.4000	-1.6046	3.5679	4.8681	8.781	12.716	11.473	10.040	9.027	8.118	7.114	6.519	6.297	2.74133730	1
	0.004000	10.0414	0.44999999	0.4500	-1.4336	3.5829	4.8085	8.354	12.035	10.849	9.472	8.504	7.681	6.730	6.122	5.913	2.81098008	1
	0.004000	10.0414	0.50000000	0.5000	-1.2459	3.6043	4.7522	7.885	11.227	10.120	8.831	7.929	7.204	6.318	5.688	5.510	2.86847806	1
	0.004000	10.0414	0.55000001	0.5499	-1.0329	3.6348	4.7023	7.352	10.223	9.221	8.083	7.282	6.668	5.859	5.212	5.086	2.91663504	1
	0.004000	10.0414	0.55440754	0.5543	-1.0147	3.6377	4.6994	7.307	10.127	9.138	8.015	7.225	6.623	5.821	5.175	5.054	2.92049789	1
	0.004000	10.0414	0.60000002	0.5999	-0.8330	3.6674	4.6706	6.853	9.061	8.299	7.339	6.673	6.165	5.452	4.861	4.770	2.95739889	1
	0.004000	10.0414	0.61783051	0.6177	-0.7608	3.6794	4.6593	6.672	8.631	7.985	7.081	6.463	5.985	5.311	4.751	4.669	2.97047067	1
	0.004000	10.0414	0.64999998	0.6498	-0.6344	3.7004	4.6390	6.356	7.906	7.470	6.649	6.106	5.670	5.069	4.576	4.504	2.99236870	1
	0.004000	10.0414	0.65557396	0.6554	-0.6127	3.7038	4.6344	6.302	7.794	7.388	6.579	6.048	5.617	5.028	4.544	4.473	2.99595284	1
	0.004000	10.0414	0.66822678	0.6680	-0.5633	3.7114	4.6237	6.178	7.541	7.203	6.423	5.915	5.498	4.933	4.471	4.403	3.00387335	1
	0.004000	10.0414	0.67992383	0.6797	-0.5176	3.7183	4.6131	6.064	7.316	7.038	6.284	5.795	5.389	4.845	4.402	4.337	3.01094127	1
	0.004000	10.0414	0.69121730	0.6910	-0.4735	3.7248	4.6022	5.954	7.110	6.883	6.152	5.681	5.285	4.761	4.334	4.272	3.01754522	1
	0.004000	10.0414	0.69999999	0.6998	-0.4391	3.7298	4.5931	5.868	6.952	6.764	6.050	5.592	5.204	4.695	4.281	4.221	3.02253795	1
	0.004000	10.0414	0.70162880	0.7014	-0.4327	3.7307	4.5913	5.852	6.924	6.742	6.032	5.575	5.189	4.683	4.271	4.211	3.02345061	1
	0.004000	10.0414	0.71371043	0.7135	-0.3845	3.7373	4.5772	5.731	6.714	6.581	5.894	5.453	5.077	4.590	4.195	4.138	3.03009391	1
	0.004000	10.0414	0.72480732	0.7245	-0.3399	3.7433	4.5632	5.620	6.527	6.434	5.768	5.340	4.974	4.503	4.122	4.068	3.03600645	1
	0.004000	10.0414	0.73539644	0.7351	-0.2969	3.7488	4.5486	5.512	6.353	6.295	5.649	5.233	4.875	4.420	4.051	3.999	3.04148722	1
	0.004000	10.0414	0.74534732	0.7450	-0.2560	3.7539	4.5338	5.410	6.194	6.165	5.538	5.132	4.782	4.340	3.982	3.932	3.04649973	1
	0.004000	10.0414	0.75000000	0.7497	-0.2367	3.7562	4.5266	5.362	6.121	6.104	5.485	5.084	4.738	4.302	3.949	3.900	3.04879928	1
	0.004000	10.0414	0.75074238	0.7504	-0.2337	3.7566	4.5252	5.354	6.110	6.095	5.477	5.077	4.731	4.296	3.943	3.895	3.04916358	1
	0.004000	10.0414	0.76236397	0.7620	-0.1849	3.7614	4.5024	5.232	5.937	5.947	5.347	4.957	4.618	4.195	3.853	3.807	3.05477762	1
	0.004000	10.0414	0.77279055	0.7724	-0.1402	3.7655	4.4801	5.121	5.787	5.814	5.230	4.847	4.514	4.103	3.769	3.724	3.05967474	1
	0.004000	10.0414	0.78303427	0.7826	-0.0951	3.7694	4.4561	5.008	5.637	5.682	5.112	4.736	4.409	4.008	3.682	3.639	3.06436300	1
	0.004000	10.0414	0.79219294	0.7917	-0.0535	3.7726	4.4326	4.904	5.504	5.561	5.004	4.635	4.314	3.920	3.600	3.559	3.06845522	1
	0.004000	10.0414	0.80000001	0.7995	-0.0169	3.7753	4.4109	4.812	5.388	5.457	4.909	4.547	4.229	3.841	3.527	3.487	3.07187057	1
	0.004000	10.0414	0.80602229	0.8055	0.0123	3.7772	4.3924	4.739	5.299	5.375	4.834	4.476	4.161	3.778	3.467	3.428	3.07445908	1
	0.004000	10.0414	0.81541675	0.8148	0.0598	3.7799	4.3608	4.621	5.156	5.242	4.712	4.360	4.050	3.673	3.367	3.329	3.07841873	1
	0.004000	10.0414	0.82424533	0.8236	0.1056	3.7821	4.3284	4.506	5.025	5.116	4.595	4.248	3.942	3.570	3.267	3.232	3.08205557	1
	0.004000	10.0414	0.83295614	0.8322	0.1510	3.7837	4.2942	4.392	4.899	4.993	4.479	4.137	3.835	3.466	3.165	3.131	3.08556652	1
	0.004000	10.0414	0.84059656	0.8398	0.1938	3.7849	4.2598	4.285	4.784	4.879	4.370	4.032	3.731	3.365	3.066	3.033	3.08858466	1
	0.004000	10.0414	0.84573096	0.8449	0.2242	3.7854	4.2341	4.209	4.705	4.800	4.293	3.957	3.657	3.292	2.994	2.961	3.09058142	1
	0.004000	10.0414	0.84978628	0.8489	0.2492	3.7855	4.2116	4.147	4.642	4.736	4.231	3.895	3.595	3.230	2.932	2.900	3.09214115	1
	0.004000	10.0414	0.85000002	0.8491	0.2505	3.7855	4.2104	4.144	4.639	4.733	4.227	3.891	3.592	3.227	2.929	2.897	3.09222293	1
	0.004000	10.0414	0.85005802	0.8492	0.2508	3.7855	4.2101	4.143	4.638	4.732	4.226	3.890	3.591	3.226	2.928	2.896	3.09224510	1
	0.004000	10.0414	0.85711646	0.8562	0.2973	3.7849	4.1648	4.027	4.526	4.617	4.111	3.774	3.474	3.107	2.809	2.776	3.09492183	1
	0.004000	10.0414	0.86444288	0.8634	0.3497	3.7827	4.1072	3.896	4.409	4.495	3.982	3.641	3.337	2.966	2.664	2.629	3.09765291	1
	0.004000	10.0414	0.86572957	0.8647	0.3594	3.7820	4.0956	3.871	4.389	4.473	3.959	3.616	3.311	2.938	2.635	2.600	3.09812784	2
	0.004000	10.0414	0.87095797	0.8698	0.4012	3.7779	4.0399	3.767	4.313	4.387	3.860	3.508	3.197	2.814	2.504	2.466	3.10004210	2
	0.004000	10.0414	0.87584454	0.8746	0.4417	3.7700	3.9703	3.666	4.275	4.321	3.768	3.401	3.078	2.675	2.350	2.310	3.10181022	2
	0.004000	10.0414	0.87907106	0.8778	0.4655	3.7597	3.9068	3.606	4.299	4.313	3.724	3.339	3.000	2.569	2.222	2.177	3.10296655	2
	0.004000	10.0414	0.88114959	0.8798	0.4783	3.7485	3.8501	3.574	4.371	4.340	3.712	3.306	2.950	2.488	2.116	2.067	3.10370684	2
	0.004000	10.0414	0.88267267	0.8813	0.4930	3.7383	3.7953	3.538	4.439	4.361	3.698	3.272	2.899	2.409	2.011	1.959	3.10424709	2
	0.004000	10.0414	0.88408184	0.8827	0.5215	3.7292	3.7311	3.466	4.470	4.346	3.650	3.205	2.818	2.301	1.880	1.824	3.10474515	2
	0.004000	10.0414	0.88519841	0.8838	0.5593	3.7234	3.6708	3.372	4.443	4.288	3.572	3.116	2.719	2.183	1.747	1.689	3.10513878	2
	0.004000	10.0414	0.88575786	0.8843	0.5822	3.7210	3.6383	3.314	4.413	4.246	3.522	3.061	2.660	2.116	1.673	1.614	3.10533547	3
	0.004000	10.0414	0.88622868	0.8848	0.6052	3.7193	3.6088	3.257	4.375	4.199	3.470	3.005	2.602	2.053	1.605	1.545	3.10550094	3
	0.004000	10.0414	0.88703346	0.8855	0.6482	3.7168	3.5562	3.149	4.296	4.108	3.370	2.901	2.493	1.936	1.481	1.420	3.10578322	3
	0.004000	10.0414	0.88771224	0.8862	0.6884	3.7150	3.5092	3.049	4.216	4.019	3.276	2.803	2.392	1.829	1.368	1.308	3.10602093	3
	0.004000	10.0414	0.88847631	0.8869	0.7380	3.7133	3.4529	2.925	4.114	3.907	3.158	2.681	2.267	1.698	1.232	1.172	3.10628819	3
	0.004000	10.0414	0.88910562	0.8875	0.7821	3.7119	3.4036	2.815	4.021	3.807	3.052	2.572	2.156	1.583	1.113	1.052	3.10650778	3
	0.004000	10.0414	0.88964343	0.8880	0.8225	3.7107	3.3585	2.714	3.934	3.714	2.955	2.473	2.054	1.477	1.003	0.942	3.10669541	3
	0.004000	10.0414	0.89015973	0.8885	0.8644	3.7094	3.3120	2.609	3.845	3.618	2.854	2.370	1.949	1.367	0.890	0.829	3.10687518	3
	0.004000	10.0414	0.89074647	0.8890	0.9163	3.7080	3.2545	2.479	3.734	3.499	2.730	2.242	1.819	1.232	0.751	0.689	3.10707927	3
	0.004000	10.0414	0.89119709	0.8894	0.9592	3.7067	3.2067	2.372	3.643	3.401	2.627	2.137	1.711	1.120	0.635	0.573	3.10723567	3
	0.004000	10.0414	0.89171350	0.8898	1.0129	3.7050	3.1463	2.238	3.530	3.280	2.499	2.006	1.577	0.980	0.490	0.427	3.10741496	3
	0.004000	10.0414	0.89207548	0.8901	1.0543	3.7036	3.0996	2.134	3.443	3.186	2.400	1.904	1.473	0.872	0.377	0.314	3.10754037	3
	0.004000	10.0414	0.89249003	0.8905	1.1055	3.7019	3.0417	2.006	3.335	3.070	2.278	1.779	1.345	0.738	0.238	0.175	3.10768390	3
	0.004000	10.0414	0.89287996	0.8907	1.1591	3.6999	2.9802	1.872	3.225	2.950	2.151	1.648	1.210	0.597	0.091	0.027	3.10781884	3
	0.004000	10.0414	0.89322287	0.8910	1.2112	3.6979	2.9202	1.742	3.128	2.838	2.029	1.522	1.080	0.459	-0.054	-0.118	3.10793734	3
	0.004000	10.0414	0.89352024	0.8912	1.2607	3.6959	2.8628	1.618	3.037	2.732	1.914	1.402	0.956	0.327	-0.192	-0.257	3.10804009	3
	0.004000	10.0414	0.89380234	0.8913	1.3124	3.6937	2.8024	1.489	2.942	2.622	1.795	1.277	0.826	0.190	-0.337	-0.402	3.10813737	3
	0.004000	10.0414	0.89403921	0.8915	1.3599	3.6917	2.7469	1.370	2.855	2.521	1.685	1.162	0.708	0.064	-0.470	-0.535	3.10821915	3
	0.004000	10.0414	0.89426076	0.8915	1.4083	3.6894	2.6895	1.249	2.768	2.419	1.574	1.046	0.587	-0.065	-0.606	-0.673	3.10829544	3
	0.004000	10.0414	0.89446342	0.8916	1.4567	3.6872	2.6322	1.128	2.683	2.319	1.464	0.930	0.467	-0.194	-0.743	-0.810	3.10836530	3
	0.004000	10.0414	0.89464289	0.8916	1.5031	3.6849	2.5765	1.012	2.604	2.223	1.359	0.820	0.352	-0.318	-0.875	-0.943	3.10842729	3
	0.004000	10.0414	0.89480752	0.8916	1.5491	3.6826	2.5215	0.897	2.525	2.129	1.255	0.710	0.238	-0.440	-1.005	-1.074	3.10848403	3
	0.004000	10.0414	0.89495802	0.8916	1.5942	3.6802	2.4670	0.785	2.454	2.039	1.153	0.603	0.126	-0.561	-1.134	-1.204	3.10853577	3
	0.004000	10.0414	0.89509916	0.8915	1.6390	3.6778	2.4126	0.673	2.392	1.953	1.053	0.496	0.014	-0.681	-1.262	-1.332	3.10858440	3
	0.004000	10.0414	0.89523572	0.8914	1.6826	3.6755	2.3593	0.563	2.333	1.870	0.956	0.392	-0.095	-0.799	-1.386	-1.458	3.10863137	3
	0.004000	10.0414	0.89543134	0.8912	1.7240	3.6734	2.3094	0.460	2.275	1.790	0.864	0.294	-0.199	-0.909	-1.503	-1.576	3.10869861	3
	0.004000	10.0414	0.89559948	0.8911	1.6788	3.6767	2.3681	0.573	2.319	1.867	0.959	0.399	-0.086	-0.785	-1.369	-1.439	3.10875630	3
	0.004000	10.0414	0.89561611	0.8911	1.6855	3.6763	2.3597	0.556	2.311	1.855	0.944	0.383	-0.103	-0.803	-1.388	-1.459	3.10876203	3
	0.004000	10.0414	0.89571762	0.8910	1.7284	3.6738	2.3069	0.449	2.255	1.774	0.850	0.281	-0.210	-0.919	-1.511	-1.583	3.10879683	3
	0.004000	10.0414	0.89581966	0.8908	1.7734	3.6713	2.2515	0.336	2.196	1.690	0.751	0.175	-0.322	-1.040	-1.640	-1.713	3.10883188	3
	0.004000	10.0414	0.89591503	0.8907	1.8183	3.6686	2.1958	0.224	2.142	1.608	0.653	0.069	-0.434	-1.161	-1.770	-1.844	3.10886478	3
	0.004000	10.0414	0.89600164	0.8905	1.8622	3.6660	2.1414	0.115	2.089	1.528	0.559	-0.034	-0.543	-1.279	-1.895	-1.970	3.10889459	3
	0.004000	10.0414	0.89608276	0.8902	1.9066	3.6632	2.0859	0.004	2.039	1.449	0.463	-0.138	-0.653	-1.399	-2.023	-2.099	3.10892224	3
	0.004000	10.0414	0.89615446	0.8900	1.9488	3.6606	2.0331	-0.102	1.991	1.374	0.373	-0.236	-0.758	-1.513	-2.145	-2.222	3.10894704	3
	0.004000	10.0414	0.89622229	0.8897	1.9916	3.6579	1.9792	-0.209	1.952	1.303	0.284	-0.335	-0.863	-1.628	-2.269	-2.347	3.10897017	3
	0.004000	10.0414	0.89628458	0.8894	2.0338	3.6551	1.9259	-0.314	1.922	1.235	0.197	-0.432	-0.966	-1.742	-2.392	-2.472	3.10899162	3
	0.004000	10.0414	0.89634269	0.8890	2.0766	3.6523	1.8716	-0.421	1.892	1.166	0.110	-0.530	-1.071	-1.857	-2.517	-2.598	3.10901165	3
	0.004000	10.0414	0.89639437	0.8886	2.1177	3.6496	1.8192	-0.524	1.866	1.101	0.026	-0.624	-1.172	-1.969	-2.638	-2.720	3.10902929	3
	0.004000	10.0414	0.89644289	0.8882	2.1594	3.6468	1.7661	-0.628	1.844	1.038	-0.057	-0.718	-1.273	-2.081	-2.760	-2.843	3.10904598	3
	0.004000	10.0414	0.89648718	0.8877	2.2004	3.6439	1.7136	-0.731	1.824	0.977	-0.138	-0.810	-1.372	-2.192	-2.880	-2.964	3.10906100	3
	0.004000	10.0414	0.89652836	0.8872	2.2414	3.6411	1.6610	-0.834	1.804	0.915	-0.220	-0.902	-1.472	-2.302	-3.000	-3.085	3.10907531	3
	0.004000	10.0414	0.89656556	0.8866	2.2812	3.6383	1.6097	-0.933	1.789	0.858	-0.297	-0.991	-1.568	-2.409	-3.116	-3.203	3.10908794	3
	0.004000	10.0414	0.89660066	0.8860	2.3214	3.6355	1.5579	-1.034	1.775	0.801	-0.374	-1.080	-1.665	-2.517	-3.233	-3.322	3.10910010	3
	0.004000	10.0414	0.89663327	0.8853	2.3617	3.6325	1.5055	-1.134	1.765	0.745	-0.451	-1.168	-1.762	-2.625	-3.351	-3.441	3.10911131	3
	0.004000	10.0414	0.89666253	0.8846	2.4007	3.6297	1.4549	-1.232	1.757	0.691	-0.524	-1.254	-1.855	-2.729	-3.464	-3.557	3.10912132	3
	0.004000	10.0414	0.89669061	0.8838	2.4411	3.6267	1.4022	-1.333	1.752	0.637	-0.598	-1.341	-1.951	-2.837	-3.582	-3.676	3.10913086	3
	0.004000	10.0414	0.89672130	0.8828	2.4891	3.6232	1.3394	-1.453	1.749	0.575	-0.685	-1.444	-2.064	-2.965	-3.721	-3.818	3.10914135	3
	0.004000	10.0414	0.89674395	0.8819	2.5272	3.6203	1.2895	-1.548	1.746	0.525	-0.755	-1.526	-2.154	-3.067	-3.833	-3.931	3.10914922	3
	0.004000	10.0414	0.89676613	0.8809	2.5668	3.6173	1.2372	-1.647	1.749	0.477	-0.823	-1.608	-2.247	-3.172	-3.948	-4.049	3.10915685	3
	0.004000	10.0414	0.89678997	0.8796	2.6128	3.6137	1.1762	-1.762	1.755	0.423	-0.901	-1.703	-2.354	-3.294	-4.083	-4.187	3.10916495	3
	0.004000	10.0414	0.89680827	0.8784	2.6507	3.6109	1.1266	-1.857	1.755	0.376	-0.967	-1.783	-2.442	-3.395	-4.193	-4.299	3.10917115	3
	0.004000	10.0414	0.89682561	0.8771	2.6890	3.6079	1.0756	-1.952	1.764	0.335	-1.030	-1.859	-2.530	-3.496	-4.306	-4.415	3.10917711	3
	0.004000	10.0414	0.89684492	0.8754	2.7348	3.6042	1.0142	-2.067	1.780	0.288	-1.101	-1.949	-2.634	-3.617	-4.441	-4.553	3.10918379	3
	0.004000	10.0414	0.89686275	0.8736	2.7803	3.6006	0.9532	-2.181	1.824	0.250	-1.173	-2.039	-2.739	-3.739	-4.573	-4.689	3.10918975	3
	0.004000	10.0414	0.89687669	0.8719	2.8182	3.5977	0.9029	-2.275	1.864	0.219	-1.232	-2.113	-2.827	-3.840	-4.681	-4.801	3.10919476	3
	0.004000	10.0414	0.89689165	0.8697	2.8617	3.5940	0.8436	-2.384	1.921	0.191	-1.296	-2.195	-2.926	-3.956	-4.806	-4.932	3.10919976	3
	0.004000	10.0414	0.89690590	0.8672	2.9061	3.5902	0.7828	-2.495	1.982	0.163	-1.361	-2.279	-3.027	-4.075	-4.934	-5.065	3.10920453	3
	0.004000	10.0414	0.89691901	0.8645	2.9499	3.5866	0.7231	-2.605	2.044	0.138	-1.421	-2.357	-3.126	-4.191	-5.059	-5.196	3.10920906	3
	0.004000	10.0414	0.89693117	0.8616	2.9935	3.5829	0.6635	-2.714	2.107	0.113	-1.482	-2.436	-3.223	-4.307	-5.184	-5.326	3.10921335	3
	0.004000	10.0414	0.89694214	0.8584	3.0351	3.5793	0.6057	-2.818	2.174	0.093	-1.536	-2.510	-3.316	-4.417	-5.303	-5.451	3.10921717	3
	0.004000	10.0414	0.89695257	0.8549	3.0771	3.5755	0.5469	-2.923	2.241	0.078	-1.586	-2.577	-3.408	-4.528	-5.423	-5.577	3.10922074	3
	0.004000	10.0414	0.89696217	0.8510	3.1181	3.5718	0.4892	-3.025	2.304	0.062	-1.634	-2.643	-3.498	-4.636	-5.540	-5.700	3.10922384	3
	0.004000	10.0414	0.89697111	0.8468	3.1588	3.5681	0.4312	-3.127	2.341	0.046	-1.672	-2.697	-3.588	-4.745	-5.657	-5.823	3.10922694	3
	0.004000	10.0414	0.89697933	0.8423	3.1982	3.5643	0.3745	-3.225	2.378	0.034	-1.702	-2.740	-3.674	-4.850	-5.770	-5.943	3.10922980	3
	0.004000	10.0414	0.89698678	0.8374	3.2360	3.5606	0.3192	-3.320	2.419	0.026	-1.729	-2.780	-3.756	-4.952	-5.880	-6.059	3.10923243	3
	0.004000	10.0414	0.89699382	0.8321	3.2732	3.5567	0.2639	-3.413	2.457	0.029	-1.735	-2.801	-3.834	-5.052	-5.989	-6.175	3.10923481	3
	0.004000	10.0414	0.89700055	0.8262	3.3104	3.5529	0.2084	-3.506	2.496	0.035	-1.739	-2.819	-3.911	-5.153	-6.097	-6.291	3.10923696	3
	0.004000	10.0414	0.89700693	0.8197	3.3462	3.5493	0.1546	-3.595	2.533	0.043	-1.738	-2.832	-3.984	-5.250	-6.202	-6.402	3.10923934	3
	0.004000	10.0414	0.89701164	0.8143	3.3713	3.5469	0.1170	-3.658	2.549	0.053	-1.726	-2.833	-4.034	-5.318	-6.275	-6.480	3.10924077	4
	0.004000	10.0414	0.89701164	0.8140	1.7188	3.7057	2.4045	0.473	1.767	1.516	0.729	0.242	-0.187	-0.787	-1.278	-1.338	3.10924077	4
	0.004000	10.0414	0.89707351	0.8139	1.7306	3.7048	2.3893	0.443	1.752	1.494	0.703	0.214	-0.217	-0.820	-1.313	-1.373	3.10926199	4
	0.004000	10.0414	0.89713597	0.8139	1.7342	3.7046	2.3849	0.435	1.746	1.486	0.694	0.205	-0.226	-0.829	-1.324	-1.383	3.10928345	4
	0.004000	10.0414	0.89719832	0.8138	1.7356	3.7047	2.3839	0.431	1.742	1.482	0.690	0.201	-0.230	-0.832	-1.326	-1.386	3.10930490	4
	0.004000	10.0414	0.89726239	0.8138	1.7354	3.7051	2.3854	0.431	1.737	1.480	0.690	0.201	-0.229	-0.831	-1.324	-1.383	3.10932684	4
	0.004000	10.0414	0.89732748	0.8137	1.7342	3.7056	2.3887	0.434	1.732	1.478	0.691	0.204	-0.226	-0.826	-1.317	-1.377	3.10934901	4
	0.004000	10.0414	0.89739209	0.8136	1.7326	3.7062	2.3928	0.439	1.727	1.477	0.692	0.207	-0.221	-0.819	-1.309	-1.368	3.10937119	4
	0.004000	10.0414	0.89745915	0.8136	1.7306	3.7069	2.3973	0.444	1.723	1.477	0.695	0.211	-0.216	-0.812	-1.300	-1.359	3.10939407	4
	0.004000	10.0414	0.89752406	0.8135	1.7287	3.7075	2.4017	0.448	1.718	1.477	0.697	0.215	-0.211	-0.805	-1.291	-1.350	3.10941625	4
	0.004000	10.0414	0.89759064	0.8135	1.7269	3.7081	2.4058	0.453	1.714	1.476	0.700	0.219	-0.206	-0.798	-1.283	-1.341	3.10943913	4
	0.004000	10.0414	0.89765280	0.8134	1.7256	3.7086	2.4091	0.456	1.710	1.475	0.701	0.221	-0.202	-0.793	-1.276	-1.334	3.10946035	4
	0.004000	10.0414	0.89772177	0.8133	1.7242	3.7091	2.4125	0.459	1.705	1.474	0.703	0.224	-0.199	-0.787	-1.269	-1.327	3.10948396	4
	0.004000	10.0414	0.89778990	0.8133	1.7231	3.7096	2.4154	0.462	1.701	1.473	0.704	0.226	-0.196	-0.783	-1.263	-1.321	3.10950732	4
	0.004000	10.0414	0.89785552	0.8132	1.7222	3.7100	2.4180	0.465	1.698	1.472	0.704	0.228	-0.193	-0.779	-1.258	-1.316	3.10952973	4
	0.004000	10.0414	0.89792246	0.8132	1.7215	3.7104	2.4201	0.466	1.694	1.471	0.705	0.229	-0.191	-0.776	-1.254	-1.312	3.10955262	4
	0.004000	10.0414	0.89798570	0.8131	1.7211	3.7107	2.4218	0.467	1.691	1.470	0.705	0.230	-0.190	-0.774	-1.251	-1.308	3.10957408	4
	0.004000	10.0414	0.89805406	0.8131	1.7209	3.7110	2.4231	0.468	1.688	1.468	0.704	0.230	-0.189	-0.772	-1.248	-1.306	3.10959744	4
	0.004000	10.0414	0.89811599	0.8130	1.7210	3.7111	2.4236	0.467	1.685	1.466	0.704	0.230	-0.189	-0.772	-1.248	-1.305	3.10961866	4
	0.004000	10.0414	0.89818329	0.8130	1.7214	3.7112	2.4237	0.467	1.683	1.465	0.702	0.229	-0.190	-0.772	-1.248	-1.305	3.10964179	4
	0.004000	10.0414	0.89824927	0.8129	1.7222	3.7113	2.4230	0.465	1.681	1.463	0.700	0.227	-0.192	-0.774	-1.249	-1.307	3.10966420	4
	0.004000	10.0414	0.89831686	0.8129	1.7233	3.7112	2.4217	0.462	1.679	1.460	0.697	0.224	-0.195	-0.777	-1.252	-1.310	3.10968733	4
	0.004000	10.0414	0.89837927	0.8128	1.7248	3.7111	2.4197	0.458	1.677	1.457	0.694	0.220	-0.199	-0.781	-1.257	-1.315	3.10970855	4
	0.004000	10.0414	0.89840049	0.8128	1.7253	3.7111	2.4190	0.457	1.676	1.456	0.693	0.219	-0.200	-0.783	-1.259	-1.316	3.10971594	4
	0.004000	10.0414	0.89844739	0.8128	1.7268	3.7109	2.4169	0.453	1.675	1.454	0.690	0.215	-0.204	-0.787	-1.263	-1.321	3.10973191	4
	0.004000	10.0414	0.89851242	0.8127	1.7293	3.7106	2.4130	0.447	1.673	1.450	0.684	0.209	-0.211	-0.795	-1.272	-1.330	3.10975409	4
	0.004000	10.0414	0.89857739	0.8127	1.7324	3.7102	2.4083	0.439	1.671	1.446	0.678	0.202	-0.219	-0.804	-1.282	-1.340	3.10977626	4
	0.004000	10.0414	0.89864343	0.8126	1.7363	3.7097	2.4023	0.429	1.669	1.440	0.670	0.193	-0.229	-0.816	-1.296	-1.353	3.10979891	4
	0.004000	10.0414	0.89870727	0.8125	1.7402	3.7092	2.3964	0.419	1.667	1.435	0.662	0.184	-0.239	-0.827	-1.309	-1.367	3.10982060	4
	0.004000	10.0414	0.89877206	0.8125	1.7448	3.7086	2.3894	0.408	1.665	1.428	0.653	0.173	-0.251	-0.841	-1.324	-1.382	3.10984278	4
	0.004000	10.0414	0.89883608	0.8124	1.7500	3.7079	2.3815	0.395	1.662	1.421	0.642	0.161	-0.264	-0.857	-1.342	-1.400	3.10986447	4
	0.004000	10.0414	0.89890164	0.8123	1.7524	3.7077	2.3781	0.389	1.660	1.417	0.637	0.155	-0.270	-0.864	-1.349	-1.408	3.10988688	4
	0.004000	10.0414	0.89896572	0.8123	1.7629	3.7063	2.3619	0.363	1.655	1.402	0.616	0.131	-0.298	-0.895	-1.385	-1.444	3.10990882	4
	0.004000	10.0414	0.89903241	0.8122	1.7781	3.7043	2.3389	0.325	1.648	1.381	0.585	0.095	-0.337	-0.941	-1.436	-1.496	3.10993147	4
	0.004000	10.0414	0.89909625	0.8121	1.7968	3.7021	2.3111	0.278	1.636	1.353	0.546	0.051	-0.385	-0.996	-1.498	-1.558	3.10995340	4
	0.004000	10.0414	0.89915323	0.8120	1.8346	3.6977	2.2557	0.183	1.612	1.297	0.469	-0.037	-0.482	-1.107	-1.621	-1.683	3.10997272	4
	0.004000	10.0414	0.89917958	0.8120	1.8732	3.6933	2.1996	0.087	1.588	1.240	0.390	-0.127	-0.580	-1.220	-1.747	-1.810	3.10998178	4
	0.004000	10.0414	0.89919168	0.8119	1.9107	3.6891	2.1453	-0.007	1.565	1.185	0.313	-0.213	-0.675	-1.329	-1.868	-1.933	3.10998583	4
	0.004000	10.0414	0.89919740	0.8119	1.9485	3.6851	2.0912	-0.101	1.545	1.131	0.238	-0.299	-0.768	-1.438	-1.990	-2.056	3.10998774	4
	0.004000	10.0414	0.89920038	0.8119	1.9868	3.6810	2.0367	-0.197	1.522	1.075	0.161	-0.385	-0.863	-1.547	-2.114	-2.181	3.10998869	4
	0.004000	10.0414	0.89920211	0.8119	2.0253	3.6771	1.9827	-0.293	1.504	1.020	0.086	-0.472	-0.959	-1.656	-2.235	-2.304	3.10998940	4
	0.004000	10.0414	0.89920300	0.8119	2.0517	3.6745	1.9457	-0.359	1.496	0.984	0.034	-0.533	-1.025	-1.731	-2.318	-2.388	3.10998964	7
	0.004000	10.0414	0.89920336	0.8119	2.0632	3.6733	1.9296	-0.388	1.493	0.968	0.011	-0.559	-1.054	-1.764	-2.354	-2.424	3.10998988	7
	0.004000	10.0414	0.89920443	0.8119	2.1050	3.6694	1.8719	-0.492	1.479	0.910	-0.071	-0.654	-1.158	-1.882	-2.484	-2.556	3.10999012	7
	0.004000	10.0414	0.89920551	0.8119	2.1452	3.6656	1.8166	-0.593	1.469	0.855	-0.150	-0.745	-1.257	-1.995	-2.608	-2.681	3.10999060	7
	0.004000	10.0414	0.89920664	0.8118	2.1848	3.6619	1.7622	-0.692	1.461	0.802	-0.227	-0.834	-1.355	-2.105	-2.730	-2.805	3.10999084	7
	0.004000	10.0414	0.89920908	0.8118	2.1880	3.6618	1.7587	-0.700	1.456	0.795	-0.234	-0.842	-1.363	-2.114	-2.738	-2.813	3.10999179	7
	0.004000	10.0414	0.89921159	0.8118	2.1531	3.6651	1.8066	-0.613	1.463	0.842	-0.166	-0.764	-1.277	-2.016	-2.631	-2.704	3.10999250	7
	0.004000	10.0414	0.89923435	0.8116	2.1207	3.6680	1.8505	-0.532	1.473	0.887	-0.102	-0.690	-1.197	-1.925	-2.532	-2.604	3.11000037	7
	0.004000	10.0414	0.89926386	0.8113	2.1536	3.6647	1.8045	-0.614	1.470	0.845	-0.165	-0.764	-1.278	-2.018	-2.634	-2.708	3.11001039	7
	0.004000	10.0414	0.89928669	0.8111	2.1954	3.6607	1.7464	-0.718	1.464	0.790	-0.246	-0.857	-1.381	-2.136	-2.764	-2.839	3.11001825	7
	0.004000	10.0414	0.89930445	0.8109	2.2309	3.6573	1.6971	-0.807	1.463	0.746	-0.311	-0.936	-1.467	-2.235	-2.874	-2.951	3.11002421	7
	0.004000	10.0414	0.89932501	0.8106	2.2705	3.6536	1.6427	-0.906	1.461	0.695	-0.385	-1.023	-1.563	-2.344	-2.996	-3.075	3.11003137	7
	0.004000	10.0414	0.89934349	0.8103	2.3111	3.6499	1.5871	-1.008	1.457	0.643	-0.462	-1.112	-1.661	-2.457	-3.121	-3.201	3.11003757	7
	0.004000	10.0414	0.89935994	0.8100	2.3516	3.6461	1.5314	-1.109	1.462	0.595	-0.534	-1.199	-1.758	-2.569	-3.246	-3.328	3.11004305	7
	0.004000	10.0414	0.89937472	0.8096	2.3927	3.6424	1.4752	-1.212	1.466	0.545	-0.609	-1.288	-1.856	-2.681	-3.371	-3.455	3.11004829	7
	0.004000	10.0414	0.89938790	0.8092	2.4340	3.6387	1.4189	-1.315	1.473	0.495	-0.683	-1.376	-1.954	-2.794	-3.496	-3.582	3.11005259	7
	0.004000	10.0414	0.89939970	0.8088	2.4752	3.6349	1.3624	-1.418	1.485	0.448	-0.754	-1.464	-2.051	-2.907	-3.621	-3.709	3.11005664	7
	0.004000	10.0414	0.89941037	0.8084	2.5163	3.6312	1.3063	-1.521	1.496	0.400	-0.826	-1.551	-2.149	-3.018	-3.745	-3.835	3.11006045	7
	0.004000	10.0414	0.89942008	0.8080	2.5571	3.6275	1.2502	-1.623	1.511	0.356	-0.895	-1.636	-2.244	-3.129	-3.868	-3.961	3.11006355	7
	0.004000	10.0414	0.89942914	0.8075	2.5977	3.6238	1.1945	-1.724	1.526	0.313	-0.962	-1.720	-2.339	-3.238	-3.990	-4.086	3.11006665	7
	0.004000	10.0414	0.89943761	0.8070	2.6385	3.6201	1.1388	-1.826	1.541	0.269	-1.030	-1.804	-2.433	-3.348	-4.113	-4.211	3.11006951	7
	0.004000	10.0414	0.89944577	0.8064	2.6789	3.6164	1.0833	-1.927	1.561	0.230	-1.093	-1.884	-2.526	-3.457	-4.234	-4.336	3.11007237	7
	0.004000	10.0414	0.89945364	0.8057	2.7194	3.6127	1.0275	-2.028	1.583	0.192	-1.156	-1.965	-2.618	-3.565	-4.356	-4.460	3.11007500	7
	0.004000	10.0414	0.89946109	0.8049	2.7608	3.6089	0.9707	-2.132	1.624	0.158	-1.219	-2.046	-2.713	-3.677	-4.480	-4.587	3.11007762	7
	0.004000	10.0414	0.89946789	0.8041	2.8010	3.6053	0.9154	-2.233	1.683	0.135	-1.278	-2.124	-2.805	-3.786	-4.598	-4.710	3.11008000	7
	0.004000	10.0414	0.89947402	0.8032	2.8423	3.6015	0.8585	-2.336	1.747	0.111	-1.337	-2.203	-2.899	-3.897	-4.720	-4.837	3.11008191	7
	0.004000	10.0414	0.89947855	0.8025	2.8840	3.5976	0.8008	-2.440	1.813	0.089	-1.395	-2.280	-2.994	-4.009	-4.842	-4.964	3.11008358	7
	0.004000	10.0414	0.89948189	0.8018	2.9245	3.5938	0.7448	-2.541	1.878	0.069	-1.450	-2.354	-3.084	-4.118	-4.960	-5.088	3.11008477	7
	0.004000	10.0414	0.89948499	0.8011	2.9651	3.5900	0.6884	-2.643	1.946	0.051	-1.505	-2.429	-3.175	-4.226	-5.079	-5.212	3.11008573	7
	0.004000	10.0414	0.89948761	0.8004	3.0046	3.5862	0.6334	-2.741	2.019	0.038	-1.553	-2.495	-3.262	-4.331	-5.194	-5.333	3.11008668	7
	0.004000	10.0414	0.89949006	0.7997	3.0430	3.5824	0.5795	-2.838	2.093	0.026	-1.600	-2.562	-3.346	-4.433	-5.306	-5.450	3.11008739	7
	0.004000	10.0414	0.89949268	0.7987	3.0861	3.5781	0.5188	-2.945	2.178	0.016	-1.649	-2.633	-3.440	-4.547	-5.431	-5.582	3.11008835	7
	0.004000	10.0414	0.89949548	0.7974	3.1287	3.5738	0.4583	-3.052	2.240	0.005	-1.690	-2.694	-3.532	-4.661	-5.555	-5.713	3.11008930	7
	0.004000	10.0414	0.89949626	0.7971	3.1604	3.5705	0.4130	-3.131	2.282	-0.001	-1.719	-2.737	-3.600	-4.745	-5.649	-5.812	3.11008954	7
	0.004000	10.0414	0.89949691	0.7967	3.1720	3.5692	0.3961	-3.160	2.299	-0.002	-1.726	-2.749	-3.625	-4.777	-5.683	-5.848	3.11008978	7
	0.004000	10.0414	0.89949703	0.7966	3.1472	3.5719	0.4317	-3.098	2.264	0.001	-1.707	-2.720	-3.572	-4.710	-5.610	-5.771	3.11008978	7
	0.004000	10.0414	0.89949703	0.7966	3.1232	3.5746	0.4664	-3.038	2.227	0.003	-1.688	-2.688	-3.521	-4.646	-5.538	-5.695	3.11008978	7
	0.004000	10.0414	0.89949703	0.7966	3.0986	3.5772	0.5015	-2.977	2.192	0.007	-1.667	-2.656	-3.468	-4.580	-5.466	-5.619	3.11008978	7
	0.004000	10.0414	0.89949703	0.7966	3.0731	3.5798	0.5375	-2.913	2.142	0.011	-1.641	-2.618	-3.413	-4.512	-5.391	-5.540	3.11008978	7
	0.004000	10.0414	0.89949703	0.7966	3.0485	3.5823	0.5718	-2.851	2.093	0.017	-1.611	-2.575	-3.359	-4.447	-5.320	-5.465	3.11008978	7
	0.004000	10.0414	0.89949703	0.7966	3.0226	3.5848	0.6077	-2.787	2.043	0.025	-1.580	-2.530	-3.303	-4.379	-5.245	-5.385	3.11008978	7
	0.004000	10.0414	0.89949703	0.7966	2.9959	3.5873	0.6448	-2.720	1.993	0.034	-1.547	-2.484	-3.244	-4.308	-5.167	-5.304	3.11008978	7
	0.004000	10.0414	0.89949703	0.7966	2.9692	3.5899	0.6815	-2.653	1.946	0.045	-1.514	-2.438	-3.185	-4.237	-5.089	-5.222	3.11008978	7
	0.004000	10.0414	0.89949703	0.7966	2.9427	3.5923	0.7177	-2.587	1.905	0.058	-1.477	-2.389	-3.126	-4.166	-5.012	-5.142	3.11008978	7
	0.004000	10.0414	0.89949703	0.7966	2.9165	3.5946	0.7533	-2.521	1.866	0.073	-1.440	-2.340	-3.067	-4.096	-4.936	-5.063	3.11008978	7
	0.004000	10.0414	0.89949703	0.7966	2.8913	3.5968	0.7871	-2.458	1.832	0.089	-1.403	-2.292	-3.010	-4.029	-4.864	-4.987	3.11008978	7
	0.004000	10.0414	0.89949703	0.7966	2.8962	3.5960	0.7790	-2.471	1.850	0.092	-1.406	-2.299	-3.020	-4.043	-4.880	-5.004	3.11008978	7
	0.004000	10.0414	0.89949703	0.7966	2.9279	3.5931	0.7358	-2.550	1.900	0.076	-1.450	-2.357	-3.091	-4.127	-4.972	-5.100	3.11008978	7
	0.004000	10.0414	0.89949703	0.7966	2.9556	3.5905	0.6978	-2.619	1.943	0.062	-1.488	-2.409	-3.153	-4.201	-5.053	-5.184	3.11008978	7
	0.004000	10.0414	0.89949703	0.7966	2.9826	3.5880	0.6607	-2.686	1.989	0.051	-1.522	-2.456	-3.213	-4.273	-5.131	-5.267	3.11008978	7
	0.004000	10.0414	0.89949703	0.7966	3.0093	3.5855	0.6239	-2.753	2.038	0.041	-1.555	-2.502	-3.272	-4.344	-5.209	-5.348	3.11008978	7
	0.004000	10.0414	0.89949703	0.7966	3.0358	3.5829	0.5873	-2.819	2.087	0.032	-1.588	-2.548	-3.330	-4.414	-5.286	-5.429	3.11008978	7
	0.004000	10.0414	0.89949703	0.7966	3.0621	3.5804	0.5507	-2.885	2.138	0.023	-1.621	-2.595	-3.387	-4.484	-5.362	-5.509	3.11008978	7
	0.004000	10.0414	0.89949703	0.7966	3.0882	3.5778	0.5143	-2.951	2.187	0.018	-1.649	-2.635	-3.444	-4.553	-5.438	-5.589	3.11008978	7
	0.004000	10.0414	0.89949703	0.7966	3.1141	3.5751	0.4776	-3.015	2.228	0.013	-1.673	-2.671	-3.500	-4.622	-5.514	-5.670	3.11008978	7
	0.004000	10.0414	0.89949703	0.7966	3.1398	3.5724	0.4412	-3.080	2.261	0.007	-1.697	-2.707	-3.555	-4.691	-5.589	-5.749	3.11008978	7
	0.004000	10.0414	0.89949703	0.7966	3.1652	3.5697	0.4050	-3.143	2.296	0.003	-1.719	-2.740	-3.610	-4.759	-5.664	-5.828	3.11008978	7
	0.004000	10.0414	0.89949703	0.7966	3.1904	3.5670	0.3689	-3.206	2.329	0.002	-1.731	-2.762	-3.664	-4.827	-5.738	-5.907	3.11008978	7
	0.004000	10.0414	0.89949703	0.7966	3.2148	3.5642	0.3335	-3.267	2.364	0.003	-1.742	-2.783	-3.716	-4.893	-5.810	-5.984	3.11008978	7
	0.004000	10.0414	0.89949703	0.7966	3.2435	3.5609	0.2912	-3.339	2.410	0.008	-1.753	-2.806	-3.776	-4.970	-5.896	-6.076	3.11008978	7
	0.004000	10.0414	0.89949703	0.7966	3.2655	3.5583	0.2588	-3.394	2.442	0.016	-1.752	-2.814	-3.821	-5.030	-5.962	-6.146	3.11008978	7
	0.004000	10.0414	0.89949709	0.7966	3.2393	3.5614	0.2977	-3.328	2.401	0.005	-1.753	-2.803	-3.768	-4.959	-5.883	-6.062	3.11008978	7
	0.004000	10.0414	0.89949709	0.7966	3.2133	3.5645	0.3360	-3.263	2.359	0.001	-1.743	-2.783	-3.713	-4.889	-5.805	-5.979	3.11008978	7
	0.004000	10.0414	0.89949709	0.7966	3.1868	3.5675	0.3745	-3.197	2.320	-0.001	-1.732	-2.761	-3.657	-4.817	-5.727	-5.895	3.11008978	7
	0.004000	10.0414	0.89949709	0.7966	3.1604	3.5705	0.4128	-3.131	2.282	-0.001	-1.719	-2.737	-3.600	-4.745	-5.649	-5.812	3.11008978	7
	0.004000	10.0414	0.89949709	0.7966	3.1346	3.5733	0.4497	-3.066	2.246	0.003	-1.696	-2.702	-3.545	-4.676	-5.573	-5.731	3.11008978	7
	0.004000	10.0414	0.89949715	0.7966	3.1058	3.5763	0.4905	-2.995	2.208	0.009	-1.670	-2.663	-3.483	-4.600	-5.488	-5.642	3.11009002	7
	0.004000	10.0414	0.89949715	0.7966	3.0786	3.5791	0.5290	-2.927	2.158	0.013	-1.644	-2.624	-3.424	-4.527	-5.408	-5.558	3.11009002	7
	0.004000	10.0414	0.89949715	0.7966	3.0527	3.5817	0.5652	-2.862	2.107	0.019	-1.614	-2.581	-3.368	-4.459	-5.333	-5.479	3.11009002	7
	0.004000	10.0414	0.89949727	0.7965	3.0593	3.5810	0.5560	-2.878	2.120	0.018	-1.622	-2.593	-3.382	-4.476	-5.352	-5.499	3.11009002	7
	0.004000	10.0414	0.89949751	0.7964	3.0858	3.5784	0.5189	-2.944	2.172	0.012	-1.651	-2.635	-3.440	-4.546	-5.429	-5.580	3.11009002	7
	0.004000	10.0414	0.89949769	0.7964	3.1115	3.5757	0.4822	-3.009	2.216	0.008	-1.675	-2.671	-3.495	-4.615	-5.505	-5.660	3.11009002	7
	0.004000	10.0414	0.89949781	0.7963	3.1400	3.5727	0.4419	-3.080	2.253	0.001	-1.702	-2.710	-3.557	-4.691	-5.588	-5.748	3.11009002	7
	0.004000	10.0414	0.89949799	0.7962	3.1655	3.5700	0.4055	-3.144	2.288	-0.003	-1.724	-2.745	-3.611	-4.759	-5.663	-5.828	3.11009026	7
	0.004000	10.0414	0.89949816	0.7961	3.1961	3.5666	0.3614	-3.220	2.329	-0.003	-1.739	-2.771	-3.677	-4.842	-5.754	-5.923	3.11009026	7
	0.004000	10.0414	0.89949840	0.7959	3.2267	3.5632	0.3168	-3.297	2.373	-0.002	-1.753	-2.797	-3.742	-4.924	-5.844	-6.020	3.11009026	7
	0.004000	10.0414	0.89949876	0.7957	3.2676	3.5585	0.2571	-3.399	2.432	0.005	-1.763	-2.824	-3.827	-5.035	-5.966	-6.150	3.11009049	7
	0.004000	10.0414	0.89949912	0.7953	3.3101	3.5536	0.1948	-3.505	2.489	0.023	-1.754	-2.833	-3.913	-5.151	-6.093	-6.286	3.11009049	7
	0.004000	10.0414	0.89949971	0.7947	3.3530	3.5485	0.1311	-3.612	2.550	0.053	-1.730	-2.829	-3.997	-5.269	-6.222	-6.424	3.11009073	7
	0.004000	10.0414	0.89950001	0.7943	3.3616	3.5475	0.1184	-3.634	2.558	0.061	-1.721	-2.826	-4.013	-5.292	-6.248	-6.452	3.11009097	7
	0.004000	10.0414	0.89950001	0.7943	3.3616	3.5475	0.1183	-3.634	2.559	0.061	-1.721	-2.825	-4.013	-5.293	-6.248	-6.452	3.11009097	8
