# File generated by CMD 2.8 (http://stev.oapd.inaf.it/cmd) on Wed May 18 12:20:17 CEST 2016
# PARSEC isochrones, release v1.2S
# Basic references: Bressan et al. (2012), MNRAS, 427, 127 + Chen et al. (2014, 2015), MNRAS, 444, 2525 + MNRAS, 452, 1068 + Tang et al. (2014), MNRAS, 445, 4287
# Warning: you choose not to include the TP-AGB phase!
# Photometric system: <i>UBVRIJHK</i> (cf. Maiz-Apellaniz 2006 + Bessell 1990)
# Using NBC version of bolometric corrections as in Chen et al. (2014), MNRAS, 444, 2525
# BCs of Carbon stars derive from Aringer et al. (2009, A&A 503, 913)
# O-rich circumstellar dust ignored
# C-rich circumstellar dust ignored
# IMF: Chabrier (2001) lognormal 
# On RGB, assumed Reimers mass loss with efficiency eta=0.2
# Kind of output: isochrone tables
#	Isochrone  Z = 0.01800	Y = 0.28076	[M/H] = 0.093	eta_R = 0.200	Age = 	3.0000e+08 yr
#      Z	log(age/yr)	M_ini   	M_act	logL/Lo	logTe	logG	mbol    U       B       V       R       I       J       H       K	int_IMF	stage
	0.018000	8.4771	0.09000000	0.0900	-3.1296	3.3771	4.9824	12.594	23.619	20.608	18.722	16.172	13.653	10.444	9.866	9.502	1.46765435	0
	0.018000	8.4771	0.09695616	0.0970	-3.0627	3.3880	4.9914	12.427	22.866	20.027	18.172	15.752	13.324	10.302	9.721	9.363	1.54019523	0
	0.018000	8.4771	0.10000000	0.1000	-3.0340	3.3928	4.9951	12.355	22.537	19.774	17.933	15.570	13.182	10.242	9.659	9.303	1.57040203	0
	0.018000	8.4771	0.10384245	0.1038	-3.0022	3.3977	4.9996	12.276	22.190	19.505	17.679	15.375	13.029	10.174	9.590	9.237	1.60724044	0
	0.018000	8.4771	0.11559437	0.1156	-2.9051	3.4129	5.0098	12.033	21.118	18.681	16.902	14.781	12.561	9.967	9.379	9.033	1.71157122	0
	0.018000	8.4771	0.12000000	0.1200	-2.8689	3.4185	5.0120	11.942	20.722	18.376	16.616	14.562	12.388	9.889	9.300	8.956	1.74782515	0
	0.018000	8.4771	0.13413313	0.1341	-2.7727	3.4317	5.0171	11.702	19.764	17.632	15.916	14.020	11.956	9.679	9.087	8.750	1.85508597	0
	0.018000	8.4771	0.14000000	0.1400	-2.7317	3.4370	5.0160	11.599	19.412	17.347	15.654	13.812	11.786	9.588	8.995	8.661	1.89584959	0
	0.018000	8.4771	0.15651804	0.1565	-2.6371	3.4476	5.0121	11.363	18.695	16.758	15.106	13.370	11.424	9.375	8.780	8.452	2.00070000	0
	0.018000	8.4771	0.16000000	0.1600	-2.6168	3.4498	5.0099	11.312	18.545	16.635	14.992	13.278	11.348	9.329	8.733	8.407	2.02115250	0
	0.018000	8.4771	0.20000000	0.2000	-2.4238	3.4680	4.9868	10.830	17.299	15.594	14.002	12.459	10.682	8.889	8.289	7.978	2.22178221	0
	0.018000	8.4771	0.23393486	0.2339	-2.2988	3.4796	4.9764	10.517	16.566	14.963	13.401	11.955	10.272	8.603	8.001	7.700	2.35430622	0
	0.018000	8.4771	0.25000000	0.2500	-2.2398	3.4845	4.9658	10.369	16.253	14.689	13.135	11.726	10.088	8.468	7.864	7.567	2.40809011	0
	0.018000	8.4771	0.30000001	0.3000	-2.0780	3.4965	4.9313	9.965	15.469	13.996	12.469	11.144	9.606	8.092	7.483	7.199	2.54750419	0
	0.018000	8.4771	0.34999999	0.3500	-1.9447	3.5081	4.9112	9.632	14.827	13.417	11.921	10.666	9.209	7.786	7.170	6.899	2.65552020	0
	0.018000	8.4771	0.40000001	0.4000	-1.7907	3.5202	4.8637	9.247	14.154	12.799	11.332	10.141	8.770	7.430	6.806	6.547	2.74133730	0
	0.018000	8.4771	0.44999999	0.4500	-1.6408	3.5324	4.8137	8.872	13.546	12.221	10.785	9.649	8.352	7.085	6.449	6.204	2.81098008	0
	0.018000	8.4771	0.50000000	0.5000	-1.4929	3.5468	4.7692	8.502	12.953	11.638	10.229	9.149	7.938	6.752	6.103	5.871	2.86847806	0
	0.018000	8.4771	0.55000001	0.5500	-1.3418	3.5638	4.7273	8.125	12.361	11.031	9.638	8.614	7.518	6.420	5.756	5.543	2.91663504	0
	0.018000	8.4771	0.56358659	0.5636	-1.2989	3.5694	4.7176	8.017	12.188	10.850	9.459	8.452	7.397	6.328	5.661	5.454	2.92836547	0
	0.018000	8.4771	0.60000002	0.6000	-1.1835	3.5855	4.6938	7.729	11.731	10.366	8.992	8.026	7.081	6.084	5.403	5.219	2.95739889	0
	0.018000	8.4771	0.64999998	0.6500	-1.0275	3.6112	4.6750	7.339	11.088	9.676	8.356	7.449	6.660	5.756	5.067	4.923	2.99236870	0
	0.018000	8.4771	0.68276852	0.6828	-0.9268	3.6286	4.6653	7.087	10.634	9.213	7.949	7.085	6.395	5.545	4.867	4.748	3.01262474	0
	0.018000	8.4771	0.69999999	0.7000	-0.8759	3.6377	4.6618	6.960	10.366	8.967	7.739	6.902	6.262	5.442	4.774	4.667	3.02253795	0
	0.018000	8.4771	0.72922862	0.7292	-0.7888	3.6548	4.6609	6.742	9.806	8.520	7.369	6.590	6.033	5.272	4.642	4.552	3.03831363	1
	0.018000	8.4771	0.75000000	0.7500	-0.7293	3.6672	4.6631	6.593	9.374	8.209	7.118	6.388	5.877	5.160	4.567	4.485	3.04879928	1
	0.018000	8.4771	0.80000001	0.8000	-0.6014	3.6867	4.6411	6.273	8.614	7.656	6.657	6.008	5.549	4.901	4.372	4.299	3.07187057	1
	0.018000	8.4771	0.86758512	0.8676	-0.4388	3.7113	4.6123	5.867	7.709	7.005	6.112	5.554	5.146	4.580	4.124	4.062	3.09880996	1
	0.018000	8.4771	0.91758513	0.9176	-0.3251	3.7277	4.5887	5.583	7.127	6.586	5.758	5.250	4.870	4.357	3.946	3.889	3.11612678	1
	0.018000	8.4771	0.96758515	0.9676	-0.2150	3.7428	4.5619	5.307	6.602	6.196	5.429	4.965	4.610	4.142	3.769	3.719	3.13161206	1
	0.018000	8.4771	1.01758516	1.0176	-0.1083	3.7565	4.5320	5.041	6.133	5.838	5.126	4.696	4.362	3.933	3.593	3.548	3.14553523	1
	0.018000	8.4771	1.08517027	1.0852	0.0275	3.7730	4.4898	4.701	5.582	5.396	4.750	4.360	4.052	3.668	3.364	3.325	3.16218328	1
	0.018000	8.4771	1.13517034	1.1351	0.1242	3.7840	4.4567	4.460	5.191	5.084	4.491	4.132	3.842	3.487	3.204	3.171	3.17312765	1
	0.018000	8.4771	1.15960026	1.1596	0.1706	3.7892	4.4404	4.343	4.998	4.935	4.370	4.028	3.746	3.402	3.127	3.099	3.17810512	1
	0.018000	8.4771	1.18517029	1.1851	0.2163	3.7944	4.4250	4.229	4.821	4.790	4.250	3.923	3.650	3.317	3.052	3.026	3.18307781	1
	0.018000	8.4771	1.23517025	1.2351	0.3046	3.8041	4.3935	4.008	4.507	4.517	4.020	3.716	3.459	3.149	2.901	2.880	3.19216108	1
	0.018000	8.4771	1.30275536	1.3027	0.4150	3.8165	4.3560	3.733	4.155	4.183	3.733	3.454	3.216	2.936	2.713	2.695	3.20323348	1
	0.018000	8.4771	1.35275543	1.3527	0.4931	3.8256	4.3305	3.537	3.913	3.948	3.531	3.269	3.046	2.787	2.583	2.566	3.21062398	1
	0.018000	8.4771	1.40275538	1.4027	0.5675	3.8348	4.3088	3.351	3.688	3.725	3.338	3.095	2.887	2.650	2.463	2.448	3.21741939	1
	0.018000	8.4771	1.45275533	1.4527	0.6384	3.8447	4.2924	3.174	3.478	3.511	3.155	2.931	2.740	2.525	2.358	2.344	3.22368622	1
	0.018000	8.4771	1.52034056	1.5203	0.7269	3.8595	4.2829	2.953	3.216	3.238	2.926	2.732	2.567	2.384	2.245	2.233	3.23141766	1
	0.018000	8.4771	1.56154799	1.5615	0.7809	3.8686	4.2771	2.818	3.064	3.075	2.788	2.612	2.464	2.300	2.177	2.166	3.23576045	1
	0.018000	8.4771	1.57107043	1.5710	0.7932	3.8710	4.2768	2.787	3.029	3.038	2.757	2.586	2.441	2.282	2.164	2.153	3.23672724	1
	0.018000	8.4771	1.60275543	1.6027	0.8336	3.8786	4.2757	2.686	2.915	2.915	2.654	2.498	2.368	2.225	2.120	2.109	3.23984957	1
	0.018000	8.4771	1.64396286	1.6440	0.8842	3.8887	4.2763	2.559	2.775	2.762	2.527	2.391	2.279	2.156	2.068	2.059	3.24369764	1
	0.018000	8.4771	1.64848769	1.6485	0.8895	3.8897	4.2763	2.546	2.760	2.746	2.513	2.380	2.269	2.149	2.063	2.053	3.24410605	1
	0.018000	8.4771	1.69396281	1.6940	0.9423	3.8998	4.2759	2.414	2.617	2.590	2.384	2.271	2.179	2.077	2.007	1.998	3.24806905	1
	0.018000	8.4771	1.73517025	1.7352	0.9889	3.9085	4.2742	2.298	2.491	2.454	2.273	2.177	2.099	2.013	1.955	1.947	3.25144744	1
	0.018000	8.4771	1.77637768	1.7764	1.0339	3.9164	4.2714	2.185	2.370	2.326	2.167	2.087	2.022	1.950	1.903	1.895	3.25463986	1
	0.018000	8.4771	1.81354678	1.8135	1.0732	3.9231	4.2677	2.087	2.266	2.217	2.077	2.010	1.955	1.894	1.855	1.848	3.25737214	1
	0.018000	8.4771	1.81758511	1.8176	1.0774	3.9238	4.2672	2.076	2.254	2.206	2.068	2.001	1.948	1.888	1.849	1.843	3.25766087	1
	0.018000	8.4771	1.86758518	1.8676	1.1285	3.9321	4.2612	1.949	2.118	2.068	1.953	1.901	1.860	1.814	1.784	1.778	3.26111460	1
	0.018000	8.4771	1.86866069	1.8687	1.1296	3.9323	4.2611	1.946	2.115	2.065	1.951	1.899	1.858	1.812	1.783	1.777	3.26118636	1
	0.018000	8.4771	1.90879250	1.9088	1.1698	3.9386	4.2554	1.845	2.008	1.961	1.863	1.822	1.789	1.752	1.729	1.724	3.26379967	1
	0.018000	8.4771	1.94957876	1.9496	1.2098	3.9447	4.2489	1.745	1.901	1.862	1.779	1.745	1.720	1.692	1.675	1.670	3.26632476	1
	0.018000	8.4771	1.95000005	1.9500	1.2102	3.9448	4.2488	1.744	1.900	1.861	1.778	1.745	1.719	1.692	1.674	1.669	3.26635003	1
	0.018000	8.4771	2.00000000	2.0000	1.2583	3.9519	4.2403	1.624	1.773	1.744	1.677	1.653	1.636	1.619	1.607	1.604	3.26927757	1
	0.018000	8.4771	2.00988960	2.0099	1.2677	3.9533	4.2385	1.601	1.748	1.721	1.658	1.636	1.620	1.605	1.594	1.591	3.26983571	1
	0.018000	8.4771	2.04999995	2.0500	1.3056	3.9587	4.2309	1.506	1.649	1.632	1.581	1.564	1.554	1.546	1.539	1.537	3.27203131	1
	0.018000	8.4771	2.09999990	2.1000	1.3523	3.9651	4.2202	1.389	1.528	1.525	1.487	1.477	1.473	1.473	1.470	1.470	3.27462268	1
	0.018000	8.4771	2.12996578	2.1300	1.3798	3.9688	4.2138	1.321	1.457	1.462	1.432	1.426	1.425	1.430	1.429	1.430	3.27610350	1
	0.018000	8.4771	2.15000010	2.1500	1.3981	3.9712	4.2093	1.275	1.411	1.421	1.395	1.392	1.393	1.401	1.402	1.403	3.27706480	1
	0.018000	8.4771	2.19378304	2.1938	1.4375	3.9764	4.1992	1.176	1.311	1.335	1.318	1.318	1.324	1.338	1.341	1.344	3.27909017	1
	0.018000	8.4771	2.20000005	2.2000	1.4431	3.9771	4.1977	1.162	1.297	1.322	1.307	1.308	1.314	1.329	1.333	1.335	3.27936959	1
	0.018000	8.4771	2.25000000	2.2500	1.4874	3.9826	4.1853	1.051	1.186	1.225	1.220	1.225	1.235	1.256	1.263	1.267	3.28154731	1
	0.018000	8.4771	2.29999995	2.3000	1.5313	3.9879	4.1722	0.942	1.077	1.130	1.134	1.142	1.156	1.184	1.193	1.199	3.28360772	1
	0.018000	8.4771	2.33912563	2.3391	1.5651	3.9920	4.1620	0.857	0.992	1.057	1.068	1.079	1.096	1.128	1.139	1.145	3.28514385	1
	0.018000	8.4771	2.40000010	2.4000	1.6173	3.9981	4.1452	0.727	0.863	0.945	0.965	0.980	1.001	1.040	1.053	1.062	3.28741050	1
	0.018000	8.4771	2.41806173	2.4181	1.6326	3.9998	4.1400	0.688	0.825	0.912	0.935	0.951	0.972	1.013	1.028	1.037	3.28805590	1
	0.018000	8.4771	2.49547768	2.4955	1.6979	4.0066	4.1159	0.525	0.663	0.771	0.805	0.824	0.849	0.898	0.915	0.926	3.29069042	1
	0.018000	8.4771	2.55921388	2.5592	1.7515	4.0116	4.0930	0.391	0.530	0.654	0.695	0.716	0.744	0.799	0.817	0.830	3.29271007	1
	0.018000	8.4771	2.59999990	2.6000	1.7857	4.0145	4.0772	0.306	0.444	0.579	0.623	0.646	0.676	0.733	0.753	0.766	3.29393530	1
	0.018000	8.4771	2.65035295	2.6504	1.8275	4.0176	4.0563	0.201	0.340	0.485	0.534	0.559	0.589	0.651	0.672	0.686	3.29538083	1
	0.018000	8.4771	2.70484328	2.7048	1.8725	4.0205	4.0317	0.089	0.227	0.382	0.436	0.462	0.494	0.558	0.580	0.595	3.29686642	1
	0.018000	8.4771	2.77336597	2.7734	1.9290	4.0235	3.9980	-0.052	0.086	0.251	0.310	0.336	0.370	0.438	0.460	0.477	3.29862761	1
	0.018000	8.4771	2.79999995	2.8000	1.9513	4.0242	3.9825	-0.108	0.029	0.198	0.257	0.284	0.318	0.386	0.409	0.426	3.29928207	1
	0.018000	8.4771	2.83742094	2.8374	1.9823	4.0250	3.9604	-0.186	-0.050	0.123	0.184	0.210	0.245	0.314	0.337	0.354	3.30017471	1
	0.018000	8.4771	2.88924575	2.8892	2.0254	4.0253	3.9266	-0.293	-0.161	0.015	0.078	0.104	0.139	0.209	0.232	0.249	3.30136156	1
	0.018000	8.4771	2.94095874	2.9410	2.0683	4.0248	3.8893	-0.401	-0.272	-0.095	-0.032	-0.006	0.028	0.098	0.121	0.138	3.30249190	1
	0.018000	8.4771	2.99232912	2.9923	2.1110	4.0230	3.8469	-0.507	-0.384	-0.211	-0.148	-0.122	-0.089	-0.021	0.001	0.018	3.30356455	1
	0.018000	8.4771	3.00000000	3.0000	2.1174	4.0226	3.8400	-0.524	-0.401	-0.229	-0.166	-0.140	-0.107	-0.040	-0.018	-0.001	3.30372047	1
	0.018000	8.4771	3.01711178	3.0171	2.1316	4.0217	3.8249	-0.559	-0.438	-0.268	-0.205	-0.180	-0.148	-0.081	-0.060	-0.043	3.30406499	1
	0.018000	8.4771	3.06927323	3.0693	2.1751	4.0174	3.7715	-0.668	-0.555	-0.396	-0.335	-0.311	-0.281	-0.220	-0.200	-0.184	3.30508447	1
	0.018000	8.4771	3.11705828	3.1171	2.2148	4.0118	3.7163	-0.767	-0.662	-0.518	-0.461	-0.439	-0.412	-0.356	-0.339	-0.324	3.30597949	1
	0.018000	8.4771	3.15421867	3.1542	2.2458	4.0055	3.6650	-0.844	-0.747	-0.622	-0.568	-0.549	-0.525	-0.477	-0.462	-0.449	3.30665135	1
	0.018000	8.4771	3.18743420	3.1874	2.2736	3.9980	3.6120	-0.914	-0.823	-0.720	-0.672	-0.656	-0.636	-0.597	-0.585	-0.573	3.30723429	1
	0.018000	8.4771	3.20000005	3.2000	2.2840	3.9949	3.5906	-0.940	-0.852	-0.758	-0.712	-0.698	-0.680	-0.644	-0.633	-0.623	3.30745077	1
	0.018000	8.4771	3.21815634	3.2182	2.2990	3.9903	3.5598	-0.977	-0.893	-0.812	-0.771	-0.758	-0.743	-0.712	-0.703	-0.695	3.30775928	1
	0.018000	8.4771	3.24595714	3.2460	2.3223	3.9819	3.5066	-1.036	-0.955	-0.900	-0.866	-0.858	-0.847	-0.828	-0.822	-0.816	3.30822253	1
	0.018000	8.4771	3.27124906	3.2712	2.3455	3.9736	3.4538	-1.094	-1.015	-0.983	-0.959	-0.956	-0.951	-0.942	-0.940	-0.936	3.30863476	1
	0.018000	8.4771	3.29011083	3.2901	2.3672	3.9705	3.4221	-1.148	-1.071	-1.047	-1.026	-1.025	-1.022	-1.017	-1.017	-1.013	3.30893683	1
	0.018000	8.4771	3.30032110	3.3003	2.3882	3.9763	3.4256	-1.200	-1.126	-1.083	-1.054	-1.049	-1.042	-1.030	-1.027	-1.022	3.30909824	1
	0.018000	8.4771	3.30553317	3.3055	2.4086	3.9868	3.4479	-1.252	-1.177	-1.102	-1.059	-1.049	-1.035	-1.009	-1.002	-0.994	3.30918002	1
	0.018000	8.4771	3.30757976	3.3076	2.4257	3.9973	3.4728	-1.294	-1.217	-1.108	-1.055	-1.040	-1.020	-0.982	-0.970	-0.958	3.30921221	1
	0.018000	8.4771	3.30864286	3.3086	2.4433	4.0077	3.4972	-1.338	-1.255	-1.113	-1.051	-1.031	-1.006	-0.955	-0.940	-0.924	3.30922890	1
	0.018000	8.4771	3.30922818	3.3092	2.4623	4.0178	3.5187	-1.386	-1.296	-1.121	-1.050	-1.027	-0.998	-0.934	-0.915	-0.897	3.30923796	1
	0.018000	8.4771	3.30961323	3.3096	2.4844	4.0281	3.5377	-1.441	-1.342	-1.134	-1.056	-1.030	-0.996	-0.921	-0.898	-0.878	3.30924392	1
	0.018000	8.4771	3.30992079	3.3099	2.5039	4.0373	3.5551	-1.490	-1.381	-1.143	-1.059	-1.031	-0.993	-0.908	-0.882	-0.859	3.30924869	2
	0.018000	8.4771	3.31006098	3.3101	2.4711	4.0298	3.5579	-1.408	-1.306	-1.093	-1.014	-0.988	-0.953	-0.876	-0.853	-0.832	3.30925107	2
	0.018000	8.4771	3.31014895	3.3101	2.4467	4.0209	3.5467	-1.347	-1.253	-1.069	-0.996	-0.972	-0.941	-0.875	-0.854	-0.836	3.30925226	2
	0.018000	8.4771	3.31025434	3.3103	2.4328	4.0092	3.5139	-1.312	-1.227	-1.081	-1.017	-0.997	-0.972	-0.918	-0.903	-0.887	3.30925393	2
	0.018000	8.4771	3.31037021	3.3104	2.4362	3.9977	3.4644	-1.321	-1.244	-1.133	-1.079	-1.064	-1.044	-1.005	-0.993	-0.981	3.30925584	2
	0.018000	8.4771	3.31050467	3.3105	2.4478	3.9860	3.4061	-1.350	-1.279	-1.203	-1.161	-1.151	-1.138	-1.113	-1.106	-1.097	3.30925798	2
	0.018000	8.4771	3.31065488	3.3107	2.4584	3.9742	3.3484	-1.376	-1.307	-1.268	-1.238	-1.234	-1.229	-1.219	-1.217	-1.212	3.30926013	2
	0.018000	8.4771	3.31081724	3.3108	2.4649	3.9623	3.2943	-1.392	-1.321	-1.317	-1.302	-1.306	-1.309	-1.315	-1.319	-1.317	3.30926275	2
	0.018000	8.4771	3.31098938	3.3110	2.4683	3.9504	3.2433	-1.401	-1.320	-1.352	-1.355	-1.368	-1.380	-1.402	-1.413	-1.415	3.30926538	2
	0.018000	8.4771	3.31116891	3.3112	2.4691	3.9384	3.1946	-1.403	-1.305	-1.372	-1.396	-1.420	-1.443	-1.482	-1.501	-1.506	3.30926824	2
	0.018000	8.4771	3.31135321	3.3114	2.4681	3.9264	3.1476	-1.400	-1.276	-1.377	-1.425	-1.463	-1.498	-1.557	-1.585	-1.593	3.30927110	2
	0.018000	8.4771	3.31153846	3.3115	2.4655	3.9143	3.1019	-1.394	-1.239	-1.366	-1.442	-1.497	-1.547	-1.627	-1.666	-1.677	3.30927396	2
	0.018000	8.4771	3.31172228	3.3117	2.4615	3.9022	3.0573	-1.384	-1.196	-1.343	-1.450	-1.523	-1.590	-1.692	-1.745	-1.758	3.30927682	2
	0.018000	8.4771	3.31190252	3.3119	2.4565	3.8900	3.0138	-1.371	-1.147	-1.309	-1.449	-1.544	-1.629	-1.753	-1.821	-1.837	3.30927968	2
	0.018000	8.4771	3.31207705	3.3121	2.4505	3.8778	2.9710	-1.356	-1.096	-1.254	-1.439	-1.559	-1.665	-1.812	-1.898	-1.915	3.30928254	2
	0.018000	8.4771	3.31224442	3.3122	2.4436	3.8656	2.9290	-1.339	-1.040	-1.193	-1.423	-1.569	-1.696	-1.867	-1.972	-1.991	3.30928493	2
	0.018000	8.4771	3.31240439	3.3124	2.4359	3.8534	2.8876	-1.320	-0.979	-1.126	-1.399	-1.573	-1.722	-1.919	-2.044	-2.065	3.30928755	2
	0.018000	8.4771	3.31255627	3.3126	2.4276	3.8411	2.8469	-1.299	-0.910	-1.053	-1.370	-1.571	-1.743	-1.966	-2.114	-2.137	3.30928993	2
	0.018000	8.4771	3.31270003	3.3127	2.4186	3.8288	2.8068	-1.276	-0.833	-0.976	-1.338	-1.565	-1.761	-2.011	-2.182	-2.208	3.30929208	2
	0.018000	8.4771	3.31283641	3.3128	2.4089	3.8165	2.7673	-1.252	-0.742	-0.890	-1.300	-1.554	-1.772	-2.052	-2.248	-2.276	3.30929422	2
	0.018000	8.4771	3.31296611	3.3130	2.3987	3.8042	2.7282	-1.227	-0.640	-0.798	-1.258	-1.539	-1.780	-2.089	-2.312	-2.342	3.30929637	2
	0.018000	8.4771	3.31309080	3.3131	2.3876	3.7919	2.6901	-1.199	-0.510	-0.690	-1.211	-1.523	-1.787	-2.127	-2.375	-2.410	3.30929828	2
	0.018000	8.4771	3.31321836	3.3132	2.3750	3.7792	2.6520	-1.168	-0.345	-0.561	-1.153	-1.504	-1.793	-2.166	-2.439	-2.480	3.30930018	2
	0.018000	8.4771	3.31335568	3.3134	2.3596	3.7661	2.6151	-1.129	-0.178	-0.432	-1.084	-1.465	-1.781	-2.191	-2.498	-2.541	3.30930233	2
	0.018000	8.4771	3.31352043	3.3135	2.3385	3.7526	2.5820	-1.076	0.009	-0.289	-0.997	-1.408	-1.747	-2.196	-2.538	-2.584	3.30930495	2
	0.018000	8.4771	3.31367707	3.3137	2.3154	3.7424	2.5644	-1.018	0.181	-0.161	-0.909	-1.343	-1.701	-2.180	-2.550	-2.598	3.30930734	2
	0.018000	8.4771	3.31384826	3.3138	2.2868	3.7327	2.5543	-0.947	0.377	-0.018	-0.808	-1.264	-1.638	-2.147	-2.543	-2.594	3.30930996	2
	0.018000	8.4771	3.31401825	3.3140	2.2558	3.7242	2.5513	-0.870	0.577	0.126	-0.702	-1.178	-1.566	-2.103	-2.523	-2.575	3.30931258	2
	0.018000	8.4771	3.31418467	3.3142	2.2256	3.7167	2.5514	-0.794	0.768	0.262	-0.598	-1.093	-1.495	-2.056	-2.497	-2.551	3.30931520	2
	0.018000	8.4771	3.31437135	3.3144	2.1985	3.7087	2.5467	-0.726	0.965	0.396	-0.499	-1.014	-1.430	-2.018	-2.481	-2.538	3.30931807	2
	0.018000	8.4771	3.31459856	3.3146	2.1832	3.6993	2.5244	-0.688	1.169	0.518	-0.419	-0.959	-1.392	-2.013	-2.502	-2.564	3.30932164	3
	0.018000	8.4771	3.31467128	3.3147	2.1886	3.6964	2.5073	-0.702	1.210	0.531	-0.419	-0.966	-1.405	-2.036	-2.534	-2.598	3.30932283	3
	0.018000	8.4771	3.31489253	3.3149	2.2163	3.6879	2.4459	-0.771	1.314	0.546	-0.446	-1.018	-1.473	-2.135	-2.657	-2.724	3.30932641	3
	0.018000	8.4771	3.31508589	3.3151	2.2563	3.6814	2.3798	-0.871	1.360	0.517	-0.511	-1.103	-1.571	-2.257	-2.797	-2.868	3.30932927	3
	0.018000	8.4771	3.31525993	3.3153	2.2944	3.6765	2.3223	-0.966	1.381	0.478	-0.578	-1.185	-1.664	-2.368	-2.922	-2.996	3.30933189	3
	0.018000	8.4771	3.31547642	3.3155	2.3356	3.6718	2.2622	-1.069	1.394	0.431	-0.653	-1.275	-1.765	-2.486	-3.054	-3.131	3.30933547	3
	0.018000	8.4771	3.31573606	3.3157	2.3773	3.6674	2.2028	-1.173	1.403	0.382	-0.729	-1.366	-1.866	-2.605	-3.185	-3.264	3.30933952	3
	0.018000	8.4771	3.31603861	3.3160	2.4206	3.6631	2.1422	-1.281	1.408	0.329	-0.808	-1.461	-1.971	-2.726	-3.319	-3.401	3.30934405	3
	0.018000	8.4771	3.31612515	3.3161	2.4325	3.6619	2.1256	-1.311	1.409	0.315	-0.831	-1.487	-2.000	-2.759	-3.355	-3.439	3.30934548	3
	0.018000	8.4771	3.31631613	3.3163	2.4588	3.6594	2.0894	-1.377	1.409	0.281	-0.880	-1.544	-2.063	-2.833	-3.436	-3.521	3.30934834	3
	0.018000	8.4771	3.31641150	3.3164	2.4720	3.6582	2.0714	-1.410	1.410	0.265	-0.904	-1.572	-2.095	-2.869	-3.476	-3.561	3.30935001	3
	0.018000	8.4771	3.31659436	3.3166	2.4973	3.6559	2.0368	-1.473	1.412	0.233	-0.950	-1.627	-2.156	-2.939	-3.553	-3.640	3.30935264	3
	0.018000	8.4771	3.31686854	3.3169	2.5357	3.6525	1.9849	-1.569	1.415	0.185	-1.021	-1.710	-2.248	-3.045	-3.668	-3.757	3.30935693	3
	0.018000	8.4771	3.31714249	3.3171	2.5740	3.6492	1.9333	-1.665	1.424	0.138	-1.091	-1.794	-2.341	-3.150	-3.783	-3.875	3.30936122	3
	0.018000	8.4771	3.31741643	3.3174	2.6125	3.6460	1.8823	-1.761	1.433	0.091	-1.161	-1.877	-2.433	-3.255	-3.896	-3.991	3.30936551	3
	0.018000	8.4771	3.31773591	3.3177	2.6580	3.6425	1.8229	-1.875	1.436	0.033	-1.245	-1.976	-2.542	-3.379	-4.029	-4.127	3.30937052	3
	0.018000	8.4771	3.31800985	3.3180	2.6975	3.6394	1.7710	-1.974	1.441	-0.017	-1.318	-2.062	-2.637	-3.486	-4.145	-4.245	3.30937481	3
	0.018000	8.4771	3.31828356	3.3183	2.7375	3.6362	1.7184	-2.074	1.449	-0.065	-1.390	-2.146	-2.733	-3.594	-4.262	-4.365	3.30937910	3
	0.018000	8.4771	3.31860256	3.3186	2.7851	3.6326	1.6560	-2.193	1.455	-0.124	-1.475	-2.247	-2.846	-3.723	-4.400	-4.507	3.30938387	3
	0.018000	8.4771	3.31888771	3.3189	2.8286	3.6290	1.5985	-2.302	1.465	-0.174	-1.551	-2.338	-2.949	-3.840	-4.528	-4.637	3.30938840	3
	0.018000	8.4771	3.31917930	3.3192	2.8735	3.6253	1.5390	-2.414	1.478	-0.224	-1.627	-2.430	-3.054	-3.961	-4.658	-4.772	3.30939293	3
	0.018000	8.4771	3.31953263	3.3195	2.9118	3.6223	1.4884	-2.509	1.485	-0.268	-1.693	-2.509	-3.144	-4.064	-4.769	-4.886	3.30939841	3
	0.018000	8.4771	3.31965899	3.3197	2.9201	3.6216	1.4775	-2.530	1.485	-0.278	-1.707	-2.526	-3.164	-4.086	-4.793	-4.911	3.30940032	4
	0.018000	8.4771	3.32116652	3.3212	2.8856	3.6247	1.5245	-2.444	1.472	-0.242	-1.651	-2.457	-3.083	-3.993	-4.692	-4.806	3.30942369	4
	0.018000	8.4771	3.32247066	3.3225	2.8484	3.6280	1.5751	-2.351	1.453	-0.205	-1.591	-2.382	-2.996	-3.892	-4.582	-4.693	3.30944395	4
	0.018000	8.4771	3.32351995	3.3235	2.8114	3.6312	1.6251	-2.258	1.439	-0.166	-1.529	-2.307	-2.909	-3.792	-4.473	-4.581	3.30946016	4
	0.018000	8.4771	3.32444882	3.3244	2.7723	3.6346	1.6779	-2.161	1.423	-0.123	-1.462	-2.225	-2.817	-3.686	-4.357	-4.462	3.30947447	4
	0.018000	8.4771	3.32534194	3.3253	2.7298	3.6383	1.7352	-2.054	1.406	-0.077	-1.389	-2.137	-2.717	-3.570	-4.231	-4.333	3.30948830	4
	0.018000	8.4771	3.32608771	3.3261	2.6924	3.6415	1.7854	-1.961	1.394	-0.034	-1.323	-2.058	-2.628	-3.468	-4.120	-4.219	3.30949974	4
	0.018000	8.4771	3.32682824	3.3268	2.6549	3.6447	1.8357	-1.867	1.383	0.010	-1.256	-1.978	-2.538	-3.366	-4.009	-4.105	3.30951118	4
	0.018000	8.4771	3.32768798	3.3277	2.6117	3.6484	1.8940	-1.759	1.368	0.061	-1.179	-1.885	-2.434	-3.247	-3.881	-3.974	3.30952430	4
	0.018000	8.4771	3.32846618	3.3285	2.5741	3.6516	1.9448	-1.665	1.357	0.105	-1.111	-1.804	-2.344	-3.144	-3.768	-3.859	3.30953646	4
	0.018000	8.4771	3.32930732	3.3293	2.5361	3.6549	1.9959	-1.570	1.348	0.152	-1.040	-1.721	-2.252	-3.039	-3.655	-3.743	3.30954933	4
	0.018000	8.4771	3.33024740	3.3302	2.4981	3.6583	2.0474	-1.475	1.349	0.201	-0.970	-1.638	-2.160	-2.934	-3.540	-3.626	3.30956364	4
	0.018000	8.4771	3.33133364	3.3313	2.4602	3.6617	2.0993	-1.381	1.349	0.250	-0.899	-1.556	-2.069	-2.829	-3.425	-3.509	3.30958033	4
	0.018000	8.4771	3.33263707	3.3326	2.4226	3.6652	2.1511	-1.287	1.351	0.299	-0.828	-1.473	-1.978	-2.725	-3.311	-3.392	3.30960035	4
	0.018000	8.4771	3.33428359	3.3343	2.3856	3.6689	2.2030	-1.194	1.348	0.344	-0.760	-1.392	-1.888	-2.621	-3.196	-3.275	3.30962563	4
	0.018000	8.4771	3.33691621	3.3369	2.3448	3.6736	2.2628	-1.092	1.333	0.390	-0.687	-1.304	-1.789	-2.504	-3.066	-3.142	3.30966592	4
	0.018000	8.4771	3.34218812	3.3422	2.3037	3.6804	2.3321	-0.989	1.272	0.413	-0.625	-1.220	-1.690	-2.379	-2.921	-2.993	3.30974627	4
	0.018000	8.4771	3.34677458	3.3468	2.2934	3.6850	2.3613	-0.963	1.199	0.390	-0.624	-1.205	-1.666	-2.338	-2.868	-2.937	3.30981612	5
	0.018000	8.4771	3.37528443	3.3753	2.3298	3.6864	2.3342	-1.054	1.086	0.288	-0.723	-1.300	-1.758	-2.426	-2.950	-3.019	3.31024337	5
	0.018000	8.4771	3.40000010	3.4000	2.3647	3.6864	2.3025	-1.142	1.006	0.204	-0.811	-1.388	-1.846	-2.513	-3.037	-3.106	3.31060600	5
	0.018000	8.4771	3.41060352	3.4106	2.3798	3.6864	2.2888	-1.180	0.970	0.167	-0.849	-1.426	-1.884	-2.552	-3.075	-3.144	3.31075931	5
	0.018000	8.4771	3.45188928	3.4519	2.4361	3.6849	2.2314	-1.320	0.875	0.048	-0.981	-1.563	-2.025	-2.698	-3.225	-3.295	3.31134439	5
	0.018000	8.4771	3.45315647	3.4532	2.4377	3.6848	2.2295	-1.324	0.873	0.045	-0.985	-1.567	-2.029	-2.703	-3.230	-3.300	3.31136203	6
	0.018000	8.4771	3.48512840	3.4851	2.4714	3.6797	2.1794	-1.409	0.903	0.017	-1.042	-1.639	-2.112	-2.804	-3.345	-3.418	3.31180191	6
	0.018000	8.4771	3.50460196	3.5046	2.5082	3.6697	2.1054	-1.500	1.044	0.037	-1.074	-1.703	-2.197	-2.927	-3.497	-3.576	3.31206441	6
	0.018000	8.4771	3.50709677	3.5071	2.5465	3.6637	2.0431	-1.596	1.102	0.017	-1.129	-1.779	-2.288	-3.041	-3.629	-3.712	3.31209779	6
	0.018000	8.4771	3.50782633	3.5078	2.5857	3.6588	1.9844	-1.694	1.135	-0.017	-1.193	-1.860	-2.381	-3.154	-3.756	-3.842	3.31210756	6
	0.018000	8.4771	3.50810933	3.5081	2.6279	3.6542	1.9238	-1.800	1.170	-0.057	-1.264	-1.949	-2.482	-3.273	-3.888	-3.977	3.31211138	6
	0.018000	8.4771	3.50816321	3.5082	2.6405	3.6528	1.9059	-1.831	1.179	-0.070	-1.286	-1.975	-2.512	-3.308	-3.927	-4.017	3.31211209	7
	0.018000	8.4771	3.50823140	3.5082	2.6667	3.6503	1.8694	-1.897	1.193	-0.098	-1.332	-2.032	-2.575	-3.381	-4.007	-4.099	3.31211305	7
	0.018000	8.4771	3.50834131	3.5083	2.7104	3.6462	1.8096	-2.006	1.214	-0.146	-1.408	-2.124	-2.680	-3.502	-4.139	-4.234	3.31211448	7
	0.018000	8.4771	3.50867629	3.5087	2.7117	3.6463	1.8086	-2.009	1.210	-0.149	-1.412	-2.128	-2.683	-3.505	-4.142	-4.237	3.31211877	7
	0.018000	8.4771	3.50915670	3.5092	2.6837	3.6489	1.8471	-1.939	1.196	-0.119	-1.364	-2.068	-2.616	-3.427	-4.057	-4.150	3.31212521	7
	0.018000	8.4771	3.51037574	3.5104	2.7082	3.6463	1.8126	-2.000	1.216	-0.142	-1.404	-2.119	-2.674	-3.496	-4.132	-4.228	3.31214142	7
	0.018000	8.4771	3.51100993	3.5110	2.7501	3.6425	1.7554	-2.105	1.236	-0.188	-1.477	-2.208	-2.774	-3.611	-4.258	-4.357	3.31215000	7
	0.018000	8.4771	3.51171494	3.5117	2.7935	3.6386	1.6963	-2.214	1.257	-0.235	-1.552	-2.299	-2.877	-3.730	-4.388	-4.490	3.31215930	7
	0.018000	8.4771	3.51246834	3.5125	2.8362	3.6347	1.6383	-2.320	1.278	-0.278	-1.623	-2.387	-2.977	-3.846	-4.515	-4.621	3.31216931	7
	0.018000	8.4771	3.51320791	3.5132	2.8781	3.6310	1.5815	-2.425	1.297	-0.323	-1.694	-2.474	-3.076	-3.961	-4.640	-4.749	3.31217909	7
	0.018000	8.4771	3.51390767	3.5139	2.9201	3.6275	1.5255	-2.530	1.311	-0.369	-1.765	-2.560	-3.175	-4.074	-4.763	-4.875	3.31218863	7
	0.018000	8.4771	3.51456618	3.5146	2.9622	3.6236	1.4680	-2.636	1.329	-0.412	-1.833	-2.643	-3.273	-4.188	-4.888	-5.004	3.31219721	7
	0.018000	8.4771	3.51517749	3.5152	3.0043	3.6199	1.4112	-2.741	1.338	-0.460	-1.902	-2.727	-3.371	-4.301	-5.012	-5.132	3.31220531	7
	0.018000	8.4771	3.51573610	3.5157	3.0464	3.6163	1.3548	-2.846	1.344	-0.507	-1.968	-2.806	-3.468	-4.414	-5.135	-5.259	3.31221271	7
	0.018000	8.4771	3.51624513	3.5162	3.0886	3.6126	1.2978	-2.952	1.353	-0.553	-2.034	-2.885	-3.566	-4.527	-5.259	-5.388	3.31221962	7
	0.018000	8.4771	3.51670241	3.5167	3.1307	3.6088	1.2405	-3.057	1.365	-0.596	-2.096	-2.962	-3.662	-4.640	-5.382	-5.517	3.31222558	7
	0.018000	8.4771	3.51711321	3.5171	3.1725	3.6051	1.1841	-3.161	1.370	-0.640	-2.157	-3.034	-3.758	-4.752	-5.505	-5.644	3.31223106	7
	0.018000	8.4771	3.51748705	3.5175	3.2141	3.6015	1.1282	-3.265	1.375	-0.684	-2.218	-3.107	-3.854	-4.863	-5.626	-5.769	3.31223607	7
	0.018000	8.4771	3.51783061	3.5178	3.2555	3.5977	1.0715	-3.369	1.384	-0.723	-2.272	-3.172	-3.948	-4.974	-5.748	-5.897	3.31224060	7
	0.018000	8.4771	3.51814842	3.5181	3.2969	3.5938	1.0147	-3.472	1.391	-0.760	-2.324	-3.233	-4.042	-5.086	-5.870	-6.024	3.31224465	7
	0.018000	8.4771	3.51844239	3.5184	3.3385	3.5901	0.9581	-3.576	1.420	-0.788	-2.376	-3.299	-4.137	-5.199	-5.989	-6.150	3.31224871	7
	0.018000	8.4771	3.51871228	3.5187	3.3800	3.5863	0.9014	-3.680	1.454	-0.809	-2.419	-3.354	-4.231	-5.313	-6.106	-6.275	3.31225228	7
	0.018000	8.4771	3.51896119	3.5190	3.4212	3.5822	0.8442	-3.783	1.497	-0.825	-2.460	-3.410	-4.324	-5.426	-6.224	-6.401	3.31225562	7
	0.018000	8.4771	3.51919103	3.5192	3.4624	3.5782	0.7869	-3.886	1.541	-0.837	-2.495	-3.462	-4.415	-5.538	-6.340	-6.526	3.31225848	7
	0.018000	8.4771	3.51940393	3.5194	3.5034	3.5742	0.7297	-3.989	1.581	-0.846	-2.523	-3.506	-4.506	-5.650	-6.456	-6.651	3.31226134	7
	0.018000	8.4771	3.51960206	3.5196	3.5444	3.5701	0.6724	-4.091	1.624	-0.855	-2.555	-3.554	-4.596	-5.762	-6.572	-6.776	3.31226397	7
	0.018000	8.4771	3.51978636	3.5198	3.5851	3.5659	0.6149	-4.193	1.676	-0.853	-2.565	-3.581	-4.683	-5.874	-6.687	-6.900	3.31226635	7
	0.018000	8.4771	3.51995850	3.5200	3.6256	3.5616	0.5573	-4.294	1.736	-0.852	-2.576	-3.607	-4.772	-5.985	-6.802	-7.025	3.31226873	7
	0.018000	8.4771	3.52011967	3.5201	3.6658	3.5572	0.4997	-4.394	1.798	-0.840	-2.568	-3.620	-4.855	-6.095	-6.916	-7.149	3.31227088	7
	0.018000	8.4771	3.52027130	3.5203	3.7053	3.5529	0.4428	-4.493	1.814	-0.831	-2.544	-3.619	-4.933	-6.204	-7.031	-7.271	3.31227279	7
	0.018000	8.4771	3.52034378	3.5203	3.7245	3.5507	0.4147	-4.541	1.825	-0.826	-2.532	-3.617	-4.971	-6.257	-7.087	-7.332	3.31227374	7
	0.018000	8.4771	3.52171421	3.5217	4.0783	3.5072	-0.1128	-5.426	1.867	0.167	-1.366	-3.090	-5.090	-7.247	-8.165	-8.471	3.31229186	8
