# File generated by CMD 2.9 (http://stev.oapd.inaf.it/cmd) on Wed Feb  1 10:22:25 CET 2017
# isochrones PARSEC release v1.2S + COLIBRI release PR16, as in Marigo et al. 2017
# Basic reference: Marigo et al. (2017), ApJ, 835, 77
# Photometric system: <i>UBVRIJHK</i> (cf. Maiz-Apellaniz 2006 + Bessell 1990)
# Kind of output: isochrone tables
# Zini Age Mini  Mass   logL    logTe  logg  label   McoreTP C_O period0 period1 pmode  Mloss  tau1m  X   Y   Xc  Xn  Xo  Cexcess  Z	mbolmag  Umag    Bmag    Vmag    Rmag    Imag    Jmag    Hmag    Kmag 
0.01000  1.20e+10  0.0900000036   0.090 -3.387  3.3786  5.246    0  0.000  0.463     0.00     0.00 -1         0      0.00 7.000e-01 2.990e-01 1.100e-03 5.880e-04 3.170e-03 -1.000 1.000e-03	13.237	24.125	20.501	18.198	16.036	13.608	11.124	10.549	10.236
0.01000  1.20e+10  0.0934624746   0.093 -3.317  3.3888  5.233    0  0.000  0.463     0.00     0.00 -1         0      0.00 7.000e-01 2.990e-01 1.100e-03 5.880e-04 3.170e-03 -1.000 1.000e-03	13.063	23.371	19.996	17.773	15.702	13.320	10.950	10.392	10.084
0.01000  1.20e+10  0.1000000015   0.100 -3.192  3.4069  5.210    0  0.000  0.463     0.00     0.00 -1         0      0.00 7.000e-01 2.990e-01 1.100e-03 5.880e-04 3.170e-03 -1.000 1.000e-03	12.750	22.053	19.108	16.999	15.096	12.826	10.657	10.120	9.814
0.01000  1.20e+10  0.1200000048   0.120 -2.925  3.4411  5.158    0  0.000  0.463     0.00     0.00 -1         0      0.00 7.000e-01 2.990e-01 1.100e-03 5.880e-04 3.170e-03 -1.000 1.000e-03	12.082	19.970	17.474	15.493	13.851	11.844	10.072	9.531	9.250
0.01000  1.20e+10  0.1400000006   0.140 -2.744  3.4600  5.120    0  0.000  0.463     0.00     0.00 -1         0      0.00 7.000e-01 2.990e-01 1.100e-03 5.880e-04 3.170e-03 -1.000 1.000e-03	11.629	18.815	16.509	14.590	13.098	11.262	9.675	9.123	8.851
0.01000  1.20e+10  0.1550533921   0.155 -2.634  3.4704  5.096    0  0.000  0.463     0.00     0.00 -1         0      0.00 7.000e-01 2.990e-01 1.100e-03 5.880e-04 3.170e-03 -1.000 1.000e-03	11.355	18.072	15.941	14.079	12.676	10.943	9.432	8.877	8.604
0.01000  1.20e+10  0.1599999964   0.160 -2.600  3.4737  5.089    0  0.000  0.463     0.00     0.00 -1         0      0.00 7.000e-01 2.990e-01 1.100e-03 5.880e-04 3.170e-03 -1.000 1.000e-03	11.271	17.851	15.770	13.925	12.548	10.846	9.357	8.801	8.529
0.01000  1.20e+10  0.1698085815   0.170 -2.541  3.4787  5.075    0  0.000  0.463     0.00     0.00 -1         0      0.00 7.000e-01 2.990e-01 1.100e-03 5.880e-04 3.170e-03 -1.000 1.000e-03	11.122	17.496	15.491	13.673	12.332	10.678	9.221	8.665	8.393
0.01000  1.20e+10  0.2000000030   0.200 -2.377  3.4924  5.038    0  0.000  0.463     0.00     0.00 -1         0      0.00 7.000e-01 2.990e-01 1.100e-03 5.880e-04 3.170e-03 -1.000 1.000e-03	10.713	16.564	14.743	12.996	11.746	10.221	8.849	8.292	8.023
0.01000  1.20e+10  0.2500000000   0.250 -2.167  3.5068  4.982    0  0.000  0.463     0.00     0.00 -1         0      0.00 7.000e-01 2.990e-01 1.100e-03 5.880e-04 3.170e-03 -1.000 9.999e-04	10.187	15.571	13.904	12.226	11.053	9.652	8.360	7.801	7.538
0.01000  1.20e+10  0.3000000119   0.300 -2.000  3.5172  4.936    0  0.000  0.463     0.00     0.00 -1         0      0.00 7.000e-01 2.990e-01 1.100e-03 5.880e-04 3.170e-03 -1.000 1.000e-03	9.769	14.878	13.287	11.649	10.524	9.205	7.966	7.405	7.148
0.01000  1.20e+10  0.3115225136   0.312 -1.965  3.5193  4.925    0  0.000  0.463     0.00     0.00 -1         0      0.00 7.000e-01 2.990e-01 1.100e-03 5.880e-04 3.170e-03 -1.000 1.000e-03	9.681	14.738	13.160	11.531	10.414	9.111	7.883	7.321	7.066
0.01000  1.20e+10  0.3500000238   0.350 -1.856  3.5260  4.894    0  0.000  0.463     0.00     0.00 -1         0      0.00 7.000e-01 2.990e-01 1.100e-03 5.880e-04 3.170e-03 -1.000 1.000e-03	9.409	14.307	12.769	11.166	10.075	8.822	7.626	7.062	6.811
0.01000  1.20e+10  0.4000000358   0.400 -1.707  3.5372  4.848    0  0.000  0.463     0.00     0.00 -1  1.47e-15      0.00 7.000e-01 2.990e-01 1.100e-03 5.880e-04 3.170e-03 -1.000 1.000e-03	9.037	13.691	12.211	10.647	9.594	8.425	7.281	6.712	6.468
0.01000  1.20e+10  0.4179908037   0.418 -1.648  3.5422  4.828    0  0.000  0.463     0.00     0.00 -1  1.69e-15      0.00 7.000e-01 2.990e-01 1.100e-03 5.880e-04 3.170e-03 -1.000 1.000e-03	8.889	13.435	11.981	10.434	9.398	8.266	7.145	6.574	6.332
0.01000  1.20e+10  0.4500000179   0.450 -1.548  3.5508  4.794    0  0.000  0.463     0.00     0.00 -1  2.13e-15      0.00 7.000e-01 2.990e-01 1.100e-03 5.880e-04 3.170e-03 -1.000 1.000e-03	8.639	13.036	11.609	10.088	9.076	8.002	6.917	6.340	6.103
0.01000  1.20e+10  0.5000000000   0.500 -1.377  3.5686  4.740    0  0.000  0.463     0.00     0.00 -1  3.19e-15      0.00 7.000e-01 2.990e-01 1.100e-03 5.880e-04 3.170e-03 -1.000 1.000e-03	8.212	12.335	10.952	9.479	8.512	7.551	6.536	5.947	5.724
0.01000  1.20e+10  0.5500000119   0.550 -1.183  3.5918  4.681    0  0.000  0.463     0.00     0.00 -1  5.08e-15      0.00 7.000e-01 2.990e-01 1.100e-03 5.880e-04 3.170e-03 -1.000 1.000e-03	7.729	11.263	10.131	8.801	7.896	7.050	6.082	5.458	5.294
0.01000  1.20e+10  0.6000000238   0.600 -0.996  3.6205  4.646    0  0.000  0.463     0.00     0.00 -1  7.79e-15      0.00 7.000e-01 2.990e-01 1.100e-03 5.880e-04 3.170e-03 -1.000 1.000e-03	7.259	10.256	9.249	8.038	7.246	6.591	5.718	5.029	4.916
0.01000  1.20e+10  0.6499999762   0.650 -0.804  3.6546  4.625    0  0.000  0.463     0.00     0.00 -1  1.19e-14      0.00 7.000e-01 2.990e-01 1.100e-03 5.880e-04 3.170e-03 -1.000 1.000e-03	6.779	9.220	8.376	7.304	6.633	6.100	5.331	4.686	4.603
0.01000  1.20e+10  0.6552177072   0.655 -0.784  3.6579  4.622    0  0.000  0.463     0.00     0.00 -1  1.25e-14      0.00 7.000e-01 2.990e-01 1.100e-03 5.880e-04 3.170e-03 -1.000 1.000e-03	6.729	9.110	8.290	7.232	6.573	6.048	5.291	4.657	4.575
0.01000  1.20e+10  0.7000000477   0.700 -0.617  3.6859  4.596    0  0.000  0.463     0.00     0.00 -1  1.83e-14      0.00 7.000e-01 2.990e-01 1.100e-03 5.880e-04 3.170e-03 -1.000 1.000e-03	6.313	8.205	7.591	6.641	6.078	5.615	4.957	4.411	4.345
0.01000  1.20e+10  0.7101574540   0.710 -0.579  3.6918  4.588    0  0.000  0.463     0.00     0.00 -1         0      0.00 7.000e-01 2.990e-01 1.100e-03 5.880e-04 3.170e-03 -1.000 1.000e-03	6.218	8.009	7.443	6.514	5.970	5.520	4.882	4.354	4.291
0.01000  1.20e+10  0.7255852222   0.726 -0.522  3.7007  4.575    0  0.000  0.463     0.00     0.00 -1         0      0.00 7.000e-01 2.990e-01 1.100e-03 5.880e-04 3.170e-03 -1.000 1.000e-03	6.075	7.719	7.223	6.328	5.810	5.376	4.769	4.267	4.208
0.01000  1.20e+10  0.7398340702   0.740 -0.469  3.7087  4.563    0  0.000  0.463     0.00     0.00 -1         0      0.00 7.000e-01 2.990e-01 1.100e-03 5.880e-04 3.170e-03 -1.000 1.000e-03	5.942	7.458	7.025	6.161	5.665	5.245	4.665	4.186	4.131
0.01000  1.20e+10  0.7500000000   0.750 -0.431  3.7143  4.553    0  0.000  0.463     0.00     0.00 -1         0      0.00 7.000e-01 2.990e-01 1.100e-03 5.880e-04 3.170e-03 -1.000 1.000e-03	5.846	7.275	6.887	6.044	5.562	5.153	4.590	4.127	4.075
0.01000  1.20e+10  0.7609029412   0.761 -0.390  3.7196  4.540    0  0.000  0.463     0.00     0.00 -1         0      0.00 7.000e-01 2.990e-01 1.100e-03 5.880e-04 3.170e-03 -1.000 1.000e-03	5.744	7.091	6.744	5.923	5.454	5.054	4.508	4.060	4.010
0.01000  1.20e+10  0.7735329866   0.773 -0.342  3.7257  4.523    0  0.000  0.463     0.00     0.00 -1         0      0.00 7.000e-01 2.990e-01 1.100e-03 5.880e-04 3.170e-03 -1.000 1.000e-03	5.625	6.880	6.580	5.783	5.329	4.940	4.412	3.981	3.933
0.01000  1.20e+10  0.7853479981   0.785 -0.297  3.7311  4.507    0  0.000  0.463     0.00     0.00 -1         0      0.00 7.000e-01 2.990e-01 1.100e-03 5.880e-04 3.170e-03 -1.000 1.000e-03	5.513	6.687	6.429	5.655	5.214	4.833	4.322	3.905	3.859
0.01000  1.20e+10  0.7967718244   0.796 -0.253  3.7363  4.489    0  0.000  0.463     0.00     0.00 -1         0      0.00 7.000e-01 2.990e-01 1.100e-03 5.880e-04 3.170e-03 -1.000 1.000e-03	5.403	6.503	6.283	5.530	5.101	4.728	4.233	3.829	3.785
0.01000  1.20e+10  0.7978261113   0.797 -0.249  3.7367  4.488    0  0.000  0.463     0.00     0.00 -1         0      0.00 7.000e-01 2.990e-01 1.100e-03 5.880e-04 3.170e-03 -1.000 1.000e-03	5.393	6.486	6.269	5.519	5.090	4.718	4.225	3.822	3.778
0.01000  1.20e+10  0.8074125051   0.807 -0.211  3.7407  4.471    0  0.000  0.463     0.00     0.00 -1         0      0.00 7.000e-01 2.990e-01 1.100e-03 5.880e-04 3.170e-03 -1.000 1.000e-03	5.298	6.339	6.148	5.415	4.995	4.629	4.147	3.754	3.711
0.01000  1.20e+10  0.8171948791   0.817 -0.172  3.7446  4.452    0  0.000  0.463     0.00     0.00 -1         0      0.00 7.000e-01 2.990e-01 1.100e-03 5.880e-04 3.170e-03 -1.000 1.000e-03	5.200	6.191	6.025	5.309	4.897	4.537	4.066	3.682	3.641
0.01000  1.20e+10  0.8267776966   0.826 -0.133  3.7483  4.433    0  0.000  0.463     0.00     0.00 -1         0      0.00 7.000e-01 2.990e-01 1.100e-03 5.880e-04 3.170e-03 -1.000 1.000e-03	5.102	6.046	5.903	5.203	4.798	4.445	3.984	3.608	3.569
0.01000  1.20e+10  0.8355961442   0.835 -0.096  3.7515  4.413    0  0.000  0.463     0.00     0.00 -1         0      0.00 7.000e-01 2.990e-01 1.100e-03 5.880e-04 3.170e-03 -1.000 1.000e-03	5.010	5.912	5.789	5.103	4.706	4.357	3.905	3.537	3.499
0.01000  1.20e+10  0.8442295790   0.843 -0.059  3.7545  4.393    0  0.000  0.463     0.00     0.00 -1         0      0.00 7.000e-01 2.990e-01 1.100e-03 5.880e-04 3.170e-03 -1.000 1.000e-03	4.917	5.784	5.678	5.005	4.613	4.270	3.826	3.465	3.428
0.01000  1.20e+10  0.8456522226   0.845 -0.053  3.7550  4.389    0  0.000  0.463     0.00     0.00 -1         0      0.00 7.000e-01 2.990e-01 1.100e-03 5.880e-04 3.170e-03 -1.000 1.000e-03	4.901	5.763	5.659	4.989	4.598	4.255	3.813	3.453	3.416
0.01000  1.20e+10  0.8473286629   0.846 -0.045  3.7555  4.385    0  0.000  0.463     0.00     0.00 -1         0      0.00 7.000e-01 2.990e-01 1.100e-03 5.880e-04 3.170e-03 -1.000 1.000e-03	4.883	5.738	5.638	4.969	4.580	4.238	3.797	3.438	3.401
0.01000  1.20e+10  0.8566107750   0.856 -0.004  3.7583  4.359    0  0.000  0.463     0.00     0.00 -1         0      0.00 7.000e-01 2.990e-01 1.100e-03 5.880e-04 3.170e-03 -1.000 1.000e-03	4.779	5.603	5.517	4.861	4.476	4.139	3.705	3.353	3.317
0.01000  1.20e+10  0.8660377860   0.865  0.039  3.7606  4.331    0  0.000  0.463     0.00     0.00 -1         0      0.00 7.000e-01 2.990e-01 1.100e-03 5.880e-04 3.170e-03 -1.000 1.000e-03	4.673	5.471	5.396	4.751	4.371	4.038	3.610	3.263	3.228
0.01000  1.20e+10  0.8749849200   0.874  0.080  3.7624  4.301    0  0.000  0.463     0.00     0.00 -1         0      0.00 7.000e-01 2.990e-01 1.100e-03 5.880e-04 3.170e-03 -1.000 1.000e-03	4.570	5.346	5.281	4.644	4.268	3.937	3.515	3.172	3.137
0.01000  1.20e+10  0.8828791976   0.882  0.118  3.7638  4.272    0  0.000  0.463     0.00     0.00 -1         0      0.00 7.000e-01 2.990e-01 1.100e-03 5.880e-04 3.170e-03 -1.000 1.000e-03	4.475	5.236	5.177	4.546	4.173	3.845	3.426	3.086	3.052
0.01000  1.20e+10  0.8844199777   0.883  0.126  3.7641  4.267    0  0.000  0.463     0.00     0.00 -1         0      0.00 7.000e-01 2.990e-01 1.100e-03 5.880e-04 3.170e-03 -1.000 1.000e-03	4.456	5.214	5.156	4.527	4.155	3.826	3.408	3.069	3.035
0.01000  1.20e+10  0.8874040246   0.886  0.141  3.7644  4.254    0  0.000  0.463     0.00     0.00 -1         0      0.00 7.000e-01 2.990e-01 1.100e-03 5.880e-04 3.170e-03 -1.000 1.000e-03	4.418	5.172	5.116	4.488	4.117	3.789	3.372	3.033	2.999
0.01000  1.20e+10  0.8934782743   0.892  0.173  3.7647  4.227    0  0.000  0.463     0.00     0.00 -1  1.52e-13      0.00 7.000e-01 2.990e-01 1.100e-03 5.880e-04 3.170e-03 -1.000 1.000e-03	4.338	5.089	5.034	4.408	4.037	3.710	3.294	2.956	2.922
0.01000  1.20e+10  0.8954641819   0.894  0.183  3.7647  4.217    0  0.000  0.463     0.00     0.00 -1  1.57e-13      0.00 7.000e-01 2.990e-01 1.100e-03 5.880e-04 3.170e-03 -1.000 1.000e-03	4.312	5.062	5.007	4.381	4.011	3.684	3.267	2.930	2.896
0.01000  1.20e+10  0.9028176069   0.901  0.225  3.7640  4.176    0  0.000  0.463     0.00     0.00 -1   1.8e-13      0.00 7.000e-01 2.990e-01 1.100e-03 5.880e-04 3.170e-03 -1.000 1.000e-03	4.208	4.967	4.907	4.279	3.907	3.579	3.160	2.821	2.787
0.01000  1.20e+10  0.9094639421   0.908  0.264  3.7622  4.133    0  0.000  0.463     0.00     0.00 -1         0      0.00 7.000e-01 2.990e-01 1.100e-03 5.880e-04 3.170e-03 -1.000 1.000e-03	4.111	4.890	4.820	4.184	3.810	3.479	3.055	2.712	2.677
0.01000  1.20e+10  0.9108954072   0.909  0.272  3.7615  4.122    0  0.000  0.463     0.00     0.00 -1         0      0.00 7.000e-01 2.990e-01 1.100e-03 5.880e-04 3.170e-03 -1.000 1.000e-03	4.089	4.876	4.802	4.164	3.788	3.456	3.030	2.686	2.651
0.01000  1.20e+10  0.9185506701   0.917  0.318  3.7544  4.052    0  0.000  0.463     0.00     0.00 -1         0      0.00 7.000e-01 2.990e-01 1.100e-03 5.880e-04 3.170e-03 -1.000 1.000e-03	3.974	4.839	4.729	4.061	3.672	3.328	2.884	2.523	2.486
0.01000  1.20e+10  0.9238690734   0.922  0.346  3.7436  3.984    0  0.000  0.463     0.00     0.00 -1         0      0.00 7.000e-01 2.990e-01 1.100e-03 5.880e-04 3.170e-03 -1.000 1.000e-03	3.906	4.901	4.729	4.015	3.604	3.243	2.768	2.382	2.341
0.01000  1.20e+10  0.9269443154   0.925  0.357  3.7320  3.927    0  0.000  0.463     0.00     0.00 -1         0      0.00 7.000e-01 2.990e-01 1.100e-03 5.880e-04 3.170e-03 -1.000 1.000e-03	3.877	5.026	4.781	4.014	3.579	3.200	2.691	2.277	2.231
0.01000  1.20e+10  0.9290431142   0.927  0.368  3.7210  3.873    0  0.000  0.463     0.00     0.00 -1         0      0.00 7.000e-01 2.990e-01 1.100e-03 5.880e-04 3.170e-03 -1.000 1.000e-03	3.849	5.157	4.834	4.018	3.560	3.162	2.619	2.176	2.127
0.01000  1.20e+10  0.9309533238   0.929  0.395  3.7107  3.805    0  0.000  0.463     0.00     0.00 -1         0      0.00 7.000e-01 2.990e-01 1.100e-03 5.880e-04 3.170e-03 -1.000 1.000e-03	3.781	5.246	4.847	3.986	3.504	3.089	2.512	2.041	1.988
0.01000  1.20e+10  0.9323907495   0.931  0.434  3.7044  3.743    0  0.000  0.463     0.00     0.00 -1         0      0.00 7.000e-01 2.990e-01 1.100e-03 5.880e-04 3.170e-03 -1.000 1.000e-03	3.685	5.248	4.802	3.914	3.417	2.991	2.394	1.904	1.849
0.01000  1.20e+10  0.9325978756   0.931  0.441  3.7037  3.733    0  0.000  0.463     0.00     0.00 -1         0      0.00 7.000e-01 2.990e-01 1.100e-03 5.880e-04 3.170e-03 -1.000 1.000e-03	3.668	5.243	4.791	3.899	3.401	2.973	2.374	1.882	1.826
0.01000  1.20e+10  0.9333246350   0.931  0.469  3.7015  3.696    0  0.000  0.463     0.00     0.00 -1         0      0.00 7.000e-01 2.990e-01 1.100e-03 5.880e-04 3.170e-03 -1.000 1.000e-03	3.597	5.206	4.738	3.836	3.334	2.902	2.295	1.797	1.740
0.01000  1.20e+10  0.9343650341   0.933  0.516  3.6990  3.639    0  0.000  0.463     0.00     0.00 -1         0      0.00 7.000e-01 2.990e-01 1.100e-03 5.880e-04 3.170e-03 -1.000 1.000e-03	3.479	5.128	4.640	3.728	3.219	2.783	2.168	1.663	1.606
0.01000  1.20e+10  0.9352270365   0.933  0.561  3.6974  3.589    0  0.000  0.463     0.00     0.00 -1         0      0.00 7.000e-01 2.990e-01 1.100e-03 5.880e-04 3.170e-03 -1.000 1.000e-03	3.368	5.043	4.543	3.623	3.111	2.672	2.051	1.542	1.484
0.01000  1.20e+10  0.9359683394   0.934  0.603  3.6962  3.543    0  0.000  0.463     0.00     0.00 -1         0      0.00 7.000e-01 2.990e-01 1.100e-03 5.880e-04 3.170e-03 -1.000 1.000e-03	3.263	4.957	4.448	3.522	3.008	2.567	1.942	1.430	1.371
0.01000  1.20e+10  0.9366750121   0.935  0.645  3.6951  3.496    0  0.000  0.463     0.00     0.00 -1         0      0.00 7.000e-01 2.990e-01 1.100e-03 5.880e-04 3.170e-03 -1.000 1.000e-03	3.157	4.869	4.352	3.420	2.904	2.460	1.831	1.316	1.257
0.01000  1.20e+10  0.9373589158   0.935  0.690  3.6940  3.447    0  0.000  0.463     0.00     0.00 -1         0      0.00 7.000e-01 2.990e-01 1.100e-03 5.880e-04 3.170e-03 -1.000 1.000e-03	3.045	4.776	4.250	3.313	2.794	2.349	1.716	1.197	1.138
0.01000  1.20e+10  0.9379999638   0.936  0.736  3.6930  3.398    0  0.000  0.463     0.00     0.00 -1         0      0.00 7.000e-01 2.990e-01 1.100e-03 5.880e-04 3.170e-03 -1.000 1.000e-03	2.931	4.682	4.147	3.204	2.683	2.236	1.599	1.077	1.017
0.01000  1.20e+10  0.9385510087   0.937  0.778  3.6919  3.352    0  0.000  0.463     0.00     0.00 -1         0      0.00 7.000e-01 2.990e-01 1.100e-03 5.880e-04 3.170e-03 -1.000 1.000e-03	2.826	4.595	4.051	3.103	2.579	2.130	1.490	0.966	0.905
0.01000  1.20e+10  0.9390769601   0.937  0.821  3.6908  3.304    0  0.000  0.463     0.00     0.00 -1         0      0.00 7.000e-01 2.990e-01 1.100e-03 5.880e-04 3.170e-03 -1.000 1.000e-03	2.718	4.507	3.953	3.000	2.474	2.023	1.378	0.851	0.790
0.01000  1.20e+10  0.9395698309   0.937  0.865  3.6896  3.255    0  0.000  0.463     0.00     0.00 -1         0      0.00 7.000e-01 2.990e-01 1.100e-03 5.880e-04 3.170e-03 -1.000 1.000e-03	2.608	4.419	3.855	2.895	2.366	1.913	1.264	0.733	0.672
0.01000  1.20e+10  0.9399945736   0.938  0.906  3.6885  3.210    0  0.000  0.463     0.00     0.00 -1         0      0.00 7.000e-01 2.990e-01 1.100e-03 5.880e-04 3.170e-03 -1.000 1.000e-03	2.506	4.338	3.764	2.798	2.267	1.811	1.158	0.624	0.562
0.01000  1.20e+10  0.9404050708   0.938  0.948  3.6872  3.163    0  0.000  0.463     0.00     0.00 -1         0      0.00 7.000e-01 2.990e-01 1.100e-03 5.880e-04 3.170e-03 -1.000 1.000e-03	2.399	4.254	3.669	2.697	2.162	1.705	1.047	0.510	0.447
0.01000  1.20e+10  0.9407840371   0.938  0.991  3.6858  3.114    0  0.000  0.463     0.00     0.00 -1         0      0.00 7.000e-01 2.990e-01 1.100e-03 5.880e-04 3.170e-03 -1.000 1.000e-03	2.292	4.173	3.576	2.597	2.059	1.598	0.936	0.395	0.331
0.01000  1.20e+10  0.9411199093   0.939  1.032  3.6844  3.068    0  0.000  0.463     0.00     0.00 -1         0      0.00 7.000e-01 2.990e-01 1.100e-03 5.880e-04 3.170e-03 -1.000 1.000e-03	2.190	4.096	3.487	2.500	1.960	1.497	0.829	0.284	0.220
0.01000  1.20e+10  0.9413043261   0.939  1.056  3.6835  3.040    0  0.000  0.463     0.00     0.00 -1  4.42e-12      0.00 7.000e-01 2.990e-01 1.100e-03 5.880e-04 3.170e-03 -1.000 1.000e-03	2.129	4.050	3.434	2.443	1.900	1.435	0.765	0.217	0.152
0.01000  1.20e+10  0.9414327145   0.939  1.074  3.6829  3.020    0  0.000  0.463     0.00     0.00 -1   4.7e-12      0.00 7.000e-01 2.990e-01 1.100e-03 5.880e-04 3.170e-03 -1.000 1.000e-03	2.086	4.018	3.396	2.402	1.858	1.392	0.720	0.170	0.105
0.01000  1.20e+10  0.9417192340   0.939  1.115  3.6813  2.973    0  0.000  0.463     0.00     0.00 -1  5.46e-12      0.00 7.000e-01 2.990e-01 1.100e-03 5.880e-04 3.170e-03 -1.000 1.000e-03	1.982	3.944	3.308	2.306	1.758	1.289	0.611	0.057	-0.009
0.01000  1.20e+10  0.9419722557   0.939  1.155  3.6797  2.927    0  0.000  0.463     0.00     0.00 -1   6.3e-12      0.00 7.000e-01 2.990e-01 1.100e-03 5.880e-04 3.170e-03 -1.000 1.000e-03	1.883	3.875	3.226	2.216	1.664	1.192	0.508	-0.051	-0.118
0.01000  1.20e+10  0.9422066212   0.940  1.194  3.6781  2.882    0  0.000  0.463     0.00     0.00 -1  7.27e-12      0.00 7.000e-01 2.990e-01 1.100e-03 5.880e-04 3.170e-03 -1.000 1.000e-03	1.785	3.807	3.145	2.127	1.570	1.095	0.405	-0.158	-0.226
0.01000  1.20e+10  0.9424800277   0.940  1.244  3.6760  2.823    0  0.000  0.463     0.00     0.00 -1  8.71e-12      0.00 7.000e-01 2.990e-01 1.100e-03 5.880e-04 3.170e-03 -1.000 1.000e-03	1.660	3.723	3.042	2.013	1.451	0.972	0.273	-0.296	-0.365
0.01000  1.20e+10  0.9426773787   0.940  1.283  3.6742  2.776    0  0.000  0.463     0.00     0.00 -1  1.01e-11      0.00 7.000e-01 2.990e-01 1.100e-03 5.880e-04 3.170e-03 -1.000 1.000e-03	1.561	3.658	2.961	1.924	1.357	0.874	0.169	-0.405	-0.475
0.01000  1.20e+10  0.9429167509   0.940  1.335  3.6718  2.716    0  0.000  0.463     0.00     0.00 -1  1.22e-11      0.00 7.000e-01 2.990e-01 1.100e-03 5.880e-04 3.170e-03 -1.000 1.000e-03	1.433	3.574	2.857	1.807	1.235	0.748	0.034	-0.547	-0.619
0.01000  1.20e+10  0.9431250095   0.940  1.383  3.6695  2.658    0  0.000  0.463     0.00     0.00 -1  1.45e-11      0.00 7.000e-01 2.990e-01 1.100e-03 5.880e-04 3.170e-03 -1.000 1.000e-03	1.311	3.497	2.761	1.698	1.120	0.628	-0.095	-0.682	-0.756
0.01000  1.20e+10  0.9433246255   0.940  1.433  3.6670  2.598    0  0.000  0.463     0.00     0.00 -1  1.75e-11      0.00 7.000e-01 2.990e-01 1.100e-03 5.880e-04 3.170e-03 -1.000 1.000e-03	1.187	3.419	2.662	1.587	1.002	0.505	-0.227	-0.821	-0.897
0.01000  1.20e+10  0.9435088634   0.940  1.481  3.6646  2.540    0  0.000  0.463     0.00     0.00 -1  2.08e-11      0.00 7.000e-01 2.990e-01 1.100e-03 5.880e-04 3.170e-03 -1.000 1.000e-03	1.067	3.348	2.569	1.482	0.891	0.389	-0.353	-0.954	-1.032
0.01000  1.20e+10  0.9437096715   0.940  1.525  3.6623  2.487    0  0.000  0.463     0.00     0.00 -1  2.45e-11      0.00 7.000e-01 2.990e-01 1.100e-03 5.880e-04 3.170e-03 -1.000 1.000e-03	0.957	3.282	2.484	1.385	0.787	0.281	-0.470	-1.077	-1.157
0.01000  1.20e+10  0.9438447952   0.940  1.546  3.6613  2.463    0  0.000  0.463     0.00     0.00 -1  2.67e-11      0.00 7.000e-01 2.990e-01 1.100e-03 5.880e-04 3.170e-03 -1.000 1.000e-03	0.905	3.252	2.444	1.340	0.739	0.231	-0.523	-1.133	-1.214
0.01000  1.20e+10  0.9439388514   0.940  1.526  3.6627  2.488    0  0.000  0.463     0.00     0.00 -1  2.49e-11      0.00 7.000e-01 2.990e-01 1.100e-03 5.880e-04 3.170e-03 -1.000 1.000e-03	0.955	3.274	2.478	1.382	0.785	0.279	-0.470	-1.076	-1.155
0.01000  1.20e+10  0.9440546632   0.940  1.497  3.6647  2.525    0  0.000  0.463     0.00     0.00 -1  2.25e-11      0.00 7.000e-01 2.990e-01 1.100e-03 5.880e-04 3.170e-03 -1.000 1.000e-03	1.027	3.308	2.528	1.441	0.850	0.348	-0.393	-0.993	-1.071
0.01000  1.20e+10  0.9440873861   0.940  1.485  3.6655  2.540    0  0.000  0.463     0.00     0.00 -1  2.14e-11      0.00 7.000e-01 2.990e-01 1.100e-03 5.880e-04 3.170e-03 -1.000 9.999e-04	1.057	3.322	2.550	1.466	0.877	0.377	-0.361	-0.959	-1.036
0.01000  1.20e+10  0.9441200495   0.940  1.496  3.6649  2.526    0  0.000  0.463     0.00     0.00 -1  2.22e-11      0.00 7.000e-01 2.990e-01 1.100e-03 5.880e-04 3.170e-03 -1.000 1.000e-03	1.029	3.307	2.529	1.442	0.852	0.351	-0.390	-0.990	-1.067
0.01000  1.20e+10  0.9442640543   0.940  1.545  3.6622  2.467    0  0.000  0.463     0.00     0.00 -1  2.63e-11      0.00 7.000e-01 2.990e-01 1.100e-03 5.880e-04 3.170e-03 -1.000 1.000e-03	0.908	3.239	2.437	1.337	0.739	0.232	-0.519	-1.126	-1.206
0.01000  1.20e+10  0.9444015026   0.940  1.593  3.6595  2.408    0  0.000  0.463     0.00     0.00 -1  3.14e-11      0.00 7.000e-01 2.990e-01 1.100e-03 5.880e-04 3.170e-03 -1.000 1.000e-03	0.787	3.175	2.347	1.232	0.627	0.114	-0.647	-1.262	-1.344
0.01000  1.20e+10  0.9445263743   0.940  1.640  3.6568  2.350    0  0.000  0.463     0.00     0.00 -1  3.74e-11      0.00 7.000e-01 2.990e-01 1.100e-03 5.880e-04 3.170e-03 -1.000 9.999e-04	0.670	3.115	2.260	1.131	0.518	0.000	-0.772	-1.394	-1.479
0.01000  1.20e+10  0.9446417689   0.940  1.687  3.6541  2.293    0  0.000  0.463     0.00     0.00 -1  4.45e-11      0.00 7.000e-01 2.990e-01 1.100e-03 5.880e-04 3.170e-03 -1.000 1.000e-03	0.553	3.057	2.174	1.031	0.410	-0.114	-0.897	-1.526	-1.613
0.01000  1.20e+10  0.9447485209   0.940  1.734  3.6513  2.235    0  0.000  0.463     0.00     0.00 -1   5.3e-11      0.00 7.000e-01 2.990e-01 1.100e-03 5.880e-04 3.170e-03 -1.000 1.000e-03	0.436	3.005	2.093	0.934	0.304	-0.226	-1.020	-1.657	-1.748
0.01000  1.20e+10  0.9448446631   0.940  1.780  3.6485  2.177    0  0.000  0.463     0.00     0.00 -1   6.3e-11      0.00 7.000e-01 2.990e-01 1.100e-03 5.880e-04 3.170e-03 -1.000 1.000e-03	0.321	2.957	2.015	0.841	0.202	-0.336	-1.142	-1.787	-1.880
0.01000  1.20e+10  0.9449330568   0.939  1.825  3.6457  2.120    0  0.000  0.463     0.00     0.00 -1  7.48e-11      0.00 7.000e-01 2.990e-01 1.100e-03 5.880e-04 3.170e-03 -1.000 1.000e-03	0.206	2.911	1.937	0.748	0.099	-0.446	-1.263	-1.916	-2.012
0.01000  1.20e+10  0.9450143576   0.939  1.871  3.6428  2.063    0  0.000  0.463     0.00     0.00 -1  8.88e-11      0.00 7.000e-01 2.990e-01 1.100e-03 5.880e-04 3.170e-03 -1.000 1.000e-03	0.092	2.865	1.859	0.654	-0.004	-0.556	-1.385	-2.046	-2.145
0.01000  1.20e+10  0.9450884461   0.939  1.917  3.6399  2.006    0  0.000  0.463     0.00     0.00 -1  1.05e-10      0.00 7.000e-01 2.990e-01 1.100e-03 5.880e-04 3.170e-03 -1.000 1.000e-03	-0.021	2.823	1.785	0.563	-0.105	-0.663	-1.505	-2.174	-2.276
0.01000  1.20e+10  0.9451558590   0.939  1.961  3.6371  1.950    0  0.000  0.463     0.00     0.00 -1  1.24e-10      0.00 7.000e-01 2.990e-01 1.100e-03 5.880e-04 3.170e-03 -1.000 1.000e-03	-0.133	2.791	1.715	0.476	-0.202	-0.769	-1.623	-2.299	-2.405
0.01000  1.20e+10  0.9452177882   0.938  2.006  3.6341  1.893    0  0.000  0.463     0.00     0.00 -1  1.47e-10      0.00 7.000e-01 2.990e-01 1.100e-03 5.880e-04 3.170e-03 -1.000 1.000e-03	-0.244	2.765	1.648	0.391	-0.299	-0.874	-1.742	-2.426	-2.535
0.01000  1.20e+10  0.9452748895   0.938  2.050  3.6311  1.836    0  0.000  0.463     0.00     0.00 -1  1.74e-10      0.00 7.000e-01 2.990e-01 1.100e-03 5.880e-04 3.170e-03 -1.000 1.000e-03	-0.355	2.740	1.581	0.305	-0.396	-0.980	-1.860	-2.552	-2.666
0.01000  1.20e+10  0.9453254342   0.938  2.093  3.6281  1.781    0  0.000  0.463     0.00     0.00 -1  2.05e-10      0.00 7.000e-01 2.990e-01 1.100e-03 5.880e-04 3.170e-03 -1.000 1.000e-03	-0.463	2.718	1.518	0.223	-0.489	-1.081	-1.975	-2.674	-2.791
0.01000  1.20e+10  0.9453728795   0.937  2.137  3.6251  1.725    0  0.000  0.463     0.00     0.00 -1  2.42e-10      0.00 7.000e-01 2.990e-01 1.100e-03 5.880e-04 3.170e-03 -1.000 1.000e-03	-0.572	2.698	1.455	0.142	-0.582	-1.184	-2.091	-2.798	-2.920
0.01000  1.20e+10  0.9454160929   0.937  2.180  3.6221  1.670    0  0.000  0.463     0.00     0.00 -1  2.84e-10      0.00 7.000e-01 2.990e-01 1.100e-03 5.880e-04 3.170e-03 -1.000 1.000e-03	-0.679	2.681	1.396	0.063	-0.672	-1.284	-2.205	-2.920	-3.046
0.01000  1.20e+10  0.9454557896   0.936  2.222  3.6190  1.615    0  0.000  0.463     0.00     0.00 -1  3.34e-10      0.00 7.000e-01 2.990e-01 1.100e-03 5.880e-04 3.170e-03 -1.000 1.000e-03	-0.786	2.669	1.339	-0.013	-0.761	-1.384	-2.318	-3.042	-3.172
0.01000  1.20e+10  0.9454928041   0.936  2.265  3.6160  1.560    0  0.000  0.463     0.00     0.00 -1  3.94e-10      0.00 7.000e-01 2.990e-01 1.100e-03 5.880e-04 3.170e-03 -1.000 1.000e-03	-0.893	2.657	1.282	-0.089	-0.850	-1.484	-2.432	-3.164	-3.299
0.01000  1.20e+10  0.9455258250   0.935  2.307  3.6130  1.506    0  0.000  0.463     0.00     0.00 -1  4.61e-10      0.00 7.000e-01 2.990e-01 1.100e-03 5.880e-04 3.170e-03 -1.000 1.000e-03	-0.997	2.649	1.228	-0.163	-0.936	-1.580	-2.541	-3.282	-3.421
0.01000  1.20e+10  0.9455568790   0.934  2.349  3.6098  1.451    0  0.000  0.463     0.00     0.00 -1  5.41e-10      0.00 7.000e-01 2.990e-01 1.100e-03 5.880e-04 3.170e-03 -1.000 1.000e-03	-1.102	2.647	1.179	-0.232	-1.018	-1.676	-2.653	-3.402	-3.546
0.01000  1.20e+10  0.9455851912   0.934  2.390  3.6068  1.398    0  0.000  0.463     0.00     0.00 -1  6.33e-10      0.00 7.000e-01 2.990e-01 1.100e-03 5.880e-04 3.170e-03 -1.000 1.000e-03	-1.205	2.645	1.131	-0.299	-1.099	-1.771	-2.762	-3.521	-3.668
0.01000  1.20e+10  0.9456110001   0.933  2.430  3.6037  1.345    0  0.000  0.463     0.00     0.00 -1  7.38e-10      0.00 7.000e-01 2.990e-01 1.100e-03 5.880e-04 3.170e-03 -1.000 1.000e-03	-1.305	2.648	1.087	-0.363	-1.177	-1.864	-2.870	-3.637	-3.789
0.01000  1.20e+10  0.9456351995   0.932  2.471  3.6005  1.291    0  0.000  0.463     0.00     0.00 -1  8.63e-10      0.00 7.000e-01 2.990e-01 1.100e-03 5.880e-04 3.170e-03 -1.000 1.000e-03	-1.407	2.653	1.043	-0.427	-1.255	-1.956	-2.978	-3.754	-3.912
0.01000  1.20e+10  0.9456573725   0.931  2.511  3.5975  1.238    0  0.000  0.463     0.00     0.00 -1  1.01e-09      0.00 7.000e-01 2.990e-01 1.100e-03 5.880e-04 3.170e-03 -1.000 1.000e-03	-1.508	2.656	1.000	-0.490	-1.331	-2.048	-3.085	-3.870	-4.032
0.01000  1.20e+10  0.9456772804   0.930  2.550  3.5943  1.186    0  0.000  0.463     0.00     0.00 -1  1.17e-09      0.00 7.000e-01 2.990e-01 1.100e-03 5.880e-04 3.170e-03 -1.000 1.000e-03	-1.604	2.660	0.965	-0.542	-1.398	-2.135	-3.189	-3.982	-4.149
0.01000  1.20e+10  0.9456963539   0.929  2.590  3.5911  1.133    0  0.000  0.463     0.00     0.00 -1  1.36e-09      0.00 7.000e-01 2.990e-01 1.100e-03 5.880e-04 3.170e-03 -1.000 1.000e-03	-1.704	2.665	0.929	-0.595	-1.466	-2.225	-3.295	-4.098	-4.270
0.01000  1.20e+10  0.9457135201   0.928  2.628  3.5879  1.081    0  0.000  0.463     0.00     0.00 -1  1.58e-09      0.00 7.000e-01 2.990e-01 1.100e-03 5.880e-04 3.170e-03 -1.000 1.000e-03	-1.799	2.671	0.896	-0.646	-1.531	-2.310	-3.397	-4.209	-4.386
0.01000  1.20e+10  0.9457291365   0.927  2.665  3.5847  1.031    0  0.000  0.463     0.00     0.00 -1  1.83e-09      0.00 7.000e-01 2.990e-01 1.100e-03 5.880e-04 3.170e-03 -1.000 1.000e-03	-1.893	2.681	0.866	-0.694	-1.595	-2.393	-3.497	-4.319	-4.500
0.01000  1.20e+10  0.9457442760   0.925  2.703  3.5814  0.979    0  0.000  0.463     0.00     0.00 -1  2.12e-09      0.00 7.000e-01 2.990e-01 1.100e-03 5.880e-04 3.170e-03 -1.000 1.000e-03	-1.989	2.689	0.841	-0.733	-1.650	-2.478	-3.601	-4.431	-4.617
0.01000  1.20e+10  0.9457578659   0.924  2.740  3.5782  0.929    0  0.000  0.463     0.00     0.00 -1  2.44e-09      0.00 7.000e-01 2.990e-01 1.100e-03 5.880e-04 3.170e-03 -1.000 1.000e-03	-2.080	2.699	0.823	-0.765	-1.700	-2.558	-3.700	-4.538	-4.729
0.01000  1.20e+10  0.9457733631   0.922  2.784  3.5742  0.868    0  0.000  0.463     0.00     0.00 -1   2.9e-09      0.00 7.000e-01 2.990e-01 1.100e-03 5.880e-04 3.170e-03 -1.000 1.000e-03	-2.190	2.715	0.804	-0.801	-1.758	-2.653	-3.819	-4.668	-4.866
0.01000  1.20e+10  0.9457876682   0.920  2.828  3.5701  0.806    0  0.000  0.463     0.00     0.00 -1  3.45e-09      0.00 7.000e-01 2.990e-01 1.100e-03 5.880e-04 3.170e-03 -1.000 1.000e-03	-2.300	2.735	0.789	-0.835	-1.815	-2.748	-3.939	-4.798	-5.002
0.01000  1.20e+10  0.9458010197   0.918  2.872  3.5659  0.745    0  0.000  0.463     0.00     0.00 -1   4.1e-09      0.00 7.000e-01 2.990e-01 1.100e-03 5.880e-04 3.170e-03 -1.000 1.000e-03	-2.409	2.744	0.788	-0.843	-1.850	-2.838	-4.059	-4.928	-5.139
0.01000  1.20e+10  0.9458131194   0.915  2.914  3.5618  0.685    0  0.000  0.463     0.00     0.00 -1  4.85e-09      0.00 7.000e-01 2.990e-01 1.100e-03 5.880e-04 3.170e-03 -1.000 1.000e-03	-2.515	2.755	0.790	-0.848	-1.883	-2.925	-4.177	-5.055	-5.272
0.01000  1.20e+10  0.9458241463   0.913  2.956  3.5577  0.625    0  0.000  0.463     0.00     0.00 -1  5.72e-09      0.00 7.000e-01 2.990e-01 1.100e-03 5.880e-04 3.170e-03 -1.000 1.000e-03	-2.619	2.768	0.795	-0.850	-1.913	-3.010	-4.291	-5.178	-5.402
0.01000  1.20e+10  0.9458343983   0.910  2.996  3.5535  0.567    0  0.000  0.463     0.00     0.00 -1  6.73e-09      0.00 7.000e-01 2.990e-01 1.100e-03 5.880e-04 3.170e-03 -1.000 1.000e-03	-2.721	2.776	0.816	-0.828	-1.926	-3.086	-4.404	-5.300	-5.530
0.01000  1.20e+10  0.9458438754   0.907  3.036  3.5494  0.509    0  0.000  0.463     0.00     0.00 -1   7.9e-09      0.00 7.000e-01 2.990e-01 1.100e-03 5.880e-04 3.170e-03 -1.000 1.000e-03	-2.820	2.782	0.849	-0.788	-1.925	-3.156	-4.516	-5.420	-5.656
0.01000  1.20e+10  0.9458527565   0.903  3.076  3.5451  0.451    0  0.000  0.463     0.00     0.00 -1  9.27e-09      0.00 7.000e-01 2.990e-01 1.100e-03 5.880e-04 3.170e-03 -1.000 1.000e-03	-2.919	2.792	0.891	-0.739	-1.918	-3.224	-4.627	-5.538	-5.782
0.01000  1.20e+10  0.9458608031   0.900  3.114  3.5409  0.394    0  0.000  0.463     0.00     0.00 -1  1.08e-08      0.00 7.000e-01 2.990e-01 1.100e-03 5.880e-04 3.170e-03 -1.000 1.000e-03	-3.014	2.802	0.944	-0.676	-1.902	-3.285	-4.736	-5.654	-5.904
0.01000  1.20e+10  0.9458684325   0.896  3.152  3.5366  0.337    0  0.000  0.463     0.00     0.00 -1  1.26e-08      0.00 7.000e-01 2.990e-01 1.100e-03 5.880e-04 3.170e-03 -1.000 1.000e-03	-3.109	2.809	1.022	-0.578	-1.865	-3.329	-4.846	-5.769	-6.026
0.01000  1.20e+10  0.9458753467   0.891  3.188  3.5324  0.282    0  0.000  0.463     0.00     0.00 -1  1.47e-08      0.00 7.000e-01 2.990e-01 1.100e-03 5.880e-04 3.170e-03 -1.000 1.000e-03	-3.199	2.818	1.102	-0.478	-1.825	-3.370	-4.951	-5.879	-6.143
0.01000  1.20e+10  0.9458819032   0.887  3.224  3.5281  0.226    0  0.000  0.463     0.00     0.00 -1  1.71e-08      0.00 7.000e-01 2.990e-01 1.100e-03 5.880e-04 3.170e-03 -1.000 1.000e-03	-3.290	2.829	1.187	-0.371	-1.780	-3.409	-5.055	-5.989	-6.261
0.01000  1.20e+10  0.9458881617   0.881  3.260  3.5237  0.170    0  0.000  0.463     0.00     0.00 -1  1.98e-08      0.00 7.000e-01 2.990e-01 1.100e-03 5.880e-04 3.170e-03 -1.000 1.000e-03	-3.380	2.836	1.305	-0.218	-1.710	-3.417	-5.160	-6.097	-6.378
0.01000  1.20e+10  0.9458938241   0.876  3.294  3.5196  0.117    0  0.000  0.463     0.00     0.00 -1  2.29e-08      0.00 7.000e-01 2.990e-01 1.100e-03 5.880e-04 3.170e-03 -1.000 1.000e-03	-3.464	2.844	1.423	-0.066	-1.639	-3.421	-5.259	-6.199	-6.487
0.01000  1.20e+10  0.9458992481   0.870  3.328  3.5153  0.063    0  0.000  0.463     0.00     0.00 -1  2.64e-08      0.00 7.000e-01 2.990e-01 1.100e-03 5.880e-04 3.170e-03 -1.000 1.000e-03	-3.550	2.854	1.548	0.095	-1.563	-3.423	-5.358	-6.303	-6.599
0.01000  1.20e+10  0.9459044337   0.863  3.361  3.5113  0.010    0  0.000  0.463     0.00     0.00 -1  3.04e-08      0.00 7.000e-01 2.990e-01 1.100e-03 5.880e-04 3.170e-03 -1.000 1.000e-03	-3.632	2.860	1.673	0.261	-1.485	-3.409	-5.454	-6.402	-6.705
0.01000  1.20e+10  0.9459103346   0.855  1.682  3.6792  2.356    4  0.000  0.463     0.00     0.00 -1         0      0.00 7.000e-01 2.990e-01 1.100e-03 5.880e-04 3.170e-03 -1.000 1.000e-03	0.564	2.636	1.930	0.892	0.340	-0.132	-0.818	-1.371	-1.439
0.01000  1.20e+10  0.9459764361   0.855  1.691  3.6786  2.346    4  0.000  0.463     0.00     0.00 -1         0      0.00 7.000e-01 2.990e-01 1.100e-03 5.880e-04 3.170e-03 -1.000 1.000e-03	0.544	2.626	1.916	0.874	0.320	-0.152	-0.840	-1.395	-1.463
0.01000  1.20e+10  0.9460428953   0.855  1.694  3.6784  2.341    4  0.000  0.463     0.00     0.00 -1         0      0.00 7.000e-01 2.990e-01 1.100e-03 5.880e-04 3.170e-03 -1.000 1.000e-03	0.534	2.621	1.908	0.866	0.312	-0.161	-0.850	-1.406	-1.474
0.01000  1.20e+10  0.9461098909   0.855  1.695  3.6786  2.342    4  0.000  0.463     0.00     0.00 -1         0      0.00 7.000e-01 2.990e-01 1.100e-03 5.880e-04 3.170e-03 -1.000 1.000e-03	0.533	2.617	1.905	0.864	0.310	-0.162	-0.851	-1.406	-1.473
0.01000  1.20e+10  0.9461777210   0.855  1.693  3.6790  2.345    4  0.000  0.463     0.00     0.00 -1         0      0.00 7.000e-01 2.990e-01 1.100e-03 5.880e-04 3.170e-03 -1.000 1.000e-03	0.537	2.613	1.905	0.865	0.312	-0.159	-0.846	-1.399	-1.467
0.01000  1.20e+10  0.9462473989   0.855  1.691  3.6796  2.350    4  0.000  0.463     0.00     0.00 -1         0      0.00 7.000e-01 2.990e-01 1.100e-03 5.880e-04 3.170e-03 -1.000 1.000e-03	0.543	2.610	1.906	0.868	0.317	-0.153	-0.838	-1.390	-1.457
0.01000  1.20e+10  0.9463160634   0.855  1.688  3.6802  2.355    4  0.000  0.463     0.00     0.00 -1         0      0.00 7.000e-01 2.990e-01 1.100e-03 5.880e-04 3.170e-03 -1.000 1.000e-03	0.550	2.606	1.907	0.872	0.323	-0.147	-0.829	-1.380	-1.446
0.01000  1.20e+10  0.9463849664   0.855  1.685  3.6808  2.360    4  0.000  0.463     0.00     0.00 -1         0      0.00 7.000e-01 2.990e-01 1.100e-03 5.880e-04 3.170e-03 -1.000 1.000e-03	0.557	2.603	1.908	0.876	0.328	-0.140	-0.821	-1.369	-1.435
0.01000  1.20e+10  0.9464545846   0.855  1.682  3.6813  2.365    4  0.000  0.463     0.00     0.00 -1         0      0.00 7.000e-01 2.990e-01 1.100e-03 5.880e-04 3.170e-03 -1.000 1.000e-03	0.564	2.599	1.909	0.879	0.333	-0.134	-0.812	-1.359	-1.425
0.01000  1.20e+10  0.9465212226   0.855  1.680  3.6819  2.370    4  0.000  0.463     0.00     0.00 -1         0      0.00 7.000e-01 2.990e-01 1.100e-03 5.880e-04 3.170e-03 -1.000 1.000e-03	0.570	2.595	1.909	0.882	0.337	-0.128	-0.805	-1.350	-1.415
0.01000  1.20e+10  0.9465946555   0.856  1.678  3.6824  2.374    4  0.000  0.463     0.00     0.00 -1         0      0.00 7.000e-01 2.990e-01 1.100e-03 5.880e-04 3.170e-03 -1.000 1.000e-03	0.575	2.592	1.910	0.885	0.342	-0.123	-0.798	-1.341	-1.407
0.01000  1.20e+10  0.9466610551   0.856  1.676  3.6828  2.377    4  0.000  0.463     0.00     0.00 -1         0      0.00 7.000e-01 2.990e-01 1.100e-03 5.880e-04 3.170e-03 -1.000 1.000e-03	0.580	2.589	1.910	0.888	0.345	-0.119	-0.792	-1.335	-1.400
0.01000  1.20e+10  0.9467339516   0.856  1.674  3.6832  2.381    4  0.000  0.463     0.00     0.00 -1         0      0.00 7.000e-01 2.990e-01 1.100e-03 5.880e-04 3.170e-03 -1.000 1.000e-03	0.584	2.586	1.910	0.890	0.348	-0.115	-0.786	-1.328	-1.393
0.01000  1.20e+10  0.9468034506   0.856  1.673  3.6835  2.383    4  0.000  0.463     0.00     0.00 -1         0      0.00 7.000e-01 2.990e-01 1.100e-03 5.880e-04 3.170e-03 -1.000 1.000e-03	0.587	2.583	1.910	0.892	0.351	-0.112	-0.782	-1.322	-1.387
0.01000  1.20e+10  0.9468503594   0.856  1.672  3.6838  2.385    4  0.000  0.463     0.00     0.00 -1         0      0.00 7.000e-01 2.990e-01 1.100e-03 5.880e-04 3.170e-03 -1.000 1.000e-03	0.589	2.581	1.910	0.893	0.353	-0.110	-0.779	-1.319	-1.383
0.01000  1.20e+10  0.9468727112   0.856  1.672  3.6838  2.386    4  0.000  0.463     0.00     0.00 -1         0      0.00 7.000e-01 2.990e-01 1.100e-03 5.880e-04 3.170e-03 -1.000 1.000e-03	0.590	2.580	1.910	0.893	0.353	-0.109	-0.778	-1.318	-1.382
0.01000  1.20e+10  0.9469419122   0.856  1.671  3.6841  2.388    4  0.000  0.463     0.00     0.00 -1         0      0.00 7.000e-01 2.990e-01 1.100e-03 5.880e-04 3.170e-03 -1.000 1.000e-03	0.592	2.577	1.910	0.894	0.355	-0.107	-0.775	-1.314	-1.378
0.01000  1.20e+10  0.9470090866   0.856  1.671  3.6843  2.389    4  0.000  0.463     0.00     0.00 -1         0      0.00 7.000e-01 2.990e-01 1.100e-03 5.880e-04 3.170e-03 -1.000 1.000e-03	0.593	2.575	1.909	0.895	0.356	-0.106	-0.773	-1.311	-1.375
0.01000  1.20e+10  0.9470734596   0.856  1.670  3.6845  2.390    4  0.000  0.463     0.00     0.00 -1         0      0.00 7.000e-01 2.990e-01 1.100e-03 5.880e-04 3.170e-03 -1.000 1.000e-03	0.594	2.573	1.908	0.895	0.356	-0.105	-0.772	-1.310	-1.374
0.01000  1.20e+10  0.9471427202   0.856  1.670  3.6846  2.391    4  0.000  0.463     0.00     0.00 -1         0      0.00 7.000e-01 2.990e-01 1.100e-03 5.880e-04 3.170e-03 -1.000 1.000e-03	0.594	2.570	1.907	0.894	0.356	-0.105	-0.772	-1.309	-1.373
0.01000  1.20e+10  0.9472082257   0.856  1.671  3.6846  2.390    4  0.000  0.463     0.00     0.00 -1         0      0.00 7.000e-01 2.990e-01 1.100e-03 5.880e-04 3.170e-03 -1.000 1.000e-03	0.593	2.568	1.905	0.892	0.354	-0.107	-0.773	-1.310	-1.374
0.01000  1.20e+10  0.9472753406   0.856  1.672  3.6846  2.389    4  0.000  0.463     0.00     0.00 -1         0      0.00 7.000e-01 2.990e-01 1.100e-03 5.880e-04 3.170e-03 -1.000 1.000e-03	0.591	2.567	1.903	0.890	0.352	-0.109	-0.775	-1.312	-1.376
0.01000  1.20e+10  0.9473412037   0.856  1.673  3.6846  2.388    4  0.000  0.463     0.00     0.00 -1         0      0.00 7.000e-01 2.990e-01 1.100e-03 5.880e-04 3.170e-03 -1.000 1.000e-03	0.587	2.565	1.901	0.887	0.349	-0.112	-0.779	-1.316	-1.380
0.01000  1.20e+10  0.9473458529   0.856  1.673  3.6846  2.388    4  0.000  0.463     0.00     0.00 -1         0      0.00 7.000e-01 2.990e-01 1.100e-03 5.880e-04 3.170e-03 -1.000 1.000e-03	0.587	2.565	1.901	0.887	0.349	-0.112	-0.779	-1.316	-1.380
0.01000  1.20e+10  0.9473773837   0.856  1.674  3.6845  2.387    4  0.000  0.463     0.00     0.00 -1         0      0.00 7.000e-01 2.990e-01 1.100e-03 5.880e-04 3.170e-03 -1.000 1.000e-03	0.585	2.564	1.899	0.885	0.347	-0.115	-0.781	-1.319	-1.383
0.01000  1.20e+10  0.9474456906   0.856  1.676  3.6843  2.384    4  0.000  0.463     0.00     0.00 -1         0      0.00 7.000e-01 2.990e-01 1.100e-03 5.880e-04 3.170e-03 -1.000 1.000e-03	0.580	2.562	1.896	0.881	0.342	-0.120	-0.787	-1.325	-1.390
0.01000  1.20e+10  0.9475108981   0.857  1.679  3.6840  2.380    4  0.000  0.463     0.00     0.00 -1         0      0.00 7.000e-01 2.990e-01 1.100e-03 5.880e-04 3.170e-03 -1.000 1.000e-03	0.573	2.560	1.892	0.875	0.336	-0.126	-0.795	-1.334	-1.398
0.01000  1.20e+10  0.9475786090   0.857  1.682  3.6837  2.375    4  0.000  0.463     0.00     0.00 -1         0      0.00 7.000e-01 2.990e-01 1.100e-03 5.880e-04 3.170e-03 -1.000 9.999e-04	0.564	2.559	1.886	0.868	0.328	-0.135	-0.805	-1.344	-1.409
0.01000  1.20e+10  0.9476460218   0.857  1.686  3.6832  2.369    4  0.000  0.463     0.00     0.00 -1         0      0.00 7.000e-01 2.990e-01 1.100e-03 5.880e-04 3.170e-03 -1.000 1.000e-03	0.554	2.557	1.881	0.860	0.318	-0.145	-0.816	-1.357	-1.422
0.01000  1.20e+10  0.9477111697   0.857  1.691  3.6828  2.363    4  0.000  0.463     0.00     0.00 -1         0      0.00 7.000e-01 2.990e-01 1.100e-03 5.880e-04 3.170e-03 -1.000 1.000e-03	0.543	2.554	1.874	0.851	0.308	-0.156	-0.829	-1.372	-1.437
0.01000  1.20e+10  0.9477754831   0.857  1.697  3.6821  2.355    4  0.000  0.463     0.00     0.00 -1         0      0.00 7.000e-01 2.990e-01 1.100e-03 5.880e-04 3.170e-03 -1.000 1.000e-03	0.529	2.552	1.866	0.839	0.295	-0.170	-0.845	-1.390	-1.455
0.01000  1.20e+10  0.9478400350   0.857  1.705  3.6813  2.344    4  0.000  0.463     0.00     0.00 -1         0      0.00 7.000e-01 2.990e-01 1.100e-03 5.880e-04 3.170e-03 -1.000 1.000e-03	0.509	2.548	1.855	0.824	0.278	-0.190	-0.868	-1.415	-1.481
0.01000  1.20e+10  0.9479053020   0.857  1.714  3.6803  2.331    4  0.000  0.463     0.00     0.00 -1         0      0.00 7.000e-01 2.990e-01 1.100e-03 5.880e-04 3.170e-03 -1.000 1.000e-03	0.486	2.543	1.842	0.807	0.258	-0.211	-0.894	-1.443	-1.510
0.01000  1.20e+10  0.9479692578   0.857  1.721  3.6795  2.320    4  0.000  0.463     0.00     0.00 -1         0      0.00 7.000e-01 2.990e-01 1.100e-03 5.880e-04 3.170e-03 -1.000 1.000e-03	0.467	2.539	1.831	0.792	0.241	-0.230	-0.915	-1.467	-1.534
0.01000  1.20e+10  0.9480354190   0.857  1.736  3.6780  2.299    4  0.000  0.463     0.00     0.00 -1         0      0.00 7.000e-01 2.990e-01 1.100e-03 5.880e-04 3.170e-03 -1.000 1.000e-03	0.431	2.531	1.810	0.764	0.209	-0.265	-0.955	-1.511	-1.580
0.01000  1.20e+10  0.9481002092   0.857  1.765  3.6751  2.259    4  0.000  0.463     0.00     0.00 -1         0      0.00 7.000e-01 2.990e-01 1.100e-03 5.880e-04 3.170e-03 -1.000 1.000e-03	0.358	2.515	1.769	0.708	0.145	-0.335	-1.037	-1.601	-1.672
0.01000  1.20e+10  0.9481430054   0.857  1.801  3.6714  2.208    4  0.000  0.463     0.00     0.00 -1         0      0.00 7.000e-01 2.990e-01 1.100e-03 5.880e-04 3.170e-03 -1.000 1.000e-03	0.268	2.495	1.717	0.637	0.065	-0.422	-1.138	-1.713	-1.786
0.01000  1.20e+10  0.9481651187   0.857  1.839  3.6676  2.155    4  0.000  0.463     0.00     0.00 -1         0      0.00 7.000e-01 2.990e-01 1.100e-03 5.880e-04 3.170e-03 -1.000 1.000e-03	0.172	2.473	1.661	0.562	-0.021	-0.515	-1.245	-1.831	-1.907
0.01000  1.20e+10  0.9481761456   0.857  1.876  3.6640  2.103    4  0.000  0.463     0.00     0.00 -1         0      0.00 7.000e-01 2.990e-01 1.100e-03 5.880e-04 3.170e-03 -1.000 1.000e-03	0.080	2.454	1.610	0.492	-0.101	-0.603	-1.347	-1.943	-2.023
0.01000  1.20e+10  0.9481820464   0.857  1.913  3.6603  2.051    4  0.000  0.463     0.00     0.00 -1         0      0.00 7.000e-01 2.990e-01 1.100e-03 5.880e-04 3.170e-03 -1.000 1.000e-03	-0.013	2.435	1.558	0.422	-0.181	-0.691	-1.450	-2.056	-2.139
0.01000  1.20e+10  0.9481851459   0.857  1.949  3.6568  2.001    4  0.000  0.463     0.00     0.00 -1         0      0.00 7.000e-01 2.990e-01 1.100e-03 5.880e-04 3.170e-03 -1.000 1.000e-03	-0.103	2.417	1.507	0.352	-0.260	-0.777	-1.550	-2.166	-2.252
0.01000  1.20e+10  0.9481871128   0.857  1.986  3.6533  1.950    4  0.000  0.463     0.00     0.00 -1         0      0.00 7.000e-01 2.990e-01 1.100e-03 5.880e-04 3.170e-03 -1.000 1.000e-03	-0.196	2.403	1.456	0.282	-0.341	-0.866	-1.653	-2.278	-2.368
0.01000  1.20e+10  0.9481884241   0.857  2.021  3.6501  1.903    4  0.000  0.463     0.00     0.00 -1         0      0.00 7.000e-01 2.990e-01 1.100e-03 5.880e-04 3.170e-03 -1.000 1.000e-03	-0.281	2.396	1.413	0.222	-0.412	-0.945	-1.746	-2.380	-2.473
0.01000  1.20e+10  0.9481888413   0.857  2.033  3.6489  1.885    4  0.000  0.463     0.00     0.00 -1         0      0.00 7.000e-01 2.990e-01 1.100e-03 5.880e-04 3.170e-03 -1.000 1.000e-03	-0.314	2.393	1.396	0.199	-0.440	-0.975	-1.781	-2.419	-2.513
0.01000  1.20e+10  0.9481892586   0.857  2.049  3.6475  1.864    4  0.000  0.463     0.00     0.00 -1         0      0.00 7.000e-01 2.990e-01 1.100e-03 5.880e-04 3.170e-03 -1.000 1.000e-03	-0.352	2.390	1.377	0.171	-0.472	-1.011	-1.823	-2.464	-2.560
0.01000  1.20e+10  0.9481902122   0.857  2.086  3.6441  1.813    4  0.000  0.463     0.00     0.00 -1         0      0.00 7.000e-01 2.990e-01 1.100e-03 5.880e-04 3.170e-03 -1.000 1.000e-03	-0.446	2.381	1.328	0.104	-0.551	-1.099	-1.925	-2.576	-2.676
0.01000  1.20e+10  0.9481911659   0.857  2.122  3.6408  1.764    4  0.000  0.463     0.00     0.00 -1         0      0.00 7.000e-01 2.990e-01 1.100e-03 5.880e-04 3.170e-03 -1.000 1.000e-03	-0.536	2.375	1.282	0.039	-0.627	-1.183	-2.023	-2.683	-2.786
0.01000  1.20e+10  0.9481921792   0.857  2.147  3.6386  1.730    4  0.000  0.463     0.00     0.00 -1         0      0.00 7.000e-01 2.990e-01 1.100e-03 5.880e-04 3.170e-03 -1.000 1.000e-03	-0.598	2.373	1.251	-0.005	-0.679	-1.241	-2.091	-2.757	-2.863
0.01000  1.20e+10  0.9481931329   0.857  2.165  3.6370  1.706    4  0.000  0.463     0.00     0.00 -1         0      0.00 7.000e-01 2.990e-01 1.100e-03 5.880e-04 3.170e-03 -1.000 1.000e-03	-0.643	2.372	1.230	-0.035	-0.716	-1.282	-2.139	-2.809	-2.917
0.01000  1.20e+10  0.9481959939   0.857  2.182  3.6356  1.684    4  0.000  0.463     0.00     0.00 -1         0      0.00 7.000e-01 2.990e-01 1.100e-03 5.880e-04 3.170e-03 -1.000 1.000e-03	-0.684	2.370	1.209	-0.065	-0.750	-1.321	-2.183	-2.857	-2.967
0.01000  1.20e+10  0.9481975436   0.857  2.167  3.6369  1.704    4  0.000  0.463     0.00     0.00 -1         0      0.00 7.000e-01 2.990e-01 1.100e-03 5.880e-04 3.170e-03 -1.000 1.000e-03	-0.648	2.370	1.226	-0.040	-0.720	-1.287	-2.144	-2.814	-2.922
0.01000  1.20e+10  0.9482013583   0.857  2.129  3.6403  1.755    4  0.000  0.463     0.00     0.00 -1         0      0.00 7.000e-01 2.990e-01 1.100e-03 5.880e-04 3.170e-03 -1.000 1.000e-03	-0.553	2.371	1.271	0.025	-0.642	-1.199	-2.042	-2.703	-2.806
0.01000  1.20e+10  0.9482095242   0.857  2.116  3.6415  1.773    4  0.000  0.463     0.00     0.00 -1         0      0.00 7.000e-01 2.990e-01 1.100e-03 5.880e-04 3.170e-03 -1.000 1.000e-03	-0.520	2.373	1.288	0.049	-0.615	-1.169	-2.006	-2.664	-2.766
0.01000  1.20e+10  0.9482515454   0.857  2.121  3.6409  1.766    4  0.000  0.463     0.00     0.00 -1         0      0.00 7.000e-01 2.990e-01 1.100e-03 5.880e-04 3.170e-03 -1.000 1.000e-03	-0.531	2.376	1.285	0.042	-0.623	-1.179	-2.018	-2.678	-2.781
0.01000  1.20e+10  0.9482824206   0.857  2.162  3.6370  1.709    4  0.000  0.463     0.00     0.00 -1         0      0.00 7.000e-01 2.990e-01 1.100e-03 5.880e-04 3.170e-03 -1.000 9.999e-04	-0.635	2.377	1.236	-0.029	-0.709	-1.275	-2.131	-2.801	-2.909
0.01000  1.20e+10  0.9483094215   0.857  2.206  3.6330  1.649    4  0.000  0.463     0.00     0.00 -1         0      0.00 7.000e-01 2.990e-01 1.100e-03 5.880e-04 3.170e-03 -1.000 1.000e-03	-0.746	2.377	1.184	-0.105	-0.800	-1.378	-2.252	-2.932	-3.045
0.01000  1.20e+10  0.9483330846   0.857  2.249  3.6292  1.591    4  0.000  0.463     0.00     0.00 -1         0      0.00 7.000e-01 2.990e-01 1.100e-03 5.880e-04 3.170e-03 -1.000 1.000e-03	-0.853	2.379	1.134	-0.179	-0.888	-1.477	-2.368	-3.058	-3.176
0.01000  1.20e+10  0.9483530521   0.858  2.292  3.6254  1.533    4  0.000  0.463     0.00     0.00 -1         0      0.00 7.000e-01 2.990e-01 1.100e-03 5.880e-04 3.170e-03 -1.000 1.000e-03	-0.959	2.382	1.085	-0.251	-0.974	-1.574	-2.482	-3.182	-3.306
0.01000  1.20e+10  0.9483700395   0.858  2.333  3.6218  1.478    4  0.000  0.463     0.00     0.00 -1         0      0.00 7.000e-01 2.990e-01 1.100e-03 5.880e-04 3.170e-03 -1.000 1.000e-03	-1.062	2.392	1.042	-0.317	-1.056	-1.668	-2.592	-3.303	-3.432
0.01000  1.20e+10  0.9483847022   0.858  2.373  3.6182  1.423    4  0.000  0.463     0.00     0.00 -1         0      0.00 7.000e-01 2.990e-01 1.100e-03 5.880e-04 3.170e-03 -1.000 1.000e-03	-1.163	2.407	1.001	-0.381	-1.135	-1.761	-2.701	-3.422	-3.556
0.01000  1.20e+10  0.9483976364   0.858  2.413  3.6146  1.368    4  0.000  0.463     0.00     0.00 -1         0      0.00 7.000e-01 2.990e-01 1.100e-03 5.880e-04 3.170e-03 -1.000 1.000e-03	-1.263	2.425	0.962	-0.444	-1.214	-1.852	-2.809	-3.539	-3.678
0.01000  1.20e+10  0.9484091997   0.858  2.453  3.6110  1.314    4  0.000  0.463     0.00     0.00 -1         0      0.00 7.000e-01 2.990e-01 1.100e-03 5.880e-04 3.170e-03 -1.000 1.000e-03	-1.362	2.443	0.924	-0.505	-1.290	-1.943	-2.916	-3.656	-3.800
0.01000  1.20e+10  0.9484197497   0.858  2.493  3.6075  1.261    4  0.000  0.463     0.00     0.00 -1         0      0.00 7.000e-01 2.990e-01 1.100e-03 5.880e-04 3.170e-03 -1.000 1.000e-03	-1.461	2.457	0.889	-0.562	-1.363	-2.032	-3.022	-3.772	-3.922
0.01000  1.20e+10  0.9484296441   0.858  2.532  3.6040  1.207    4  0.000  0.463     0.00     0.00 -1         0      0.00 7.000e-01 2.990e-01 1.100e-03 5.880e-04 3.170e-03 -1.000 1.000e-03	-1.560	2.474	0.854	-0.619	-1.435	-2.121	-3.129	-3.889	-4.044
0.01000  1.20e+10  0.9484388232   0.858  2.571  3.6004  1.153    4  0.000  0.463     0.00     0.00 -1         0      0.00 7.000e-01 2.990e-01 1.100e-03 5.880e-04 3.170e-03 -1.000 1.000e-03	-1.659	2.494	0.821	-0.674	-1.507	-2.209	-3.234	-4.005	-4.166
0.01000  1.20e+10  0.9484475255   0.858  2.610  3.5967  1.100    4  0.000  0.463     0.00     0.00 -1         0      0.00 7.000e-01 2.990e-01 1.100e-03 5.880e-04 3.170e-03 -1.000 1.000e-03	-1.756	2.514	0.791	-0.726	-1.574	-2.295	-3.339	-4.120	-4.286
0.01000  1.20e+10  0.9484559298   0.858  2.650  3.5930  1.046    4  0.000  0.463     0.00     0.00 -1         0      0.00 7.000e-01 2.990e-01 1.100e-03 5.880e-04 3.170e-03 -1.000 9.999e-04	-1.854	2.531	0.764	-0.771	-1.637	-2.382	-3.444	-4.237	-4.409
0.01000  1.20e+10  0.9484637976   0.858  2.689  3.5893  0.992    4  0.000  0.463     0.00     0.00 -1         0      0.00 7.000e-01 2.990e-01 1.100e-03 5.880e-04 3.170e-03 -1.000 1.000e-03	-1.952	2.551	0.739	-0.817	-1.699	-2.468	-3.550	-4.354	-4.531
0.01000  1.20e+10  0.9484708905   0.858  2.727  3.5857  0.939    4  0.000  0.463     0.00     0.00 -1         0      0.00 7.000e-01 2.990e-01 1.100e-03 5.880e-04 3.170e-03 -1.000 1.000e-03	-2.047	2.578	0.719	-0.858	-1.759	-2.552	-3.653	-4.467	-4.650
0.01000  1.20e+10  0.9484773278   0.858  2.766  3.5819  0.885    4  0.000  0.463     0.00     0.00 -1         0      0.00 7.000e-01 2.990e-01 1.100e-03 5.880e-04 3.170e-03 -1.000 1.000e-03	-2.144	2.602	0.703	-0.892	-1.813	-2.636	-3.758	-4.583	-4.771
0.01000  1.20e+10  0.9484820962   0.858  2.800  3.5785  0.837    4  0.000  0.463     0.00     0.00 -1         0      0.00 7.000e-01 2.990e-01 1.100e-03 5.880e-04 3.170e-03 -1.000 1.000e-03	-2.230	2.620	0.694	-0.916	-1.854	-2.709	-3.852	-4.685	-4.879
0.01000  1.20e+10  0.9484853148   0.858  2.832  3.5753  0.793    4  0.000  0.463     0.00     0.00 -1         0      0.00 7.000e-01 2.990e-01 1.100e-03 5.880e-04 3.170e-03 -1.000 1.000e-03	-2.309	2.639	0.687	-0.935	-1.892	-2.777	-3.939	-4.781	-4.979
0.01000  1.20e+10  0.9484880567   0.858  2.865  3.5718  0.746    4  0.000  0.463     0.00     0.00 -1         0      0.00 7.000e-01 2.990e-01 1.100e-03 5.880e-04 3.170e-03 -1.000 1.000e-03	-2.392	2.662	0.683	-0.955	-1.930	-2.847	-4.029	-4.881	-5.085
0.01000  1.20e+10  0.9484905005   0.858  2.898  3.5682  0.698    4  0.000  0.463     0.00     0.00 -1         0      0.00 7.000e-01 2.990e-01 1.100e-03 5.880e-04 3.170e-03 -1.000 1.000e-03	-2.476	2.680	0.685	-0.963	-1.959	-2.916	-4.122	-4.982	-5.192
0.01000  1.20e+10  0.9484927654   0.858  2.932  3.5646  0.650    4  0.000  0.463     0.00     0.00 -1         0      0.00 7.000e-01 2.990e-01 1.100e-03 5.880e-04 3.170e-03 -1.000 1.000e-03	-2.560	2.695	0.695	-0.958	-1.979	-2.983	-4.215	-5.084	-5.299
0.01000  1.20e+10  0.9484948516   0.858  2.965  3.5609  0.602    4  0.000  0.463     0.00     0.00 -1         0      0.00 7.000e-01 2.990e-01 1.100e-03 5.880e-04 3.170e-03 -1.000 1.000e-03	-2.643	2.712	0.707	-0.951	-1.996	-3.049	-4.308	-5.186	-5.406
0.01000  1.20e+10  0.9484969378   0.858  3.000  3.5570  0.551    4  0.000  0.463     0.00     0.00 -1         0      0.00 7.000e-01 2.990e-01 1.100e-03 5.880e-04 3.170e-03 -1.000 1.000e-03	-2.730	2.731	0.722	-0.942	-2.014	-3.118	-4.405	-5.292	-5.519
0.01000  1.20e+10  0.9484990835   0.858  3.036  3.5528  0.498    4  0.000  0.463     0.00     0.00 -1         0      0.00 7.000e-01 2.990e-01 1.100e-03 5.880e-04 3.170e-03 -1.000 1.000e-03	-2.820	2.745	0.758	-0.900	-2.009	-3.180	-4.507	-5.402	-5.636
0.01000  1.20e+10  0.9485013485   0.858  3.074  3.5484  0.443    4  0.000  0.463     0.00     0.00 -1         0      0.00 7.000e-01 2.990e-01 1.100e-03 5.880e-04 3.170e-03 -1.000 1.000e-03	-2.914	2.760	0.810	-0.841	-1.993	-3.243	-4.614	-5.517	-5.757
0.01000  1.20e+10  0.9485039711   0.858  3.113  3.5436  0.385    4  0.000  0.463     0.00     0.00 -1         0      0.00 7.000e-01 2.990e-01 1.100e-03 5.880e-04 3.170e-03 -1.000 1.000e-03	-3.013	2.777	0.867	-0.774	-1.973	-3.308	-4.728	-5.639	-5.887
0.01000  1.20e+10  0.9485064149   0.858  3.146  3.5395  0.335    4  0.000  0.463     0.00     0.00 -1         0      0.00 7.000e-01 2.990e-01 1.100e-03 5.880e-04 3.170e-03 -1.000 1.000e-03	-3.096	2.789	0.935	-0.690	-1.940	-3.350	-4.824	-5.742	-5.996
0.01000  1.20e+10  0.9485069513   0.858  3.132  3.5414  0.357    4  0.000  0.463     0.00     0.00 -1         0      0.00 7.000e-01 2.990e-01 1.100e-03 5.880e-04 3.170e-03 -1.000 1.000e-03	-3.060	2.783	0.898	-0.738	-1.962	-3.337	-4.782	-5.697	-5.949
0.01000  1.20e+10  0.9485072494   0.858  3.146  3.5397  0.337    4  0.000  0.463     0.00     0.00 -1         0      0.00 7.000e-01 2.990e-01 1.100e-03 5.880e-04 3.170e-03 -1.000 9.999e-04	-3.094	2.788	0.931	-0.695	-1.943	-3.350	-4.821	-5.739	-5.993
0.01000  1.20e+10  0.9485073686   0.858  3.159  3.5380  0.317    4  0.000  0.463     0.00     0.00 -1         0      0.00 7.000e-01 2.990e-01 1.100e-03 5.880e-04 3.170e-03 -1.000 1.000e-03	-3.126	2.793	0.965	-0.653	-1.924	-3.363	-4.860	-5.779	-6.036
0.01000  1.20e+10  0.9485074878   0.858  3.167  3.5369  0.304    4  0.000  0.463     0.00     0.00 -1         0      0.00 7.000e-01 2.990e-01 1.100e-03 5.880e-04 3.170e-03 -1.000 1.000e-03	-3.148	2.796	0.988	-0.623	-1.911	-3.371	-4.885	-5.806	-6.065
0.01000  1.20e+10  0.9485076666   0.858  3.179  3.5353  0.285    4  0.000  0.463     0.00     0.00 -1         0      0.00 7.000e-01 2.990e-01 1.100e-03 5.880e-04 3.170e-03 -1.000 1.000e-03	-3.178	2.802	1.022	-0.582	-1.891	-3.382	-4.920	-5.843	-6.104
0.01000  1.20e+10  0.9485079050   0.858  3.195  3.5331  0.260    4  0.000  0.463     0.00     0.00 -1         0      0.00 7.000e-01 2.990e-01 1.100e-03 5.880e-04 3.170e-03 -1.000 1.000e-03	-3.218	2.810	1.068	-0.524	-1.864	-3.397	-4.968	-5.894	-6.159
0.01000  1.20e+10  0.9485081434   0.858  3.219  3.5299  0.224    4  0.000  0.463     0.00     0.00 -1         0      0.00 7.000e-01 2.990e-01 1.100e-03 5.880e-04 3.170e-03 -1.000 1.000e-03	-3.278	2.821	1.137	-0.438	-1.824	-3.419	-5.038	-5.968	-6.238
0.01000  1.20e+10  0.9485085607   0.858  3.263  3.5241  0.157    4  0.000  0.463     0.00     0.00 -1         0      0.00 7.000e-01 2.990e-01 1.100e-03 5.880e-04 3.170e-03 -1.000 1.000e-03	-3.387	2.837	1.290	-0.240	-1.729	-3.431	-5.166	-6.103	-6.383
0.01000  1.20e+10  0.9485090375   0.858  3.296  3.5195  0.105    4  0.518  0.463     0.00     0.00 -1         0      0.00 7.000e-01 2.990e-01 1.100e-03 5.880e-04 3.170e-03 -1.000 1.000e-03	-3.470	2.851	1.429	-0.061	-1.639	-3.424	-5.265	-6.206	-6.494
0.01000  1.20e+10  0.9485090971   0.858  3.296  3.5195  0.105    4  0.518  0.463     0.00     0.00 -1         0      0.00 7.000e-01 2.990e-01 1.100e-03 5.880e-04 3.170e-03 -1.000 1.000e-03	-3.470	2.851	1.429	-0.061	-1.639	-3.424	-5.265	-6.206	-6.494
0.01000  1.20e+10  0.9485091567   0.858  3.296  3.5158  0.090    8  0.518  0.483   139.37    67.88  0 -1.35e-07      0.00 7.100e-01 2.801e-01 1.570e-03 7.315e-04 4.330e-03 -1.000 9.859e-03	-3.470	2.904	1.593	0.143	-1.503	-3.353	-5.277	-6.222	-6.516
0.01000  1.20e+10  0.9485092163   0.857  3.014  3.5513  0.514    8  0.518  0.483    55.86    30.79  1 -4.28e-08      0.00 7.100e-01 2.801e-01 1.570e-03 7.315e-04 4.330e-03 -1.000 9.859e-03	-2.765	2.807	0.851	-0.795	-1.915	-3.114	-4.455	-5.355	-5.589
0.01000  1.20e+10  0.9485092759   0.857  2.874  3.5688  0.724    8  0.518  0.483    35.53    20.82  1  -2.6e-08      0.00 7.100e-01 2.801e-01 1.570e-03 7.315e-04 4.330e-03 -1.000 9.859e-03	-2.415	2.710	0.725	-0.917	-1.909	-2.858	-4.059	-4.919	-5.127
0.01000  1.20e+10  0.9485093951   0.856  2.721  3.5879  0.953    8  0.518  0.483    21.68    13.58  1 -1.61e-08      0.00 7.100e-01 2.801e-01 1.570e-03 7.315e-04 4.330e-03 -1.000 9.859e-03	-2.033	2.531	0.691	-0.877	-1.767	-2.545	-3.634	-4.441	-4.621
0.01000  1.20e+10  0.9485095739   0.854  2.754  3.5837  0.903    8  0.518  0.483    24.15    14.90  1 -1.78e-08      0.00 7.100e-01 2.801e-01 1.570e-03 7.315e-04 4.330e-03 -1.000 9.859e-03	-2.114	2.584	0.696	-0.894	-1.806	-2.612	-3.724	-4.544	-4.729
0.01000  1.20e+10  0.9485098124   0.852  2.895  3.5656  0.688    8  0.518  0.483    38.35    22.21  1  -2.8e-08      0.00 7.100e-01 2.801e-01 1.570e-03 7.315e-04 4.330e-03 -1.000 9.859e-03	-2.467	2.739	0.754	-0.891	-1.903	-2.895	-4.119	-4.987	-5.199
0.01000  1.20e+10  0.9485101104   0.850  3.069  3.5434  0.424    8  0.518  0.483    67.75    36.28  1  -5.3e-08      0.00 7.100e-01 2.801e-01 1.570e-03 7.315e-04 4.330e-03 -1.000 9.859e-03	-2.901	2.856	0.969	-0.659	-1.857	-3.194	-4.615	-5.530	-5.776
0.01000  1.20e+10  0.9485104680   0.848  3.212  3.5249  0.206    8  0.519  0.483   108.47    54.44  0 -9.51e-08      0.00 7.100e-01 2.801e-01 1.570e-03 7.315e-04 4.330e-03 -1.000 9.859e-03	-3.259	2.911	1.358	-0.169	-1.635	-3.319	-5.035	-5.972	-6.249
0.01000  1.20e+10  0.9485108852   0.845  3.306  3.5125  0.060    8  0.519  0.483   148.67    71.42  0 -1.44e-07      0.00 7.100e-01 2.801e-01 1.570e-03 7.315e-04 4.330e-03 -1.000 9.859e-03	-3.496	2.938	1.726	0.309	-1.403	-3.306	-5.314	-6.262	-6.561
0.01000  1.20e+10  0.9485113025   0.841  3.361  3.5050 -0.026    8  0.519  0.483   179.00    83.74  0 -1.84e-07      0.00 7.100e-01 2.801e-01 1.570e-03 7.315e-04 4.330e-03 -1.000 9.859e-03	-3.633	2.946	1.970	0.636	-1.243	-3.254	-5.477	-6.428	-6.740
0.01000  1.20e+10  0.9485118389   0.838  3.393  3.5004 -0.078    8  0.520  0.483   200.23    92.12  0 -2.13e-07      0.00 7.100e-01 2.801e-01 1.570e-03 7.315e-04 4.330e-03 -1.000 9.859e-03	-3.712	2.955	2.134	0.854	-1.134	-3.213	-5.573	-6.526	-6.847
0.01000  1.20e+10  0.9485123754   0.833  3.417  3.4967 -0.119    8  0.520  0.483   218.67    99.24  0 -2.38e-07      0.00 7.100e-01 2.801e-01 1.570e-03 7.315e-04 4.330e-03 -1.000 9.859e-03	-3.772	2.957	2.234	0.979	-1.074	-3.186	-5.647	-6.600	-6.925
0.01000  1.20e+10  0.9485124350   0.833  3.191  3.5254  0.221    8  0.520  0.483   105.00    52.63  0 -8.85e-08      0.00 7.100e-01 2.801e-01 1.570e-03 7.315e-04 4.330e-03 -1.000 9.859e-03	-3.208	2.943	1.382	-0.146	-1.602	-3.278	-4.982	-5.919	-6.195
0.01000  1.20e+10  0.9485124946   0.832  3.003  3.5494  0.505    8  0.520  0.483    56.88    30.97  1 -4.17e-08      0.00 7.100e-01 2.801e-01 1.570e-03 7.315e-04 4.330e-03 -1.000 9.859e-03	-2.737	2.869	0.935	-0.703	-1.840	-3.072	-4.432	-5.336	-5.573
0.01000  1.20e+10  0.9485126138   0.831  2.847  3.5692  0.739    8  0.520  0.483    34.33    20.00  1 -2.41e-08      0.00 7.100e-01 2.801e-01 1.570e-03 7.315e-04 4.330e-03 -1.000 9.859e-03	-2.348	2.759	0.781	-0.858	-1.847	-2.792	-3.990	-4.850	-5.057
0.01000  1.20e+10  0.9485128522   0.829  2.876  3.5655  0.695    8  0.521  0.483    37.77    21.70  1 -2.66e-08      0.00 7.100e-01 2.801e-01 1.570e-03 7.315e-04 4.330e-03 -1.000 9.859e-03	-2.419	2.784	0.803	-0.840	-1.853	-2.846	-4.071	-4.939	-5.152
0.01000  1.20e+10  0.9485130906   0.826  3.010  3.5482  0.490    8  0.521  0.483    58.76    31.77  1 -4.34e-08      0.00 7.100e-01 2.801e-01 1.570e-03 7.315e-04 4.330e-03 -1.000 9.859e-03	-2.755	2.879	0.953	-0.683	-1.831	-3.083	-4.454	-5.360	-5.599
0.01000  1.20e+10  0.9485134482   0.823  3.175  3.5269  0.238    8  0.521  0.483   101.24    50.77  0 -8.41e-08      0.00 7.100e-01 2.801e-01 1.570e-03 7.315e-04 4.330e-03 -1.000 9.859e-03	-3.168	2.953	1.353	-0.188	-1.616	-3.265	-4.937	-5.873	-6.146
0.01000  1.20e+10  0.9485138059   0.819  3.309  3.5093  0.031    8  0.522  0.483   157.91    74.44  0  -1.5e-07      0.00 7.100e-01 2.801e-01 1.570e-03 7.315e-04 4.330e-03 -1.000 9.859e-03	-3.503	2.984	1.871	0.490	-1.289	-3.236	-5.332	-6.281	-6.585
0.01000  1.20e+10  0.9485142231   0.815  3.395  3.4979 -0.102    8  0.522  0.483   210.65    95.31  0 -2.22e-07      0.00 7.100e-01 2.801e-01 1.570e-03 7.315e-04 4.330e-03 -1.000 9.859e-03	-3.717	2.989	2.237	0.976	-1.056	-3.159	-5.587	-6.540	-6.864
0.01000  1.20e+10  0.9485147595   0.810  3.440  3.4916 -0.175    8  0.523  0.483   246.42   108.91  0 -2.74e-07      0.00 7.100e-01 2.801e-01 1.570e-03 7.315e-04 4.330e-03 -1.000 9.859e-03	-3.830	2.986	2.394	1.170	-0.969	-3.121	-5.722	-6.676	-7.008
0.01000  1.20e+10  0.9485152960   0.805  3.461  3.4883 -0.213    8  0.523  0.483   267.24   116.53  0 -3.06e-07      0.00 7.100e-01 2.801e-01 1.570e-03 7.315e-04 4.330e-03 -1.000 9.859e-03	-3.883	2.990	2.484	1.279	-0.915	-3.094	-5.788	-6.742	-7.080
0.01000  1.20e+10  0.9485158920   0.799  3.474  3.4860 -0.238    8  0.524  0.483   282.20   121.79  0 -3.28e-07      0.00 7.100e-01 2.801e-01 1.570e-03 7.315e-04 4.330e-03 -1.000 9.859e-03	-3.916	2.997	2.550	1.358	-0.875	-3.070	-5.828	-6.783	-7.124
0.01000  1.20e+10  0.9485159516   0.798  3.260  3.5145  0.090    8  0.524  0.483   139.18    66.09  0 -1.26e-07      0.00 7.100e-01 2.801e-01 1.570e-03 7.315e-04 4.330e-03 -1.000 9.859e-03	-3.381	3.007	1.738	0.303	-1.367	-3.239	-5.192	-6.138	-6.434
0.01000  1.20e+10  0.9485160112   0.797  3.073  3.5393  0.376    8  0.524  0.483    75.13    38.76  1 -5.84e-08      0.00 7.100e-01 2.801e-01 1.570e-03 7.315e-04 4.330e-03 -1.000 9.859e-03	-2.913	2.938	1.108	-0.504	-1.753	-3.165	-4.640	-5.560	-5.813
0.01000  1.20e+10  0.9485161901   0.794  2.917  3.5600  0.613    8  0.524  0.483    45.00    24.85  1 -3.29e-08      0.00 7.100e-01 2.801e-01 1.570e-03 7.315e-04 4.330e-03 -1.000 9.859e-03	-2.523	2.836	0.843	-0.811	-1.860	-2.925	-4.189	-5.070	-5.291
0.01000  1.20e+10  0.9485164285   0.791  2.945  3.5563  0.568    8  0.524  0.483    49.57    26.97  1 -3.65e-08      0.00 7.100e-01 2.801e-01 1.570e-03 7.315e-04 4.330e-03 -1.000 9.859e-03	-2.593	2.865	0.869	-0.789	-1.863	-2.977	-4.268	-5.158	-5.385
0.01000  1.20e+10  0.9485167265   0.786  3.076  3.5388  0.365    8  0.525  0.483    76.85    39.31  1 -6.03e-08      0.00 7.100e-01 2.801e-01 1.570e-03 7.315e-04 4.330e-03 -1.000 9.859e-03	-2.920	2.947	1.124	-0.487	-1.743	-3.165	-4.649	-5.569	-5.823
0.01000  1.20e+10  0.9485170841   0.781  3.236  3.5173  0.116    8  0.525  0.483   131.52    62.38  0 -1.18e-07      0.00 7.100e-01 2.801e-01 1.570e-03 7.315e-04 4.330e-03 -1.000 9.859e-03	-3.320	3.013	1.661	0.199	-1.414	-3.235	-5.122	-6.065	-6.356
0.01000  1.20e+10  0.9485175014   0.774  3.366  3.4999 -0.087    8  0.526  0.483   203.76    90.75  0 -2.11e-07      0.00 7.100e-01 2.801e-01 1.570e-03 7.315e-04 4.330e-03 -1.000 9.859e-03	-3.644	3.035	2.231	0.955	-1.045	-3.132	-5.507	-6.460	-6.782
0.01000  1.20e+10  0.9485179782   0.767  3.448  3.4888 -0.218    8  0.526  0.483   270.16   115.34  0 -3.12e-07      0.00 7.100e-01 2.801e-01 1.570e-03 7.315e-04 4.330e-03 -1.000 9.859e-03	-3.849	3.026	2.505	1.294	-0.895	-3.070	-5.752	-6.706	-7.044
0.01000  1.20e+10  0.9485185146   0.759  3.490  3.4829 -0.288    8  0.527  0.483   314.53   130.91  0 -3.86e-07      0.00 7.100e-01 2.801e-01 1.570e-03 7.315e-04 4.330e-03 -1.000 9.859e-03	-3.955	3.022	2.626	1.427	-0.839	-3.048	-5.878	-6.833	-7.178
0.01000  1.20e+10  0.9485191703   0.750  3.509  3.4801 -0.324    8  0.528  0.483   339.90   139.21  0 -4.31e-07      0.00 7.100e-01 2.801e-01 1.570e-03 7.315e-04 4.330e-03 -1.000 9.859e-03	-4.004	3.022	2.674	1.472	-0.821	-3.042	-5.936	-6.890	-7.239
0.01000  1.20e+10  0.9485198259   0.740  3.520  3.4784 -0.347    8  0.529  0.483   357.91   144.61  0 -4.65e-07      0.00 7.100e-01 2.801e-01 1.570e-03 7.315e-04 4.330e-03 -1.000 9.859e-03	-4.031	3.027	2.708	1.502	-0.807	-3.036	-5.969	-6.923	-7.275
0.01000  1.20e+10  0.9485198259   0.740  3.322  3.5051 -0.043    8  0.529  0.483   185.42    81.88  0 -1.89e-07      0.00 7.100e-01 2.801e-01 1.570e-03 7.315e-04 4.330e-03 -1.000 9.859e-03	-3.535	3.058	2.076	0.738	-1.145	-3.157	-5.380	-6.330	-6.643
0.01000  1.20e+10  0.9485199451   0.738  3.137  3.5302  0.241    8  0.529  0.483   100.46    48.15  0 -8.61e-08      0.00 7.100e-01 2.801e-01 1.570e-03 7.315e-04 4.330e-03 -1.000 9.859e-03	-3.073	3.007	1.325	-0.247	-1.628	-3.217	-4.832	-5.762	-6.031
0.01000  1.20e+10  0.9485200047   0.735  2.981  3.5516  0.482    8  0.529  0.483    59.81    30.70  1 -4.71e-08      0.00 7.100e-01 2.801e-01 1.570e-03 7.315e-04 4.330e-03 -1.000 9.859e-03	-2.682	2.913	0.936	-0.721	-1.841	-3.034	-4.372	-5.270	-5.505
0.01000  1.20e+10  0.9485201836   0.731  3.008  3.5486  0.440    8  0.529  0.483    65.45    33.10  1 -5.29e-08      0.00 7.100e-01 2.801e-01 1.570e-03 7.315e-04 4.330e-03 -1.000 9.859e-03	-2.750	2.924	0.969	-0.683	-1.834	-3.080	-4.450	-5.353	-5.593
0.01000  1.20e+10  0.9485204220   0.726  3.135  3.5322  0.245    8  0.529  0.483    99.74    47.48  0  -8.9e-08      0.00 7.100e-01 2.801e-01 1.570e-03 7.315e-04 4.330e-03 -1.000 9.859e-03	-3.067	2.985	1.256	-0.333	-1.686	-3.236	-4.820	-5.747	-6.013
0.01000  1.20e+10  0.9485206604   0.720  3.290  3.5121  0.006    8  0.530  0.483   167.29    73.92  0 -1.76e-07      0.00 7.100e-01 2.801e-01 1.570e-03 7.315e-04 4.330e-03 -1.000 9.859e-03	-3.456	3.033	1.814	0.388	-1.342	-3.254	-5.276	-6.222	-6.525
0.01000  1.20e+10  0.9485209584   0.714  3.417  3.4961 -0.189    8  0.530  0.483   254.78   105.79  0 -3.18e-07      0.00 7.100e-01 2.801e-01 1.570e-03 7.315e-04 4.330e-03 -1.000 9.859e-03	-3.771	3.029	2.318	1.053	-1.032	-3.158	-5.650	-6.601	-6.932
0.01000  1.20e+10  0.9485212564   0.706  3.497  3.4863 -0.313    8  0.530  0.483   333.34   132.61  0 -4.72e-07      0.00 7.100e-01 2.801e-01 1.570e-03 7.315e-04 4.330e-03 -1.000 9.859e-03	-3.972	3.013	2.556	1.343	-0.910	-3.114	-5.885	-6.839	-7.185
0.01000  1.20e+10  0.9485216737   0.697  3.538  3.4818 -0.378    8  0.531  0.483   383.96   148.73  0 -5.91e-07      0.00 7.100e-01 2.801e-01 1.570e-03 7.315e-04 4.330e-03 -1.000 9.859e-03	-4.076	2.996	2.615	1.396	-0.904	-3.128	-6.004	-6.958	-7.310
0.01000  1.20e+10  0.9485220909   0.687  3.558  3.4805 -0.409    8  0.531  0.483   411.00   156.34  0 -7.28e-07      0.00 7.100e-01 2.801e-01 1.570e-03 7.315e-04 4.330e-03 -1.000 9.859e-03	-4.124	2.984	2.625	1.400	-0.917	-3.147	-6.057	-7.011	-7.366
0.01000  1.20e+10  0.9485225677   0.676  3.569  3.4805 -0.427    8  0.532  0.483   428.70   160.43  0 -9.39e-07      0.00 7.100e-01 2.801e-01 1.570e-03 7.315e-04 4.330e-03 -1.000 9.859e-03	-4.153	2.974	2.615	1.386	-0.937	-3.169	-6.086	-7.040	-7.396
0.01000  1.20e+10  0.9485225677   0.676  3.380  3.5069 -0.133    8  0.532  0.483   227.52    92.71  0 -3.13e-07      0.00 7.100e-01 2.801e-01 1.570e-03 7.315e-04 4.330e-03 -1.000 9.859e-03	-3.681	2.980	1.924	0.540	-1.334	-3.336	-5.523	-6.468	-6.784
0.01000  1.20e+10  0.9485226274   0.673  3.196  3.5333  0.155    8  0.532  0.483   122.19    54.02  0 -1.42e-07      0.00 7.100e-01 2.801e-01 1.570e-03 7.315e-04 4.330e-03 -1.000 9.859e-03	-3.219	2.902	1.111	-0.513	-1.864	-3.400	-4.971	-5.893	-6.161
0.01000  1.20e+10  0.9485226870   0.669  3.037  3.5567  0.405    8  0.532  0.483    71.44    33.81  1 -7.71e-08      0.00 7.100e-01 2.801e-01 1.570e-03 7.315e-04 4.330e-03 -1.000 9.859e-03	-2.823	2.772	0.689	-1.016	-2.101	-3.210	-4.503	-5.384	-5.616
0.01000  1.20e+10  0.9485227466   0.663  3.061  3.5555  0.372    8  0.532  0.483    76.76    35.73  0 -8.76e-08      0.00 7.100e-01 2.801e-01 1.570e-03 7.315e-04 4.330e-03 -1.000 9.859e-03	-2.883	2.758	0.671	-1.040	-2.137	-3.263	-4.566	-5.449	-5.683
0.01000  1.20e+10  0.9485228658   0.655  3.182  3.5417  0.191    8  0.533  0.483   113.75    49.74  0 -1.49e-07      0.00 7.100e-01 2.801e-01 1.570e-03 7.315e-04 4.330e-03 -1.000 9.859e-03	-3.184	2.803	0.835	-0.851	-2.090	-3.465	-4.909	-5.817	-6.074
0.01000  1.20e+10  0.9485229850   0.646  3.329  3.5247 -0.031    8  0.533  0.483   184.24    74.57  0 -2.95e-07      0.00 7.100e-01 2.801e-01 1.570e-03 7.315e-04 4.330e-03 -1.000 9.859e-03	-3.553	2.835	1.199	-0.390	-1.897	-3.604	-5.335	-6.264	-6.552
0.01000  1.20e+10  0.9485231638   0.635  3.447  3.5123 -0.205    8  0.533  0.483   270.03   102.18  0 -5.31e-07      0.00 7.100e-01 2.801e-01 1.570e-03 7.315e-04 4.330e-03 -1.000 9.859e-03	-3.848	2.827	1.562	0.084	-1.698	-3.638	-5.677	-6.613	-6.926
0.01000  1.20e+10  0.9485233426   0.623  3.520  3.5069 -0.308    8  0.534  0.483   339.26   121.99  0 -7.93e-07      0.00 7.100e-01 2.801e-01 1.570e-03 7.315e-04 4.330e-03 -1.000 9.859e-03	-4.029	2.790	1.706	0.284	-1.642	-3.669	-5.879	-6.816	-7.141
0.01000  1.20e+10  0.9485235810   0.609  3.553  3.5074 -0.349    8  0.534  0.483   374.86   129.51  0    -1e-06      1.00 7.100e-01 2.801e-01 1.570e-03 7.315e-04 4.330e-03 -1.000 9.859e-03	-4.114	2.772	1.662	0.215	-1.718	-3.747	-5.956	-6.895	-7.224
0.01000  1.20e+10  0.9485238194   0.594  3.565  3.5116 -0.354    8  0.534  0.483   385.02   127.87  0 -1.15e-06      0.93 7.100e-01 2.801e-01 1.570e-03 7.315e-04 4.330e-03 -1.000 9.859e-03	-4.142	4.131	2.783	0.957	-1.191	-3.260	-5.679	-6.772	-7.213
0.01000  1.20e+10  0.9485240579   0.579  3.567  3.5176 -0.344    8  0.535  0.483   386.54   121.85  0 -1.29e-06      0.86 7.100e-01 2.801e-01 1.570e-03 7.315e-04 4.330e-03 -1.000 9.859e-03	-4.148	5.054	3.359	1.210	-1.070	-3.113	-5.538	-6.694	-7.190
0.01000  1.20e+10  0.9485240579   0.578  3.386  3.5430 -0.062    8  0.535  0.483   210.52    71.95  0 -5.71e-07      0.00 7.100e-01 2.801e-01 1.570e-03 7.315e-04 4.330e-03 -1.000 9.859e-03	-3.696	2.497	0.396	-1.373	-2.629	-3.990	-5.427	-6.319	-6.584
0.01000  1.20e+10  0.9485241175   0.577  3.201  3.5696  0.229    8  0.535  0.483   112.57    41.72  0 -2.62e-07      0.00 7.100e-01 2.801e-01 1.570e-03 7.315e-04 4.330e-03 -1.000 9.859e-03	-3.233	2.319	0.060	-1.716	-2.741	-3.683	-4.893	-5.724	-5.947
0.01000  1.20e+10  0.9485241771   0.576  3.040  3.5938  0.486    8  0.535  0.483    64.86    25.73  1 -1.42e-07      0.00 7.100e-01 2.801e-01 1.570e-03 7.315e-04 4.330e-03 -1.000 9.859e-03	-2.829	1.990	-0.077	-1.731	-2.621	-3.366	-4.439	-5.201	-5.385
0.01000  1.20e+10  0.9485242367   0.573  3.059  3.5937  0.465    8  0.535  0.483    68.25    26.62  1 -1.58e-07      0.00 7.100e-01 2.801e-01 1.570e-03 7.315e-04 4.330e-03 -1.000 9.859e-03	-2.877	1.964	-0.116	-1.776	-2.668	-3.414	-4.488	-5.250	-5.434
0.01000  1.20e+10  0.9485243559   0.571  3.172  3.5814  0.300    8  0.535  0.483    97.96    35.90  0 -2.54e-07      0.00 7.100e-01 2.801e-01 1.570e-03 7.315e-04 4.330e-03 -1.000 9.859e-03	-3.159	2.105	-0.120	-1.860	-2.821	-3.655	-4.797	-5.592	-5.797
0.01000  1.20e+10  0.9485244751   0.567  3.310  3.5664  0.099    8  0.535  0.483   152.71    51.76  0  -4.7e-07      0.00 7.100e-01 2.801e-01 1.570e-03 7.315e-04 4.330e-03 -1.000 9.859e-03	-3.505	2.217	-0.088	-1.897	-2.953	-3.941	-5.177	-6.011	-6.242
0.01000  1.20e+10  0.9485246539   0.563  3.419  3.5561 -0.054    8  0.535  0.483   215.01    67.91  0 -7.92e-07      0.00 7.100e-01 2.801e-01 1.570e-03 7.315e-04 4.330e-03 -1.000 9.859e-03	-3.776	2.237	-0.063	-1.904	-3.040	-4.165	-5.475	-6.333	-6.581
0.01000  1.20e+10  0.9485248327   0.558  3.481  3.5530 -0.132    8  0.536  0.483   259.38    77.29  0 -1.11e-06      0.84 7.100e-01 2.801e-01 1.570e-03 7.315e-04 4.330e-03 -1.000 9.859e-03	-3.932	2.821	0.428	-1.579	-2.933	-4.168	-5.589	-6.481	-6.769
0.01000  1.20e+10  0.9485250711   0.553  3.504  3.5559 -0.148    8  0.536  0.483   275.46    77.70  0 -1.31e-06      0.66 7.100e-01 2.801e-01 1.570e-03 7.315e-04 4.330e-03 -1.000 9.859e-03	-3.991	3.958	1.294	-1.044	-2.715	-3.993	-5.536	-6.479	-6.828
0.01000  1.20e+10  0.9485253096   0.547  3.504  3.5628 -0.125    8  0.536  0.483   273.54    71.77  0 -1.41e-06      0.59 7.100e-01 2.801e-01 1.570e-03 7.315e-04 4.330e-03 -1.000 9.859e-03	-3.991	4.330	1.530	-0.933	-2.697	-3.923	-5.480	-6.426	-6.792
0.01000  1.20e+10  0.9485255480   0.541  3.495  3.5718 -0.084    8  0.536  0.483   273.85    61.96  0 -1.46e-06      0.54 7.100e-01 2.801e-01 1.570e-03 7.315e-04 4.330e-03 -1.000 9.859e-03	-3.967	4.332	1.461	-1.033	-2.781	-3.908	-5.424	-6.352	-6.713
0.01000  1.20e+10  0.9485262632   0.541 -9.999  4.0680  2.054    9  0.541  0.000     0.00     0.00 -1         0      0.00 7.100e-01 2.801e-01 1.570e-03 7.315e-04 4.330e-03 -1.000 9.859e-03	29.767	29.812	30.295	30.381	30.392	30.420	30.546	30.569	30.600
