# File generated by CMD 2.9 (http://stev.oapd.inaf.it/cmd) on Wed Feb  1 10:13:19 CET 2017
# isochrones PARSEC release v1.2S + COLIBRI release PR16, as in Marigo et al. 2017
# Basic reference: Marigo et al. (2017), ApJ, 835, 77
# Photometric system: <i>UBVRIJHK</i> (cf. Maiz-Apellaniz 2006 + Bessell 1990)
# Kind of output: isochrone tables
# Zini Age Mini  Mass   logL    logTe  logg  label   McoreTP C_O period0 period1 pmode  Mloss  tau1m  X   Y   Xc  Xn  Xo  Cexcess  Z	mbolmag  Umag    Bmag    Vmag    Rmag    Imag    Jmag    Hmag    Kmag 
0.00044  1.20e+10  0.0900000036   0.090 -3.185  3.4767  5.436    0  0.000  0.463     0.00     0.00 -1  5.24e-17      0.00 7.000e-01 2.990e-01 1.100e-03 5.880e-04 3.170e-03 -1.000 1.000e-03	12.733	21.328	17.356	15.111	13.627	12.101	10.816	10.389	10.350
0.00044  1.20e+10  0.0954284593   0.095 -3.018  3.5007  5.390    0  0.000  0.463     0.00     0.00 -1  7.89e-17      0.00 7.000e-01 2.990e-01 1.100e-03 5.880e-04 3.170e-03 -1.000 1.000e-03	12.314	19.529	16.371	14.264	12.984	11.689	10.483	9.974	9.864
0.00044  1.20e+10  0.1000000015   0.100 -2.884  3.5199  5.353    0  0.000  0.463     0.00     0.00 -1  1.09e-16      0.00 7.000e-01 2.990e-01 1.100e-03 5.880e-04 3.170e-03 -1.000 1.000e-03	11.980	18.226	15.620	13.649	12.481	11.353	10.210	9.660	9.511
0.00044  1.20e+10  0.1200000048   0.120 -2.597  3.5509  5.270    0  0.000  0.463     0.00     0.00 -1  2.13e-16      0.00 7.000e-01 2.990e-01 1.100e-03 5.880e-04 3.170e-03 -1.000 1.000e-03	11.262	16.200	14.286	12.568	11.526	10.624	9.584	9.007	8.817
0.00044  1.20e+10  0.1400000006   0.140 -2.415  3.5662  5.216    0  0.000  0.463     0.00     0.00 -1  3.19e-16      0.00 7.000e-01 2.990e-01 1.100e-03 5.880e-04 3.170e-03 -1.000 1.000e-03	10.808	15.243	13.563	11.971	10.981	10.162	9.173	8.595	8.395
0.00044  1.20e+10  0.1599999964   0.160 -2.273  3.5763  5.172    0  0.000  0.463     0.00     0.00 -1         0      0.00 7.000e-01 2.990e-01 1.100e-03 5.880e-04 3.170e-03 -1.000 1.000e-03	10.451	14.555	13.053	11.534	10.575	9.794	8.830	8.254	8.056
0.00044  1.20e+10  0.2000000179   0.200 -2.051  3.5894  5.100    0  0.000  0.463     0.00     0.00 -1         0      0.00 7.000e-01 2.990e-01 1.100e-03 5.880e-04 3.170e-03 -1.000 1.000e-03	9.898	13.426	12.251	10.850	9.948	9.216	8.294	7.720	7.533
0.00044  1.20e+10  0.2413140684   0.241 -1.880  3.5987  5.047    0  0.000  0.463     0.00     0.00 -1         0      0.00 7.000e-01 2.990e-01 1.100e-03 5.880e-04 3.170e-03 -1.000 1.000e-03	9.469	12.488	11.591	10.299	9.457	8.768	7.889	7.315	7.139
0.00044  1.20e+10  0.2500000000   0.250 -1.848  3.6005  5.038    0  0.000  0.463     0.00     0.00 -1         0      0.00 7.000e-01 2.990e-01 1.100e-03 5.880e-04 3.170e-03 -1.000 1.000e-03	9.389	12.375	11.489	10.207	9.372	8.687	7.813	7.240	7.065
0.00044  1.20e+10  0.3000000417   0.300 -1.692  3.6091  4.996    0  0.000  0.463     0.00     0.00 -1         0      0.00 7.000e-01 2.990e-01 1.100e-03 5.880e-04 3.170e-03 -1.000 1.000e-03	9.001	11.826	10.998	9.763	8.961	8.297	7.450	6.877	6.705
0.00044  1.20e+10  0.3236821890   0.324 -1.631  3.6128  4.982    0  0.000  0.463     0.00     0.00 -1         0      0.00 7.000e-01 2.990e-01 1.100e-03 5.880e-04 3.170e-03 -1.000 1.000e-03	8.846	11.603	10.799	9.584	8.797	8.143	7.306	6.733	6.562
0.00044  1.20e+10  0.3499999940   0.350 -1.567  3.6165  4.967    0  0.000  0.463     0.00     0.00 -1  1.89e-15      0.00 7.000e-01 2.990e-01 1.100e-03 5.880e-04 3.170e-03 -1.000 1.000e-03	8.687	11.376	10.595	9.400	8.629	7.983	7.157	6.583	6.415
0.00044  1.20e+10  0.3932212293   0.393 -1.444  3.6262  4.933    0  0.000  0.463     0.00     0.00 -1  2.47e-15      0.00 7.000e-01 2.990e-01 1.100e-03 5.880e-04 3.170e-03 -1.000 1.000e-03	8.379	10.898	10.176	9.031	8.298	7.677	6.876	6.302	6.141
0.00044  1.20e+10  0.4000000060   0.400 -1.426  3.6276  4.928    0  0.000  0.463     0.00     0.00 -1  2.57e-15      0.00 7.000e-01 2.990e-01 1.100e-03 5.880e-04 3.170e-03 -1.000 1.000e-03	8.334	10.828	10.115	8.977	8.249	7.632	6.835	6.261	6.102
0.00044  1.20e+10  0.4059085548   0.406 -1.404  3.6299  4.922    0  0.000  0.463     0.00     0.00 -1  2.69e-15      0.00 7.000e-01 2.990e-01 1.100e-03 5.880e-04 3.170e-03 -1.000 1.000e-03	8.281	10.735	10.037	8.909	8.189	7.578	6.787	6.216	6.059
0.00044  1.20e+10  0.4500000477   0.450 -1.253  3.6460  4.880    0  0.000  0.463     0.00     0.00 -1  3.79e-15      0.00 7.000e-01 2.990e-01 1.100e-03 5.880e-04 3.170e-03 -1.000 1.000e-03	7.904	10.083	9.486	8.431	7.772	7.201	6.454	5.895	5.756
0.00044  1.20e+10  0.5000000000   0.500 -1.060  3.6710  4.833    0  0.000  0.463     0.00     0.00 -1  5.93e-15      0.00 7.000e-01 2.990e-01 1.100e-03 5.880e-04 3.170e-03 -1.000 1.000e-03	7.420	9.164	8.753	7.808	7.233	6.722	6.045	5.523	5.410
0.00044  1.20e+10  0.5500000715   0.550 -0.847  3.6955  4.759    0  0.000  0.463     0.00     0.00 -1  1.01e-14      0.00 7.000e-01 2.990e-01 1.100e-03 5.880e-04 3.170e-03 -1.000 1.000e-03	6.886	8.214	8.006	7.166	6.661	6.200	5.595	5.121	5.029
0.00044  1.20e+10  0.6000000238   0.600 -0.637  3.7229  4.697    0  0.000  0.463     0.00     0.00 -1  1.68e-14      0.00 7.000e-01 2.990e-01 1.100e-03 5.880e-04 3.170e-03 -1.000 1.000e-03	6.362	7.286	7.283	6.565	6.122	5.708	5.179	4.760	4.687
0.00044  1.20e+10  0.6107953787   0.611 -0.590  3.7296  4.684    0  0.000  0.463     0.00     0.00 -1  1.88e-14      0.00 7.000e-01 2.990e-01 1.100e-03 5.880e-04 3.170e-03 -1.000 1.000e-03	6.244	7.083	7.122	6.435	6.005	5.602	5.090	4.682	4.615
0.00044  1.20e+10  0.6219455004   0.622 -0.540  3.7364  4.670    0  0.000  0.463     0.00     0.00 -1         0      0.00 7.000e-01 2.990e-01 1.100e-03 5.880e-04 3.170e-03 -1.000 1.000e-03	6.121	6.875	6.956	6.300	5.885	5.492	4.998	4.601	4.539
0.00044  1.20e+10  0.6327335238   0.633 -0.493  3.7430  4.656    0  0.000  0.463     0.00     0.00 -1         0      0.00 7.000e-01 2.990e-01 1.100e-03 5.880e-04 3.170e-03 -1.000 1.000e-03	6.001	6.685	6.800	6.172	5.769	5.387	4.909	4.522	4.464
0.00044  1.20e+10  0.6427601576   0.643 -0.448  3.7489  4.641    0  0.000  0.463     0.00     0.00 -1         0      0.00 7.000e-01 2.990e-01 1.100e-03 5.880e-04 3.170e-03 -1.000 1.000e-03	5.890	6.512	6.656	6.053	5.662	5.290	4.825	4.447	4.394
0.00044  1.20e+10  0.6499999762   0.650 -0.415  3.7531  4.630    0  0.000  0.463     0.00     0.00 -1  2.89e-14      0.00 7.000e-01 2.990e-01 1.100e-03 5.880e-04 3.170e-03 -1.000 1.000e-03	5.808	6.389	6.552	5.967	5.584	5.218	4.763	4.392	4.342
0.00044  1.20e+10  0.6585770845   0.658 -0.376  3.7577  4.616    0  0.000  0.463     0.00     0.00 -1   3.2e-14      0.00 7.000e-01 2.990e-01 1.100e-03 5.880e-04 3.170e-03 -1.000 1.000e-03	5.710	6.252	6.432	5.866	5.491	5.132	4.688	4.324	4.277
0.00044  1.20e+10  0.6706542969   0.671 -0.320  3.7641  4.593    0  0.000  0.463     0.00     0.00 -1   3.7e-14      0.00 7.000e-01 2.990e-01 1.100e-03 5.880e-04 3.170e-03 -1.000 1.000e-03	5.571	6.058	6.261	5.721	5.358	5.009	4.579	4.225	4.183
0.00044  1.20e+10  0.6817488074   0.682 -0.268  3.7698  4.571    0  0.000  0.463     0.00     0.00 -1         0      0.00 7.000e-01 2.990e-01 1.100e-03 5.880e-04 3.170e-03 -1.000 9.999e-04	5.439	5.885	6.104	5.586	5.233	4.893	4.475	4.131	4.092
0.00044  1.20e+10  0.6923267841   0.692 -0.216  3.7752  4.547    0  0.000  0.463     0.00     0.00 -1         0      0.00 7.000e-01 2.990e-01 1.100e-03 5.880e-04 3.170e-03 -1.000 1.000e-03	5.310	5.720	5.952	5.454	5.111	4.778	4.372	4.036	4.001
0.00044  1.20e+10  0.6999999881   0.700 -0.177  3.7790  4.528    0  0.000  0.463     0.00     0.00 -1  5.41e-14      0.00 7.000e-01 2.990e-01 1.100e-03 5.880e-04 3.170e-03 -1.000 1.000e-03	5.214	5.598	5.839	5.354	5.018	4.692	4.294	3.964	3.931
0.00044  1.20e+10  0.7028981447   0.703 -0.163  3.7803  4.521    0  0.000  0.463     0.00     0.00 -1  5.64e-14      0.00 7.000e-01 2.990e-01 1.100e-03 5.880e-04 3.170e-03 -1.000 1.000e-03	5.177	5.553	5.796	5.317	4.983	4.659	4.264	3.936	3.904
0.00044  1.20e+10  0.7125425339   0.712 -0.112  3.7848  4.494    0  0.000  0.463     0.00     0.00 -1   6.5e-14      0.00 7.000e-01 2.990e-01 1.100e-03 5.880e-04 3.170e-03 -1.000 1.000e-03	5.049	5.404	5.651	5.186	4.860	4.543	4.159	3.839	3.809
0.00044  1.20e+10  0.7210074067   0.721 -0.065  3.7886  4.467    0  0.000  0.463     0.00     0.00 -1  7.42e-14      0.00 7.000e-01 2.990e-01 1.100e-03 5.880e-04 3.170e-03 -1.000 1.000e-03	4.931	5.269	5.518	5.066	4.747	4.436	4.060	3.747	3.720
0.00044  1.20e+10  0.7293650508   0.729 -0.016  3.7923  4.438    0  0.000  0.463     0.00     0.00 -1  8.53e-14      0.00 7.000e-01 2.990e-01 1.100e-03 5.880e-04 3.170e-03 -1.000 1.000e-03	4.809	5.131	5.381	4.941	4.628	4.323	3.956	3.649	3.624
0.00044  1.20e+10  0.7365427613   0.736  0.028  3.7954  4.410    0  0.000  0.463     0.00     0.00 -1         0      0.00 7.000e-01 2.990e-01 1.100e-03 5.880e-04 3.170e-03 -1.000 1.000e-03	4.699	5.009	5.259	4.828	4.520	4.220	3.860	3.560	3.536
0.00044  1.20e+10  0.7434961200   0.743  0.074  3.7982  4.380    0  0.000  0.463     0.00     0.00 -1         0      0.00 7.000e-01 2.990e-01 1.100e-03 5.880e-04 3.170e-03 -1.000 1.000e-03	4.586	4.889	5.135	4.713	4.410	4.115	3.761	3.466	3.444
0.00044  1.20e+10  0.7500000000   0.750  0.118  3.8007  4.349    0  0.000  0.463     0.00     0.00 -1  1.27e-13      0.00 7.000e-01 2.990e-01 1.100e-03 5.880e-04 3.170e-03 -1.000 1.000e-03	4.475	4.771	5.014	4.599	4.301	4.010	3.662	3.372	3.351
0.00044  1.20e+10  0.7553176284   0.755  0.156  3.8027  4.323    0  0.000  0.463     0.00     0.00 -1  1.42e-13      0.00 7.000e-01 2.990e-01 1.100e-03 5.880e-04 3.170e-03 -1.000 1.000e-03	4.380	4.671	4.910	4.501	4.208	3.920	3.577	3.292	3.271
0.00044  1.20e+10  0.7618718147   0.761  0.206  3.8051  4.286    0  0.000  0.463     0.00     0.00 -1  1.65e-13      0.00 7.000e-01 2.990e-01 1.100e-03 5.880e-04 3.170e-03 -1.000 9.999e-04	4.254	4.540	4.774	4.373	4.084	3.801	3.463	3.183	3.162
0.00044  1.20e+10  0.7678691745   0.767  0.256  3.8069  4.247    0  0.000  0.463     0.00     0.00 -1  1.93e-13      0.00 7.000e-01 2.990e-01 1.100e-03 5.880e-04 3.170e-03 -1.000 1.000e-03	4.131	4.413	4.642	4.247	3.962	3.681	3.348	3.072	3.052
0.00044  1.20e+10  0.7734557390   0.773  0.305  3.8082  4.206    0  0.000  0.463     0.00     0.00 -1  2.26e-13      0.00 7.000e-01 2.990e-01 1.100e-03 5.880e-04 3.170e-03 -1.000 9.999e-04	4.008	4.289	4.513	4.122	3.840	3.562	3.232	2.958	2.939
0.00044  1.20e+10  0.7772831917   0.776  0.340  3.8087  4.175    0  0.000  0.463     0.00     0.00 -1  2.54e-13      0.00 7.000e-01 2.990e-01 1.100e-03 5.880e-04 3.170e-03 -1.000 1.000e-03	3.920	4.201	4.421	4.033	3.752	3.475	3.146	2.875	2.855
0.00044  1.20e+10  0.7787098885   0.778  0.354  3.8086  4.161    0  0.000  0.463     0.00     0.00 -1  2.67e-13      0.00 7.000e-01 2.990e-01 1.100e-03 5.880e-04 3.170e-03 -1.000 1.000e-03	3.884	4.165	4.384	3.996	3.715	3.438	3.109	2.838	2.818
0.00044  1.20e+10  0.7842593789   0.783  0.414  3.8073  4.099    0  0.000  0.463     0.00     0.00 -1  3.26e-13      0.00 7.000e-01 2.990e-01 1.100e-03 5.880e-04 3.170e-03 -1.000 9.999e-04	3.734	4.022	4.235	3.845	3.563	3.284	2.952	2.678	2.658
0.00044  1.20e+10  0.7884822488   0.787  0.467  3.8042  4.035    0  0.000  0.463     0.00     0.00 -1  3.95e-13      0.00 7.000e-01 2.990e-01 1.100e-03 5.880e-04 3.170e-03 -1.000 1.000e-03	3.602	3.903	4.111	3.714	3.427	3.144	2.804	2.524	2.503
0.00044  1.20e+10  0.7892024517   0.788  0.477  3.8033  4.023    0  0.000  0.463     0.00     0.00 -1  4.13e-13      0.00 7.000e-01 2.990e-01 1.100e-03 5.880e-04 3.170e-03 -1.000 1.000e-03	3.577	3.881	4.088	3.690	3.401	3.117	2.775	2.494	2.472
0.00044  1.20e+10  0.7898947001   0.789  0.488  3.8022  4.008    0  0.000  0.463     0.00     0.00 -1   4.3e-13      0.00 7.000e-01 2.990e-01 1.100e-03 5.880e-04 3.170e-03 -1.000 1.000e-03	3.550	3.859	4.066	3.664	3.374	3.088	2.743	2.459	2.438
0.00044  1.20e+10  0.7922163606   0.791  0.525  3.7974  3.952    0  0.000  0.463     0.00     0.00 -1  4.96e-13      0.00 7.000e-01 2.990e-01 1.100e-03 5.880e-04 3.170e-03 -1.000 1.000e-03	3.457	3.782	3.987	3.574	3.275	2.982	2.626	2.333	2.309
0.00044  1.20e+10  0.7939861417   0.793  0.558  3.7917  3.898    0  0.000  0.463     0.00     0.00 -1  5.68e-13      0.00 7.000e-01 2.990e-01 1.100e-03 5.880e-04 3.170e-03 -1.000 1.000e-03	3.376	3.723	3.925	3.496	3.188	2.886	2.517	2.212	2.187
0.00044  1.20e+10  0.7953683138   0.794  0.587  3.7847  3.841    0  0.000  0.463     0.00     0.00 -1  6.49e-13      0.00 7.000e-01 2.990e-01 1.100e-03 5.880e-04 3.170e-03 -1.000 9.999e-04	3.302	3.681	3.877	3.429	3.109	2.796	2.409	2.091	2.063
0.00044  1.20e+10  0.7964801788   0.795  0.612  3.7776  3.788    0  0.000  0.463     0.00     0.00 -1         0      0.00 7.000e-01 2.990e-01 1.100e-03 5.880e-04 3.170e-03 -1.000 1.000e-03	3.239	3.652	3.841	3.372	3.040	2.716	2.312	1.979	1.948
0.00044  1.20e+10  0.7974112630   0.796  0.635  3.7704  3.737    0  0.000  0.463     0.00     0.00 -1         0      0.00 7.000e-01 2.990e-01 1.100e-03 5.880e-04 3.170e-03 -1.000 1.000e-03	3.181	3.636	3.814	3.322	2.977	2.642	2.220	1.872	1.838
0.00044  1.20e+10  0.7982313633   0.797  0.659  3.7633  3.686    0  0.000  0.463     0.00     0.00 -1         0      0.00 7.000e-01 2.990e-01 1.100e-03 5.880e-04 3.170e-03 -1.000 1.000e-03	3.123	3.621	3.786	3.271	2.915	2.567	2.128	1.766	1.728
0.00044  1.20e+10  0.7989578843   0.797  0.685  3.7568  3.634    0  0.000  0.463     0.00     0.00 -1         0      0.00 7.000e-01 2.990e-01 1.100e-03 5.880e-04 3.170e-03 -1.000 1.000e-03	3.058	3.603	3.753	3.215	2.847	2.489	2.034	1.658	1.617
0.00044  1.20e+10  0.7996764183   0.798  0.718  3.7506  3.577    0  0.000  0.463     0.00     0.00 -1         0      0.00 7.000e-01 2.990e-01 1.100e-03 5.880e-04 3.170e-03 -1.000 1.000e-03	2.976	3.565	3.701	3.141	2.761	2.393	1.922	1.533	1.490
0.00044  1.20e+10  0.8000000119   0.798  0.736  3.7481  3.549    0  0.000  0.463     0.00     0.00 -1  1.28e-12      0.00 7.000e-01 2.990e-01 1.100e-03 5.880e-04 3.170e-03 -1.000 1.000e-03	2.930	3.541	3.669	3.099	2.715	2.343	1.865	1.471	1.426
0.00044  1.20e+10  0.8000733256   0.799  0.740  3.7475  3.542    0  0.000  0.463     0.00     0.00 -1   1.3e-12      0.00 7.000e-01 2.990e-01 1.100e-03 5.880e-04 3.170e-03 -1.000 9.999e-04	2.920	3.536	3.662	3.089	2.704	2.331	1.852	1.456	1.411
0.00044  1.20e+10  0.8006334305   0.799  0.779  3.7438  3.489    0  0.000  0.463     0.00     0.00 -1  1.52e-12      0.00 7.000e-01 2.990e-01 1.100e-03 5.880e-04 3.170e-03 -1.000 1.000e-03	2.823	3.471	3.585	2.998	2.607	2.228	1.739	1.335	1.288
0.00044  1.20e+10  0.8008145690   0.799  0.793  3.7428  3.471    0  0.000  0.463     0.00     0.00 -1   1.6e-12      0.00 7.000e-01 2.990e-01 1.100e-03 5.880e-04 3.170e-03 -1.000 1.000e-03	2.786	3.443	3.553	2.963	2.569	2.189	1.698	1.292	1.245
0.00044  1.20e+10  0.8013005853   0.800  0.834  3.7404  3.420    0  0.000  0.463     0.00     0.00 -1  1.86e-12      0.00 7.000e-01 2.990e-01 1.100e-03 5.880e-04 3.170e-03 -1.000 1.000e-03	2.684	3.362	3.463	2.863	2.466	2.082	1.584	1.173	1.125
0.00044  1.20e+10  0.8018321395   0.800  0.883  3.7381  3.362    0  0.000  0.463     0.00     0.00 -1  2.22e-12      0.00 7.000e-01 2.990e-01 1.100e-03 5.880e-04 3.170e-03 -1.000 1.000e-03	2.562	3.260	3.352	2.744	2.343	1.955	1.451	1.035	0.986
0.00044  1.20e+10  0.8022834659   0.801  0.928  3.7363  3.310    0  0.000  0.463     0.00     0.00 -1  2.61e-12      0.00 7.000e-01 2.990e-01 1.100e-03 5.880e-04 3.170e-03 -1.000 1.000e-03	2.450	3.168	3.250	2.635	2.230	1.840	1.331	0.911	0.861
0.00044  1.20e+10  0.8027147055   0.801  0.974  3.7346  3.258    0  0.000  0.463     0.00     0.00 -1  3.08e-12      0.00 7.000e-01 2.990e-01 1.100e-03 5.880e-04 3.170e-03 -1.000 1.000e-03	2.335	3.072	3.145	2.524	2.115	1.722	1.209	0.785	0.734
0.00044  1.20e+10  0.8031527400   0.801  1.024  3.7330  3.202    0  0.000  0.463     0.00     0.00 -1  3.68e-12      0.00 7.000e-01 2.990e-01 1.100e-03 5.880e-04 3.170e-03 -1.000 1.000e-03	2.210	2.965	3.028	2.401	1.990	1.594	1.076	0.648	0.597
0.00044  1.20e+10  0.8035553098   0.802  1.074  3.7314  3.146    0  0.000  0.463     0.00     0.00 -1   4.4e-12      0.00 7.000e-01 2.990e-01 1.100e-03 5.880e-04 3.170e-03 -1.000 1.000e-03	2.086	2.857	2.912	2.279	1.866	1.467	0.945	0.513	0.461
0.00044  1.20e+10  0.8039166927   0.802  1.122  3.7299  3.092    0  0.000  0.463     0.00     0.00 -1  5.24e-12      0.00 7.000e-01 2.990e-01 1.100e-03 5.880e-04 3.170e-03 -1.000 1.000e-03	1.965	2.753	2.800	2.161	1.745	1.344	0.817	0.382	0.329
0.00044  1.20e+10  0.8042326570   0.802  1.168  3.7285  3.040    0  0.000  0.463     0.00     0.00 -1  6.17e-12      0.00 7.000e-01 2.990e-01 1.100e-03 5.880e-04 3.170e-03 -1.000 1.000e-03	1.850	2.653	2.694	2.049	1.631	1.227	0.697	0.258	0.205
0.00044  1.20e+10  0.8045404553   0.802  1.217  3.7271  2.986    0  0.000  0.463     0.00     0.00 -1  7.35e-12      0.00 7.000e-01 2.990e-01 1.100e-03 5.880e-04 3.170e-03 -1.000 1.000e-03	1.729	2.548	2.580	1.930	1.509	1.103	0.568	0.126	0.073
0.00044  1.20e+10  0.8048356771   0.802  1.267  3.7255  2.929    0  0.000  0.463     0.00     0.00 -1  8.82e-12      0.00 7.000e-01 2.990e-01 1.100e-03 5.880e-04 3.170e-03 -1.000 1.000e-03	1.601	2.439	2.462	1.806	1.381	0.973	0.434	-0.012	-0.066
0.00044  1.20e+10  0.8050832152   0.803  1.314  3.7240  2.876    0  0.000  0.463     0.00     0.00 -1  1.04e-11      0.00 7.000e-01 2.990e-01 1.100e-03 5.880e-04 3.170e-03 -1.000 1.000e-03	1.485	2.341	2.355	1.692	1.264	0.853	0.310	-0.139	-0.194
0.00044  1.20e+10  0.8053089976   0.803  1.360  3.7225  2.824    0  0.000  0.463     0.00     0.00 -1  1.23e-11      0.00 7.000e-01 2.990e-01 1.100e-03 5.880e-04 3.170e-03 -1.000 9.999e-04	1.369	2.246	2.249	1.579	1.149	0.735	0.188	-0.265	-0.320
0.00044  1.20e+10  0.8055213690   0.803  1.408  3.7209  2.770    0  0.000  0.463     0.00     0.00 -1  1.46e-11      0.00 7.000e-01 2.990e-01 1.100e-03 5.880e-04 3.170e-03 -1.000 1.000e-03	1.251	2.150	2.142	1.465	1.031	0.615	0.063	-0.394	-0.450
0.00044  1.20e+10  0.8057091236   0.803  1.453  3.7193  2.718    0  0.000  0.463     0.00     0.00 -1  1.72e-11      0.00 7.000e-01 2.990e-01 1.100e-03 5.880e-04 3.170e-03 -1.000 9.999e-04	1.137	2.059	2.039	1.355	0.917	0.499	-0.058	-0.519	-0.575
0.00044  1.20e+10  0.8058875799   0.803  1.501  3.7176  2.664    0  0.000  0.463     0.00     0.00 -1  2.05e-11      0.00 7.000e-01 2.990e-01 1.100e-03 5.880e-04 3.170e-03 -1.000 9.999e-04	1.018	1.963	1.932	1.240	0.799	0.377	-0.184	-0.649	-0.706
0.00044  1.20e+10  0.8060449362   0.803  1.547  3.7159  2.612    0  0.000  0.463     0.00     0.00 -1  2.42e-11      0.00 7.000e-01 2.990e-01 1.100e-03 5.880e-04 3.170e-03 -1.000 1.000e-03	0.903	1.872	1.829	1.129	0.685	0.261	-0.306	-0.775	-0.833
0.00044  1.20e+10  0.8061850667   0.803  1.591  3.7142  2.561    0  0.000  0.463     0.00     0.00 -1  2.84e-11      0.00 7.000e-01 2.990e-01 1.100e-03 5.880e-04 3.170e-03 -1.000 1.000e-03	0.793	1.784	1.731	1.023	0.575	0.147	-0.424	-0.897	-0.956
0.00044  1.20e+10  0.8063184619   0.803  1.637  3.7125  2.508    0  0.000  0.463     0.00     0.00 -1  3.36e-11      0.00 7.000e-01 2.990e-01 1.100e-03 5.880e-04 3.170e-03 -1.000 1.000e-03	0.677	1.692	1.628	0.912	0.461	0.030	-0.547	-1.024	-1.084
0.00044  1.20e+10  0.8064392805   0.802  1.682  3.7107  2.455    0  0.000  0.463     0.00     0.00 -1  3.96e-11      0.00 7.000e-01 2.990e-01 1.100e-03 5.880e-04 3.170e-03 -1.000 1.000e-03	0.564	1.606	1.528	0.803	0.348	-0.086	-0.669	-1.150	-1.210
0.00044  1.20e+10  0.8065456152   0.802  1.726  3.7090  2.404    0  0.000  0.463     0.00     0.00 -1  4.64e-11      0.00 7.000e-01 2.990e-01 1.100e-03 5.880e-04 3.170e-03 -1.000 9.999e-04	0.455	1.525	1.434	0.699	0.240	-0.197	-0.785	-1.271	-1.332
0.00044  1.20e+10  0.8066433072   0.802  1.769  3.7072  2.354    0  0.000  0.463     0.00     0.00 -1  5.43e-11      0.00 7.000e-01 2.990e-01 1.100e-03 5.880e-04 3.170e-03 -1.000 1.000e-03	0.347	1.446	1.340	0.596	0.133	-0.308	-0.901	-1.391	-1.452
0.00044  1.20e+10  0.8067378998   0.802  1.814  3.7053  2.301    0  0.000  0.463     0.00     0.00 -1  6.41e-11      0.00 7.000e-01 2.990e-01 1.100e-03 5.880e-04 3.170e-03 -1.000 1.000e-03	0.234	1.365	1.243	0.488	0.021	-0.423	-1.022	-1.517	-1.579
0.00044  1.20e+10  0.8068206310   0.802  1.857  3.7035  2.251    0  0.000  0.463     0.00     0.00 -1   7.5e-11      0.00 7.000e-01 2.990e-01 1.100e-03 5.880e-04 3.170e-03 -1.000 1.000e-03	0.127	1.289	1.152	0.386	-0.085	-0.533	-1.137	-1.637	-1.700
0.00044  1.20e+10  0.8068967462   0.802  1.900  3.7016  2.201    0  0.000  0.463     0.00     0.00 -1  8.76e-11      0.00 7.000e-01 2.990e-01 1.100e-03 5.880e-04 3.170e-03 -1.000 1.000e-03	0.021	1.214	1.062	0.286	-0.190	-0.641	-1.251	-1.755	-1.819
0.00044  1.20e+10  0.8069688082   0.801  1.943  3.6997  2.150    0  0.000  0.463     0.00     0.00 -1  1.03e-10      0.00 7.000e-01 2.990e-01 1.100e-03 5.880e-04 3.170e-03 -1.000 1.000e-03	-0.087	1.138	0.972	0.184	-0.296	-0.751	-1.366	-1.876	-1.940
0.00044  1.20e+10  0.8070322871   0.801  1.983  3.6979  2.102    0  0.000  0.463     0.00     0.00 -1  1.19e-10      0.00 7.000e-01 2.990e-01 1.100e-03 5.880e-04 3.170e-03 -1.000 1.000e-03	-0.187	1.069	0.888	0.090	-0.395	-0.854	-1.474	-1.988	-2.054
0.00044  1.20e+10  0.8070933223   0.801  2.021  3.6961  2.057    0  0.000  0.463     0.00     0.00 -1  1.37e-10      0.00 7.000e-01 2.990e-01 1.100e-03 5.880e-04 3.170e-03 -1.000 1.000e-03	-0.283	1.003	0.808	-0.001	-0.490	-0.952	-1.578	-2.097	-2.163
0.00044  1.20e+10  0.8071567416   0.800  2.057  3.6944  2.014    0  0.000  0.463     0.00     0.00 -1  1.56e-10      0.00 7.000e-01 2.990e-01 1.100e-03 5.880e-04 3.170e-03 -1.000 1.000e-03	-0.372	0.946	0.735	-0.084	-0.577	-1.043	-1.674	-2.197	-2.264
0.00044  1.20e+10  0.8072134256   0.800  2.082  3.6934  1.985    0  0.000  0.463     0.00     0.00 -1  1.71e-10      0.00 7.000e-01 2.990e-01 1.100e-03 5.880e-04 3.170e-03 -1.000 1.000e-03	-0.434	0.906	0.684	-0.141	-0.638	-1.105	-1.740	-2.266	-2.333
0.00044  1.20e+10  0.8072568178   0.799  2.068  3.6943  2.002    0  0.000  0.463     0.00     0.00 -1  1.65e-10      0.00 7.000e-01 2.990e-01 1.100e-03 5.880e-04 3.170e-03 -1.000 1.000e-03	-0.400	0.922	0.709	-0.111	-0.605	-1.071	-1.702	-2.226	-2.292
0.00044  1.20e+10  0.8072625399   0.799  2.066  3.6944  2.004    0  0.000  0.463     0.00     0.00 -1  1.64e-10      0.00 7.000e-01 2.990e-01 1.100e-03 5.880e-04 3.170e-03 -1.000 1.000e-03	-0.395	0.924	0.712	-0.107	-0.600	-1.066	-1.697	-2.220	-2.287
0.00044  1.20e+10  0.8072929382   0.799  2.092  3.6932  1.973    0  0.000  0.463     0.00     0.00 -1  1.79e-10      0.00 7.000e-01 2.990e-01 1.100e-03 5.880e-04 3.170e-03 -1.000 1.000e-03	-0.461	0.885	0.659	-0.167	-0.665	-1.133	-1.767	-2.294	-2.361
0.00044  1.20e+10  0.8073390722   0.799  2.134  3.6911  1.922    0  0.000  0.463     0.00     0.00 -1  2.08e-10      0.00 7.000e-01 2.990e-01 1.100e-03 5.880e-04 3.170e-03 -1.000 1.000e-03	-0.566	0.824	0.576	-0.265	-0.767	-1.240	-1.881	-2.413	-2.481
0.00044  1.20e+10  0.8073820472   0.798  2.176  3.6890  1.872    0  0.000  0.463     0.00     0.00 -1  2.43e-10      0.00 7.000e-01 2.990e-01 1.100e-03 5.880e-04 3.170e-03 -1.000 1.000e-03	-0.671	0.765	0.494	-0.361	-0.869	-1.346	-1.995	-2.532	-2.601
0.00044  1.20e+10  0.8074216247   0.798  2.218  3.6869  1.821    0  0.000  0.463     0.00     0.00 -1  2.83e-10      0.00 7.000e-01 2.990e-01 1.100e-03 5.880e-04 3.170e-03 -1.000 1.000e-03	-0.775	0.706	0.413	-0.457	-0.971	-1.452	-2.108	-2.651	-2.720
0.00044  1.20e+10  0.8074564338   0.797  2.258  3.6847  1.773    0  0.000  0.463     0.00     0.00 -1  3.28e-10      0.00 7.000e-01 2.990e-01 1.100e-03 5.880e-04 3.170e-03 -1.000 1.000e-03	-0.874	0.655	0.338	-0.547	-1.067	-1.553	-2.215	-2.764	-2.834
0.00044  1.20e+10  0.8074903488   0.797  2.299  3.6826  1.723    0  0.000  0.463     0.00     0.00 -1  3.82e-10      0.00 7.000e-01 2.990e-01 1.100e-03 5.880e-04 3.170e-03 -1.000 1.000e-03	-0.978	0.598	0.259	-0.642	-1.168	-1.658	-2.327	-2.882	-2.952
0.00044  1.20e+10  0.8075201511   0.796  2.338  3.6803  1.674    0  0.000  0.463     0.00     0.00 -1  4.42e-10      0.00 7.000e-01 2.990e-01 1.100e-03 5.880e-04 3.170e-03 -1.000 1.000e-03	-1.075	0.554	0.189	-0.728	-1.261	-1.756	-2.433	-2.994	-3.065
0.00044  1.20e+10  0.8075490594   0.795  2.378  3.6782  1.625    0  0.000  0.463     0.00     0.00 -1  5.14e-10      0.00 7.000e-01 2.990e-01 1.100e-03 5.880e-04 3.170e-03 -1.000 1.000e-03	-1.176	0.506	0.114	-0.819	-1.358	-1.858	-2.542	-3.109	-3.181
0.00044  1.20e+10  0.8075747490   0.795  2.417  3.6759  1.577    0  0.000  0.463     0.00     0.00 -1  5.94e-10      0.00 7.000e-01 2.990e-01 1.100e-03 5.880e-04 3.170e-03 -1.000 1.000e-03	-1.272	0.465	0.046	-0.904	-1.450	-1.954	-2.646	-3.220	-3.293
0.00044  1.20e+10  0.8076046705   0.794  2.465  3.6732  1.517    0  0.000  0.463     0.00     0.00 -1   7.1e-10      0.00 7.000e-01 2.990e-01 1.100e-03 5.880e-04 3.170e-03 -1.000 1.000e-03	-1.392	0.415	-0.039	-1.010	-1.565	-2.076	-2.777	-3.358	-3.432
0.00044  1.20e+10  0.8076312542   0.793  2.512  3.6704  1.459    0  0.000  0.463     0.00     0.00 -1  8.46e-10      0.00 7.000e-01 2.990e-01 1.100e-03 5.880e-04 3.170e-03 -1.000 1.000e-03	-1.509	0.375	-0.116	-1.112	-1.676	-2.193	-2.904	-3.493	-3.568
0.00044  1.20e+10  0.8076521754   0.792  2.551  3.6681  1.410    0  0.000  0.463     0.00     0.00 -1  9.82e-10      0.00 7.000e-01 2.990e-01 1.100e-03 5.880e-04 3.170e-03 -1.000 1.000e-03	-1.607	0.341	-0.182	-1.198	-1.770	-2.292	-3.011	-3.607	-3.683
0.00044  1.20e+10  0.8076743484   0.791  2.596  3.6653  1.353    0  0.000  0.463     0.00     0.00 -1  1.16e-09      0.00 7.000e-01 2.990e-01 1.100e-03 5.880e-04 3.170e-03 -1.000 1.000e-03	-1.720	0.315	-0.251	-1.292	-1.875	-2.405	-3.134	-3.737	-3.814
0.00044  1.20e+10  0.8076921105   0.789  2.634  3.6630  1.305    0  0.000  0.463     0.00     0.00 -1  1.35e-09      0.00 7.000e-01 2.990e-01 1.100e-03 5.880e-04 3.170e-03 -1.000 1.000e-03	-1.816	0.291	-0.311	-1.374	-1.966	-2.501	-3.239	-3.849	-3.927
0.00044  1.20e+10  0.8077108264   0.788  2.678  3.6601  1.249    0  0.000  0.463     0.00     0.00 -1  1.59e-09      0.00 7.000e-01 2.990e-01 1.100e-03 5.880e-04 3.170e-03 -1.000 1.000e-03	-1.925	0.275	-0.372	-1.464	-2.067	-2.610	-3.359	-3.977	-4.055
0.00044  1.20e+10  0.8077288270   0.786  2.723  3.6572  1.192    0  0.000  0.463     0.00     0.00 -1  1.88e-09      0.00 7.000e-01 2.990e-01 1.100e-03 5.880e-04 3.170e-03 -1.000 1.000e-03	-2.038	0.258	-0.436	-1.557	-2.172	-2.722	-3.483	-4.108	-4.188
0.00044  1.20e+10  0.8077455759   0.785  2.768  3.6543  1.134    0  0.000  0.463     0.00     0.00 -1  2.23e-09      0.00 7.000e-01 2.990e-01 1.100e-03 5.880e-04 3.170e-03 -1.000 1.000e-03	-2.151	0.245	-0.499	-1.651	-2.278	-2.836	-3.607	-4.241	-4.321
0.00044  1.20e+10  0.8077601194   0.783  2.811  3.6514  1.079    0  0.000  0.463     0.00     0.00 -1  2.63e-09      0.00 7.000e-01 2.990e-01 1.100e-03 5.880e-04 3.170e-03 -1.000 1.000e-03	-2.257	0.245	-0.551	-1.733	-2.373	-2.939	-3.722	-4.365	-4.447
0.00044  1.20e+10  0.8077743649   0.781  2.855  3.6485  1.021    0  0.000  0.463     0.00     0.00 -1  3.11e-09      0.00 7.000e-01 2.990e-01 1.100e-03 5.880e-04 3.170e-03 -1.000 1.000e-03	-2.368	0.243	-0.607	-1.819	-2.473	-3.047	-3.843	-4.495	-4.578
0.00044  1.20e+10  0.8077867627   0.779  2.897  3.6456  0.967    0  0.000  0.463     0.00     0.00 -1  3.65e-09      0.00 7.000e-01 2.990e-01 1.100e-03 5.880e-04 3.170e-03 -1.000 1.000e-03	-2.472	0.257	-0.650	-1.896	-2.564	-3.148	-3.957	-4.618	-4.702
0.00044  1.20e+10  0.8077987432   0.776  2.940  3.6426  0.911    0  0.000  0.463     0.00     0.00 -1  4.31e-09      0.00 7.000e-01 2.990e-01 1.100e-03 5.880e-04 3.170e-03 -1.000 1.000e-03	-2.579	0.275	-0.692	-1.975	-2.659	-3.253	-4.074	-4.744	-4.830
0.00044  1.20e+10  0.8078098893   0.774  2.983  3.6397  0.855    0  0.000  0.463     0.00     0.00 -1  5.09e-09      0.00 7.000e-01 2.990e-01 1.100e-03 5.880e-04 3.170e-03 -1.000 1.000e-03	-2.687	0.297	-0.733	-2.053	-2.754	-3.357	-4.192	-4.870	-4.958
0.00044  1.20e+10  0.8078197241   0.771  3.023  3.6367  0.801    0  0.000  0.463     0.00     0.00 -1  5.95e-09      0.00 7.000e-01 2.990e-01 1.100e-03 5.880e-04 3.170e-03 -1.000 1.000e-03	-2.787	0.331	-0.763	-2.121	-2.839	-3.453	-4.302	-4.989	-5.079
0.00044  1.20e+10  0.8078292608   0.768  3.064  3.6338  0.746    0  0.000  0.463     0.00     0.00 -1  6.98e-09      0.00 7.000e-01 2.990e-01 1.100e-03 5.880e-04 3.170e-03 -1.000 1.000e-03	-2.891	0.366	-0.794	-2.191	-2.927	-3.552	-4.414	-5.112	-5.203
0.00044  1.20e+10  0.8078381419   0.764  3.106  3.6308  0.691    0  0.000  0.463     0.00     0.00 -1  8.19e-09      0.00 7.000e-01 2.990e-01 1.100e-03 5.880e-04 3.170e-03 -1.000 1.000e-03	-2.994	0.405	-0.822	-2.259	-3.014	-3.650	-4.527	-5.233	-5.326
0.00044  1.20e+10  0.8078462481   0.761  3.146  3.6279  0.637    0  0.000  0.463     0.00     0.00 -1  9.59e-09      0.00 7.000e-01 2.990e-01 1.100e-03 5.880e-04 3.170e-03 -1.000 1.000e-03	-3.094	0.449	-0.846	-2.323	-3.097	-3.744	-4.636	-5.352	-5.447
0.00044  1.20e+10  0.8078542948   0.756  3.188  3.6250  0.581    0  0.000  0.463     0.00     0.00 -1  1.13e-08      0.00 7.000e-01 2.990e-01 1.100e-03 5.880e-04 3.170e-03 -1.000 1.000e-03	-3.199	0.492	-0.872	-2.392	-3.184	-3.843	-4.750	-5.476	-5.573
0.00044  1.20e+10  0.8078615069   0.752  3.228  3.6220  0.526    0  0.000  0.463     0.00     0.00 -1  1.32e-08      0.00 7.000e-01 2.990e-01 1.100e-03 5.880e-04 3.170e-03 -1.000 1.000e-03	-3.299	0.539	-0.892	-2.451	-3.264	-3.935	-4.857	-5.593	-5.692
0.00044  1.20e+10  0.8078684807   0.746  3.268  3.6191  0.472    0  0.000  0.463     0.00     0.00 -1  1.55e-08      0.00 7.000e-01 2.990e-01 1.100e-03 5.880e-04 3.170e-03 -1.000 1.000e-03	-3.399	0.590	-0.907	-2.509	-3.343	-4.027	-4.966	-5.711	-5.813
0.00044  1.20e+10  0.8078743219   0.741  1.719  3.7841  2.677    4  0.000  0.463     0.00     0.00 -1         0      0.00 7.000e-01 2.990e-01 1.100e-03 5.880e-04 3.170e-03 -1.000 1.000e-03	0.472	0.914	0.976	0.556	0.249	-0.053	-0.437	-0.741	-0.771
0.00044  1.20e+10  0.8078776002   0.741  1.726  3.7822  2.663    4  0.000  0.463     0.00     0.00 -1         0      0.00 7.000e-01 2.990e-01 1.100e-03 5.880e-04 3.170e-03 -1.000 1.000e-03	0.456	0.906	0.968	0.542	0.232	-0.073	-0.462	-0.770	-0.801
0.00044  1.20e+10  0.8079329729   0.742  1.738  3.7802  2.643    4  0.000  0.463     0.00     0.00 -1         0      0.00 7.000e-01 2.990e-01 1.100e-03 5.880e-04 3.170e-03 -1.000 1.000e-03	0.426	0.885	0.946	0.515	0.201	-0.108	-0.502	-0.814	-0.845
0.00044  1.20e+10  0.8079889417   0.742  1.739  3.7805  2.643    4  0.000  0.463     0.00     0.00 -1         0      0.00 7.000e-01 2.990e-01 1.100e-03 5.880e-04 3.170e-03 -1.000 1.000e-03	0.421	0.879	0.941	0.510	0.197	-0.112	-0.505	-0.816	-0.848
0.00044  1.20e+10  0.8080461621   0.742  1.740  3.7813  2.645    4  0.000  0.463     0.00     0.00 -1         0      0.00 7.000e-01 2.990e-01 1.100e-03 5.880e-04 3.170e-03 -1.000 1.000e-03	0.420	0.874	0.935	0.507	0.195	-0.112	-0.503	-0.813	-0.844
0.00044  1.20e+10  0.8081028461   0.742  1.740  3.7824  2.650    4  0.000  0.463     0.00     0.00 -1         0      0.00 7.000e-01 2.990e-01 1.100e-03 5.880e-04 3.170e-03 -1.000 1.000e-03	0.419	0.870	0.930	0.505	0.195	-0.110	-0.498	-0.805	-0.836
0.00044  1.20e+10  0.8081561327   0.742  1.740  3.7837  2.655    4  0.000  0.463     0.00     0.00 -1         0      0.00 7.000e-01 2.990e-01 1.100e-03 5.880e-04 3.170e-03 -1.000 1.000e-03	0.420	0.865	0.924	0.503	0.197	-0.106	-0.491	-0.795	-0.825
0.00044  1.20e+10  0.8082085252   0.742  1.739  3.7853  2.662    4  0.000  0.463     0.00     0.00 -1         0      0.00 7.000e-01 2.990e-01 1.100e-03 5.880e-04 3.170e-03 -1.000 1.000e-03	0.422	0.860	0.918	0.503	0.199	-0.101	-0.482	-0.782	-0.812
0.00044  1.20e+10  0.8082615137   0.742  1.738  3.7871  2.670    4  0.000  0.463     0.00     0.00 -1         0      0.00 7.000e-01 2.990e-01 1.100e-03 5.880e-04 3.170e-03 -1.000 9.999e-04	0.424	0.855	0.912	0.502	0.202	-0.095	-0.471	-0.768	-0.797
0.00044  1.20e+10  0.8083170056   0.742  1.737  3.7890  2.679    4  0.000  0.463     0.00     0.00 -1         0      0.00 7.000e-01 2.990e-01 1.100e-03 5.880e-04 3.170e-03 -1.000 1.000e-03	0.426	0.849	0.905	0.501	0.205	-0.088	-0.459	-0.751	-0.780
0.00044  1.20e+10  0.8083716631   0.742  1.737  3.7909  2.687    4  0.000  0.463     0.00     0.00 -1         0      0.00 7.000e-01 2.990e-01 1.100e-03 5.880e-04 3.170e-03 -1.000 1.000e-03	0.428	0.843	0.899	0.501	0.208	-0.082	-0.448	-0.736	-0.765
0.00044  1.20e+10  0.8084279299   0.742  1.736  3.7927  2.695    4  0.000  0.463     0.00     0.00 -1         0      0.00 7.000e-01 2.990e-01 1.100e-03 5.880e-04 3.170e-03 -1.000 1.000e-03	0.430	0.838	0.892	0.500	0.211	-0.076	-0.438	-0.721	-0.750
0.00044  1.20e+10  0.8084837198   0.742  1.735  3.7942  2.702    4  0.000  0.463     0.00     0.00 -1         0      0.00 7.000e-01 2.990e-01 1.100e-03 5.880e-04 3.170e-03 -1.000 1.000e-03	0.432	0.834	0.887	0.499	0.213	-0.071	-0.429	-0.709	-0.737
0.00044  1.20e+10  0.8085388541   0.742  1.735  3.7953  2.707    4  0.000  0.463     0.00     0.00 -1         0      0.00 7.000e-01 2.990e-01 1.100e-03 5.880e-04 3.170e-03 -1.000 1.000e-03	0.433	0.831	0.883	0.498	0.215	-0.068	-0.423	-0.700	-0.728
0.00044  1.20e+10  0.8085922599   0.742  1.735  3.7960  2.710    4  0.000  0.463     0.00     0.00 -1         0      0.00 7.000e-01 2.990e-01 1.100e-03 5.880e-04 3.170e-03 -1.000 1.000e-03	0.433	0.828	0.880	0.498	0.215	-0.066	-0.419	-0.695	-0.722
0.00044  1.20e+10  0.8086155653   0.742  1.735  3.7964  2.711    4  0.000  0.463     0.00     0.00 -1         0      0.00 7.000e-01 2.990e-01 1.100e-03 5.880e-04 3.170e-03 -1.000 1.000e-03	0.433	0.827	0.878	0.497	0.215	-0.065	-0.417	-0.692	-0.720
0.00044  1.20e+10  0.8086277246   0.742  1.735  3.7964  2.711    4  0.000  0.463     0.00     0.00 -1         0      0.00 7.000e-01 2.990e-01 1.100e-03 5.880e-04 3.170e-03 -1.000 1.000e-03	0.433	0.827	0.878	0.497	0.215	-0.065	-0.418	-0.693	-0.720
0.00044  1.20e+10  0.8086810112   0.742  1.735  3.7963  2.711    4  0.000  0.463     0.00     0.00 -1         0      0.00 7.000e-01 2.990e-01 1.100e-03 5.880e-04 3.170e-03 -1.000 1.000e-03	0.432	0.826	0.877	0.496	0.214	-0.066	-0.419	-0.694	-0.722
0.00044  1.20e+10  0.8087349534   0.742  1.736  3.7958  2.708    4  0.000  0.463     0.00     0.00 -1         0      0.00 7.000e-01 2.990e-01 1.100e-03 5.880e-04 3.170e-03 -1.000 9.999e-04	0.430	0.826	0.877	0.494	0.212	-0.070	-0.424	-0.700	-0.728
0.00044  1.20e+10  0.8087879419   0.742  1.737  3.7947  2.702    4  0.000  0.463     0.00     0.00 -1         0      0.00 7.000e-01 2.990e-01 1.100e-03 5.880e-04 3.170e-03 -1.000 1.000e-03	0.427	0.826	0.879	0.493	0.208	-0.075	-0.432	-0.710	-0.738
0.00044  1.20e+10  0.8088401556   0.743  1.739  3.7932  2.695    4  0.000  0.463     0.00     0.00 -1         0      0.00 7.000e-01 2.990e-01 1.100e-03 5.880e-04 3.170e-03 -1.000 1.000e-03	0.423	0.828	0.882	0.491	0.203	-0.083	-0.443	-0.725	-0.753
0.00044  1.20e+10  0.8088921309   0.743  1.741  3.7911  2.684    4  0.000  0.463     0.00     0.00 -1         0      0.00 7.000e-01 2.990e-01 1.100e-03 5.880e-04 3.170e-03 -1.000 1.000e-03	0.417	0.832	0.886	0.489	0.197	-0.093	-0.458	-0.745	-0.774
0.00044  1.20e+10  0.8089438081   0.743  1.744  3.7886  2.672    4  0.000  0.463     0.00     0.00 -1         0      0.00 7.000e-01 2.990e-01 1.100e-03 5.880e-04 3.170e-03 -1.000 1.000e-03	0.411	0.836	0.892	0.487	0.190	-0.104	-0.476	-0.769	-0.798
0.00044  1.20e+10  0.8089954853   0.743  1.746  3.7858  2.658    4  0.000  0.463     0.00     0.00 -1         0      0.00 7.000e-01 2.990e-01 1.100e-03 5.880e-04 3.170e-03 -1.000 1.000e-03	0.404	0.840	0.898	0.484	0.181	-0.118	-0.497	-0.796	-0.826
0.00044  1.20e+10  0.8090003729   0.743  1.747  3.7856  2.656    4  0.000  0.463     0.00     0.00 -1         0      0.00 7.000e-01 2.990e-01 1.100e-03 5.880e-04 3.170e-03 -1.000 1.000e-03	0.403	0.841	0.898	0.484	0.181	-0.119	-0.499	-0.799	-0.829
0.00044  1.20e+10  0.8090086579   0.743  1.747  3.7851  2.654    4  0.000  0.463     0.00     0.00 -1         0      0.00 7.000e-01 2.990e-01 1.100e-03 5.880e-04 3.170e-03 -1.000 1.000e-03	0.402	0.842	0.899	0.483	0.179	-0.121	-0.502	-0.803	-0.834
0.00044  1.20e+10  0.8090571165   0.743  1.750  3.7821  2.639    4  0.000  0.463     0.00     0.00 -1         0      0.00 7.000e-01 2.990e-01 1.100e-03 5.880e-04 3.170e-03 -1.000 1.000e-03	0.394	0.846	0.905	0.479	0.170	-0.136	-0.525	-0.833	-0.864
0.00044  1.20e+10  0.8091043830   0.743  1.754  3.7791  2.623    4  0.000  0.463     0.00     0.00 -1         0      0.00 7.000e-01 2.990e-01 1.100e-03 5.880e-04 3.170e-03 -1.000 1.000e-03	0.385	0.850	0.910	0.475	0.159	-0.152	-0.548	-0.863	-0.895
0.00044  1.20e+10  0.8091549873   0.743  1.759  3.7756  2.605    4  0.000  0.463     0.00     0.00 -1         0      0.00 7.000e-01 2.990e-01 1.100e-03 5.880e-04 3.170e-03 -1.000 1.000e-03	0.373	0.857	0.916	0.469	0.147	-0.170	-0.576	-0.899	-0.932
0.00044  1.20e+10  0.8092030287   0.743  1.764  3.7724  2.587    4  0.000  0.463     0.00     0.00 -1         0      0.00 7.000e-01 2.990e-01 1.100e-03 5.880e-04 3.170e-03 -1.000 9.999e-04	0.361	0.863	0.920	0.463	0.134	-0.189	-0.603	-0.934	-0.968
0.00044  1.20e+10  0.8092491031   0.743  1.768  3.7695  2.570    4  0.000  0.463     0.00     0.00 -1         0      0.00 7.000e-01 2.990e-01 1.100e-03 5.880e-04 3.170e-03 -1.000 1.000e-03	0.349	0.866	0.923	0.455	0.121	-0.207	-0.628	-0.966	-1.001
0.00044  1.20e+10  0.8092966676   0.743  1.774  3.7666  2.553    4  0.000  0.463     0.00     0.00 -1         0      0.00 7.000e-01 2.990e-01 1.100e-03 5.880e-04 3.170e-03 -1.000 1.000e-03	0.335	0.868	0.924	0.447	0.107	-0.227	-0.655	-1.000	-1.036
0.00044  1.20e+10  0.8093433380   0.743  1.780  3.7640  2.538    4  0.000  0.463     0.00     0.00 -1         0      0.00 7.000e-01 2.990e-01 1.100e-03 5.880e-04 3.170e-03 -1.000 1.000e-03	0.321	0.870	0.924	0.437	0.092	-0.246	-0.681	-1.032	-1.069
0.00044  1.20e+10  0.8093904853   0.743  1.785  3.7617  2.522    4  0.000  0.463     0.00     0.00 -1         0      0.00 7.000e-01 2.990e-01 1.100e-03 5.880e-04 3.170e-03 -1.000 1.000e-03	0.307	0.872	0.922	0.427	0.077	-0.265	-0.706	-1.063	-1.100
0.00044  1.20e+10  0.8094376326   0.743  1.792  3.7594  2.507    4  0.000  0.463     0.00     0.00 -1         0      0.00 7.000e-01 2.990e-01 1.100e-03 5.880e-04 3.170e-03 -1.000 1.000e-03	0.291	0.871	0.919	0.416	0.061	-0.285	-0.733	-1.094	-1.133
0.00044  1.20e+10  0.8094851375   0.743  1.799  3.7569  2.489    4  0.000  0.463     0.00     0.00 -1         0      0.00 7.000e-01 2.990e-01 1.100e-03 5.880e-04 3.170e-03 -1.000 1.000e-03	0.271	0.868	0.913	0.401	0.041	-0.309	-0.763	-1.131	-1.170
0.00044  1.20e+10  0.8094946146   0.743  1.799  3.7571  2.490    4  0.000  0.463     0.00     0.00 -1         0      0.00 7.000e-01 2.990e-01 1.100e-03 5.880e-04 3.170e-03 -1.000 1.000e-03	0.272	0.867	0.912	0.400	0.042	-0.309	-0.762	-1.129	-1.168
0.00044  1.20e+10  0.8095433116   0.743  1.810  3.7539  2.466    4  0.000  0.463     0.00     0.00 -1         0      0.00 7.000e-01 2.990e-01 1.100e-03 5.880e-04 3.170e-03 -1.000 1.000e-03	0.244	0.862	0.903	0.379	0.014	-0.342	-0.804	-1.179	-1.219
0.00044  1.20e+10  0.8095912337   0.743  1.825  3.7502  2.437    4  0.000  0.463     0.00     0.00 -1         0      0.00 7.000e-01 2.990e-01 1.100e-03 5.880e-04 3.170e-03 -1.000 1.000e-03	0.207	0.852	0.887	0.348	-0.024	-0.387	-0.859	-1.242	-1.284
0.00044  1.20e+10  0.8096316457   0.743  1.856  3.7438  2.380    4  0.000  0.463     0.00     0.00 -1         0      0.00 7.000e-01 2.990e-01 1.100e-03 5.880e-04 3.170e-03 -1.000 1.000e-03	0.129	0.828	0.848	0.283	-0.103	-0.476	-0.965	-1.363	-1.407
0.00044  1.20e+10  0.8096534610   0.743  1.896  3.7368  2.313    4  0.000  0.463     0.00     0.00 -1         0      0.00 7.000e-01 2.990e-01 1.100e-03 5.880e-04 3.170e-03 -1.000 1.000e-03	0.031	0.792	0.793	0.198	-0.202	-0.588	-1.095	-1.510	-1.557
0.00044  1.20e+10  0.8096633554   0.743  1.937  3.7304  2.246    4  0.000  0.463     0.00     0.00 -1         0      0.00 7.000e-01 2.990e-01 1.100e-03 5.880e-04 3.170e-03 -1.000 1.000e-03	-0.072	0.758	0.734	0.109	-0.304	-0.701	-1.226	-1.657	-1.706
0.00044  1.20e+10  0.8096677661   0.743  1.978  3.7249  2.182    4  0.000  0.463     0.00     0.00 -1         0      0.00 7.000e-01 2.990e-01 1.100e-03 5.880e-04 3.170e-03 -1.000 1.000e-03	-0.176	0.715	0.670	0.019	-0.406	-0.814	-1.354	-1.798	-1.850
0.00044  1.20e+10  0.8096698523   0.743  2.015  3.7205  2.128    4  0.000  0.463     0.00     0.00 -1         0      0.00 7.000e-01 2.990e-01 1.100e-03 5.880e-04 3.170e-03 -1.000 1.000e-03	-0.268	0.679	0.611	-0.062	-0.497	-0.913	-1.466	-1.921	-1.974
0.00044  1.20e+10  0.8096706867   0.743  2.038  3.7180  2.095    4  0.000  0.463     0.00     0.00 -1         0      0.00 7.000e-01 2.990e-01 1.100e-03 5.880e-04 3.170e-03 -1.000 1.000e-03	-0.326	0.655	0.573	-0.113	-0.553	-0.973	-1.534	-1.994	-2.049
0.00044  1.20e+10  0.8096717596   0.743  2.078  3.7144  2.041    4  0.000  0.463     0.00     0.00 -1         0      0.00 7.000e-01 2.990e-01 1.100e-03 5.880e-04 3.170e-03 -1.000 1.000e-03	-0.426	0.605	0.503	-0.203	-0.651	-1.078	-1.649	-2.119	-2.176
0.00044  1.20e+10  0.8096727729   0.743  2.115  3.7112  1.991    4  0.000  0.463     0.00     0.00 -1         0      0.00 7.000e-01 2.990e-01 1.100e-03 5.880e-04 3.170e-03 -1.000 1.000e-03	-0.519	0.557	0.436	-0.287	-0.742	-1.175	-1.755	-2.234	-2.292
0.00044  1.20e+10  0.8096736670   0.743  2.139  3.7093  1.959    4  0.000  0.463     0.00     0.00 -1         0      0.00 7.000e-01 2.990e-01 1.100e-03 5.880e-04 3.170e-03 -1.000 1.000e-03	-0.578	0.527	0.393	-0.341	-0.801	-1.238	-1.823	-2.306	-2.365
0.00044  1.20e+10  0.8096746802   0.743  2.158  3.7079  1.935    4  0.000  0.463     0.00     0.00 -1         0      0.00 7.000e-01 2.990e-01 1.100e-03 5.880e-04 3.170e-03 -1.000 1.000e-03	-0.626	0.504	0.359	-0.384	-0.847	-1.287	-1.876	-2.363	-2.423
0.00044  1.20e+10  0.8096760511   0.743  2.164  3.7075  1.927    4  0.000  0.463     0.00     0.00 -1         0      0.00 7.000e-01 2.990e-01 1.100e-03 5.880e-04 3.170e-03 -1.000 1.000e-03	-0.640	0.496	0.348	-0.397	-0.861	-1.302	-1.893	-2.380	-2.440
0.00044  1.20e+10  0.8096787333   0.743  2.158  3.7080  1.936    4  0.000  0.463     0.00     0.00 -1         0      0.00 7.000e-01 2.990e-01 1.100e-03 5.880e-04 3.170e-03 -1.000 1.000e-03	-0.624	0.503	0.359	-0.383	-0.846	-1.285	-1.875	-2.361	-2.420
0.00044  1.20e+10  0.8096832037   0.743  2.147  3.7089  1.949    4  0.000  0.463     0.00     0.00 -1         0      0.00 7.000e-01 2.990e-01 1.100e-03 5.880e-04 3.170e-03 -1.000 1.000e-03	-0.598	0.515	0.378	-0.359	-0.820	-1.258	-1.845	-2.329	-2.388
0.00044  1.20e+10  0.8097100258   0.743  2.159  3.7076  1.932    4  0.000  0.463     0.00     0.00 -1         0      0.00 7.000e-01 2.990e-01 1.100e-03 5.880e-04 3.170e-03 -1.000 1.000e-03	-0.629	0.505	0.359	-0.386	-0.850	-1.290	-1.880	-2.368	-2.427
0.00044  1.20e+10  0.8097264171   0.744  2.175  3.7063  1.911    4  0.000  0.463     0.00     0.00 -1         0      0.00 7.000e-01 2.990e-01 1.100e-03 5.880e-04 3.170e-03 -1.000 1.000e-03	-0.668	0.489	0.332	-0.421	-0.888	-1.331	-1.925	-2.416	-2.476
0.00044  1.20e+10  0.8097462058   0.744  2.217  3.7029  1.856    4  0.000  0.463     0.00     0.00 -1         0      0.00 7.000e-01 2.990e-01 1.100e-03 5.880e-04 3.170e-03 -1.000 1.000e-03	-0.771	0.442	0.260	-0.513	-0.989	-1.439	-2.043	-2.542	-2.604
0.00044  1.20e+10  0.8097663522   0.744  2.261  3.6995  1.799    4  0.000  0.463     0.00     0.00 -1         0      0.00 7.000e-01 2.990e-01 1.100e-03 5.880e-04 3.170e-03 -1.000 1.000e-03	-0.882	0.390	0.182	-0.613	-1.097	-1.553	-2.168	-2.675	-2.739
0.00044  1.20e+10  0.8097845316   0.744  2.304  3.6963  1.743    4  0.000  0.463     0.00     0.00 -1         0      0.00 7.000e-01 2.990e-01 1.100e-03 5.880e-04 3.170e-03 -1.000 1.000e-03	-0.990	0.339	0.105	-0.710	-1.202	-1.665	-2.289	-2.805	-2.870
0.00044  1.20e+10  0.8098006248   0.744  2.346  3.6932  1.688    4  0.000  0.463     0.00     0.00 -1         0      0.00 7.000e-01 2.990e-01 1.100e-03 5.880e-04 3.170e-03 -1.000 1.000e-03	-1.096	0.296	0.033	-0.803	-1.304	-1.774	-2.408	-2.932	-2.998
0.00044  1.20e+10  0.8098148108   0.744  2.388  3.6901  1.633    4  0.000  0.463     0.00     0.00 -1         0      0.00 7.000e-01 2.990e-01 1.100e-03 5.880e-04 3.170e-03 -1.000 1.000e-03	-1.201	0.256	-0.039	-0.896	-1.405	-1.881	-2.525	-3.058	-3.125
0.00044  1.20e+10  0.8098273277   0.744  2.430  3.6871  1.580    4  0.000  0.463     0.00     0.00 -1         0      0.00 7.000e-01 2.990e-01 1.100e-03 5.880e-04 3.170e-03 -1.000 1.000e-03	-1.305	0.216	-0.109	-0.988	-1.505	-1.988	-2.642	-3.182	-3.250
0.00044  1.20e+10  0.8098383546   0.744  2.472  3.6841  1.526    4  0.000  0.463     0.00     0.00 -1         0      0.00 7.000e-01 2.990e-01 1.100e-03 5.880e-04 3.170e-03 -1.000 1.000e-03	-1.409	0.177	-0.179	-1.079	-1.605	-2.094	-2.758	-3.307	-3.376
0.00044  1.20e+10  0.8098483682   0.744  2.514  3.6810  1.472    4  0.000  0.463     0.00     0.00 -1         0      0.00 7.000e-01 2.990e-01 1.100e-03 5.880e-04 3.170e-03 -1.000 1.000e-03	-1.514	0.144	-0.247	-1.170	-1.705	-2.201	-2.875	-3.432	-3.502
0.00044  1.20e+10  0.8098576069   0.744  2.556  3.6779  1.417    4  0.000  0.463     0.00     0.00 -1         0      0.00 7.000e-01 2.990e-01 1.100e-03 5.880e-04 3.170e-03 -1.000 1.000e-03	-1.620	0.118	-0.311	-1.260	-1.805	-2.307	-2.992	-3.558	-3.629
0.00044  1.20e+10  0.8098661304   0.744  2.599  3.6748  1.362    4  0.000  0.463     0.00     0.00 -1         0      0.00 7.000e-01 2.990e-01 1.100e-03 5.880e-04 3.170e-03 -1.000 9.999e-04	-1.727	0.096	-0.375	-1.350	-1.906	-2.415	-3.111	-3.685	-3.758
0.00044  1.20e+10  0.8098741770   0.744  2.642  3.6715  1.305    4  0.000  0.463     0.00     0.00 -1         0      0.00 7.000e-01 2.990e-01 1.100e-03 5.880e-04 3.170e-03 -1.000 1.000e-03	-1.835	0.077	-0.438	-1.440	-2.007	-2.524	-3.231	-3.815	-3.889
0.00044  1.20e+10  0.8098818064   0.744  2.686  3.6683  1.249    4  0.000  0.463     0.00     0.00 -1         0      0.00 7.000e-01 2.990e-01 1.100e-03 5.880e-04 3.170e-03 -1.000 1.000e-03	-1.944	0.061	-0.499	-1.531	-2.109	-2.634	-3.353	-3.945	-4.020
0.00044  1.20e+10  0.8098890185   0.744  2.728  3.6650  1.193    4  0.000  0.463     0.00     0.00 -1         0      0.00 7.000e-01 2.990e-01 1.100e-03 5.880e-04 3.170e-03 -1.000 1.000e-03	-2.051	0.054	-0.555	-1.617	-2.208	-2.741	-3.472	-4.074	-4.150
0.00044  1.20e+10  0.8098960519   0.744  2.772  3.6617  1.137    4  0.000  0.463     0.00     0.00 -1         0      0.00 7.000e-01 2.990e-01 1.100e-03 5.880e-04 3.170e-03 -1.000 1.000e-03	-2.159	0.051	-0.609	-1.703	-2.307	-2.848	-3.592	-4.203	-4.280
0.00044  1.20e+10  0.8099023104   0.744  2.814  3.6584  1.081    4  0.000  0.463     0.00     0.00 -1         0      0.00 7.000e-01 2.990e-01 1.100e-03 5.880e-04 3.170e-03 -1.000 1.000e-03	-2.264	0.052	-0.660	-1.787	-2.404	-2.954	-3.709	-4.330	-4.408
0.00044  1.20e+10  0.8099075556   0.744  2.853  3.6554  1.030    4  0.000  0.463     0.00     0.00 -1         0      0.00 7.000e-01 2.990e-01 1.100e-03 5.880e-04 3.170e-03 -1.000 1.000e-03	-2.362	0.057	-0.705	-1.864	-2.493	-3.051	-3.819	-4.448	-4.527
0.00044  1.20e+10  0.8099120259   0.744  2.892  3.6522  0.979    4  0.000  0.463     0.00     0.00 -1         0      0.00 7.000e-01 2.990e-01 1.100e-03 5.880e-04 3.170e-03 -1.000 1.000e-03	-2.460	0.072	-0.745	-1.937	-2.580	-3.147	-3.927	-4.565	-4.646
0.00044  1.20e+10  0.8099157810   0.744  2.932  3.6490  0.926    4  0.000  0.463     0.00     0.00 -1         0      0.00 7.000e-01 2.990e-01 1.100e-03 5.880e-04 3.170e-03 -1.000 1.000e-03	-2.560	0.099	-0.779	-2.007	-2.667	-3.243	-4.038	-4.685	-4.768
0.00044  1.20e+10  0.8099193573   0.744  2.976  3.6455  0.867    4  0.000  0.463     0.00     0.00 -1         0      0.00 7.000e-01 2.990e-01 1.100e-03 5.880e-04 3.170e-03 -1.000 1.000e-03	-2.670	0.134	-0.814	-2.084	-2.762	-3.350	-4.160	-4.819	-4.903
0.00044  1.20e+10  0.8099229336   0.744  3.023  3.6416  0.804    4  0.000  0.463     0.00     0.00 -1         0      0.00 7.000e-01 2.990e-01 1.100e-03 5.880e-04 3.170e-03 -1.000 1.000e-03	-2.788	0.178	-0.848	-2.165	-2.864	-3.464	-4.291	-4.962	-5.048
0.00044  1.20e+10  0.8099261522   0.744  3.073  3.6375  0.738    4  0.000  0.463     0.00     0.00 -1         0      0.00 7.000e-01 2.990e-01 1.100e-03 5.880e-04 3.170e-03 -1.000 1.000e-03	-2.914	0.235	-0.877	-2.246	-2.968	-3.583	-4.430	-5.113	-5.202
0.00044  1.20e+10  0.8099272847   0.744  3.104  3.6348  0.696    4  0.000  0.463     0.00     0.00 -1         0      0.00 7.000e-01 2.990e-01 1.100e-03 5.880e-04 3.170e-03 -1.000 1.000e-03	-2.991	0.276	-0.892	-2.294	-3.031	-3.656	-4.514	-5.207	-5.297
0.00044  1.20e+10  0.8099274635   0.744  3.112  3.6342  0.686    4  0.000  0.463     0.00     0.00 -1         0      0.00 7.000e-01 2.990e-01 1.100e-03 5.880e-04 3.170e-03 -1.000 1.000e-03	-3.011	0.286	-0.896	-2.306	-3.048	-3.675	-4.537	-5.231	-5.322
0.00044  1.20e+10  0.8099278212   0.744  3.127  3.6330  0.666    4  0.000  0.463     0.00     0.00 -1         0      0.00 7.000e-01 2.990e-01 1.100e-03 5.880e-04 3.170e-03 -1.000 1.000e-03	-3.048	0.305	-0.903	-2.329	-3.078	-3.709	-4.577	-5.275	-5.366
0.00044  1.20e+10  0.8099282384   0.744  3.153  3.6307  0.631    4  0.000  0.463     0.00     0.00 -1         0      0.00 7.000e-01 2.990e-01 1.100e-03 5.880e-04 3.170e-03 -1.000 1.000e-03	-3.113	0.343	-0.914	-2.369	-3.131	-3.770	-4.649	-5.354	-5.447
0.00044  1.20e+10  0.8099285364   0.744  3.173  3.6258  0.591    8  0.523  0.441    47.09    25.22  1 -2.48e-07      0.00 7.422e-01 2.573e-01 6.597e-05 4.213e-05 1.989e-04 -1.000 4.535e-04	-3.163	0.491	-0.856	-2.366	-3.154	-3.810	-4.712	-5.435	-5.531
0.00044  1.20e+10  0.8099285960   0.743  2.947  3.6443  0.891    8  0.523  0.442    24.68    14.42  1 -1.05e-07      0.00 7.422e-01 2.573e-01 6.597e-05 4.213e-05 1.989e-04 -1.000 4.535e-04	-2.598	0.224	-0.730	-2.004	-2.685	-3.275	-4.089	-4.753	-4.838
0.00044  1.20e+10  0.8099287152   0.741  2.794  3.6567  1.093    8  0.523  0.442    15.97     9.89  1 -6.29e-08      0.00 7.422e-01 2.573e-01 6.597e-05 4.213e-05 1.989e-04 -1.000 4.535e-04	-2.216	0.138	-0.590	-1.729	-2.350	-2.903	-3.666	-4.291	-4.371
0.00044  1.20e+10  0.8099288940   0.738  2.602  3.6725  1.345    8  0.523  0.442     9.26     6.16  1 -3.55e-08      0.00 7.422e-01 2.573e-01 6.597e-05 4.213e-05 1.989e-04 -1.000 4.535e-04	-1.736	0.143	-0.354	-1.346	-1.909	-2.424	-3.128	-3.708	-3.782
0.00044  1.20e+10  0.8099291921   0.733  2.610  3.6718  1.332    8  0.523  0.442     9.53     6.30  1 -3.66e-08      0.00 7.422e-01 2.573e-01 6.597e-05 4.213e-05 1.989e-04 -1.000 4.535e-04	-1.756	0.141	-0.365	-1.363	-1.928	-2.444	-3.150	-3.733	-3.807
0.00044  1.20e+10  0.8099295497   0.727  2.720  3.6628  1.182    8  0.524  0.442    13.17     8.30  1 -5.13e-08      0.00 7.422e-01 2.573e-01 6.597e-05 4.213e-05 1.989e-04 -1.000 4.535e-04	-2.031	0.132	-0.504	-1.584	-2.182	-2.720	-3.459	-4.067	-4.145
0.00044  1.20e+10  0.8099299669   0.719  2.905  3.6476  0.933    8  0.524  0.442    22.57    13.15  1 -9.46e-08      0.00 7.422e-01 2.573e-01 6.597e-05 4.213e-05 1.989e-04 -1.000 4.535e-04	-2.492	0.203	-0.691	-1.929	-2.593	-3.173	-3.973	-4.626	-4.709
0.00044  1.20e+10  0.8099305034   0.711  3.065  3.6343  0.714    8  0.524  0.442    36.23    19.67  1 -1.73e-07      0.00 7.422e-01 2.573e-01 6.597e-05 4.213e-05 1.989e-04 -1.000 4.535e-04	-2.893	0.376	-0.791	-2.193	-2.931	-3.556	-4.417	-5.112	-5.202
0.00044  1.20e+10  0.8099310398   0.702  3.174  3.6252  0.563    8  0.524  0.442    50.20    25.89  1 -2.71e-07      0.00 7.422e-01 2.573e-01 6.597e-05 4.213e-05 1.989e-04 -1.000 4.535e-04	-3.164	0.536	-0.833	-2.356	-3.150	-3.810	-4.716	-5.440	-5.536
0.00044  1.20e+10  0.8099316955   0.691  3.236  3.6198  0.472    8  0.525  0.442    61.14    30.43  1 -3.61e-07      0.00 7.422e-01 2.573e-01 6.597e-05 4.213e-05 1.989e-04 -1.000 4.534e-04	-3.321	0.644	-0.843	-2.439	-3.269	-3.951	-4.887	-5.629	-5.730
0.00044  1.20e+10  0.8099324703   0.679  3.272  3.6167  0.417    8  0.525  0.442    69.02    33.45  1 -4.31e-07      0.00 7.422e-01 2.573e-01 6.597e-05 4.213e-05 1.989e-04 -1.000 4.534e-04	-3.410	0.719	-0.836	-2.478	-3.334	-4.031	-4.984	-5.737	-5.841
0.00044  1.20e+10  0.8099332452   0.667  3.298  3.6144  0.374    8  0.526  0.441    75.95    35.88  1 -4.97e-07      0.00 7.422e-01 2.573e-01 6.597e-05 4.213e-05 1.989e-04 -1.000 4.534e-04	-3.474	0.781	-0.827	-2.505	-3.380	-4.089	-5.055	-5.815	-5.921
0.00044  1.20e+10  0.8099333048   0.666  3.123  3.6295  0.608    8  0.526  0.442    45.84    23.16  1 -2.41e-07      0.00 7.422e-01 2.573e-01 6.597e-05 4.213e-05 1.989e-04 -1.000 4.534e-04	-3.038	0.478	-0.807	-2.279	-3.049	-3.693	-4.577	-5.286	-5.380
0.00044  1.20e+10  0.8099334240   0.662  2.928  3.6472  0.871    8  0.526  0.442    26.02    14.14  1 -1.18e-07      0.00 7.422e-01 2.573e-01 6.597e-05 4.213e-05 1.989e-04 -1.000 4.534e-04	-2.550	0.201	-0.723	-1.978	-2.649	-3.233	-4.035	-4.688	-4.772
0.00044  1.20e+10  0.8099336624   0.655  2.734  3.6654  1.134    8  0.526  0.442    14.80     8.62  1 -6.44e-08      0.00 7.422e-01 2.573e-01 6.597e-05 4.213e-05 1.989e-04 -1.000 4.534e-04	-2.066	0.051	-0.567	-1.633	-2.225	-2.758	-3.488	-4.087	-4.163
0.00044  1.20e+10  0.8099339604   0.647  2.741  3.6676  1.130    8  0.526  0.442    14.95     8.61  1 -6.91e-08      0.00 7.422e-01 2.573e-01 6.597e-05 4.213e-05 1.989e-04 -1.000 4.534e-04	-2.082	-0.017	-0.612	-1.662	-2.247	-2.776	-3.497	-4.089	-4.164
0.00044  1.20e+10  0.8099343777   0.636  2.847  3.6620  0.994    8  0.526  0.442    20.13    10.97  1 -1.04e-07      0.00 7.422e-01 2.573e-01 6.597e-05 4.213e-05 1.989e-04 -1.000 4.534e-04	-2.347	-0.085	-0.779	-1.889	-2.498	-3.042	-3.784	-4.392	-4.469
0.00044  1.20e+10  0.8099348545   0.623  3.024  3.6511  0.765    8  0.527  0.442    33.27    16.62  1  -2.1e-07      0.00 7.422e-01 2.573e-01 6.597e-05 4.213e-05 1.989e-04 -1.000 4.534e-04	-2.791	-0.086	-0.996	-2.242	-2.907	-3.485	-4.271	-4.908	-4.988
0.00044  1.20e+10  0.8099353909   0.608  3.178  3.6430  0.568    8  0.527  0.442    51.39    23.57  1 -4.18e-07      0.00 7.422e-01 2.573e-01 6.597e-05 4.213e-05 1.989e-04 -1.000 4.534e-04	-3.176	-0.070	-1.175	-2.539	-3.255	-3.864	-4.687	-5.346	-5.431
0.00044  1.20e+10  0.8099360466   0.592  3.280  3.6399  0.442    8  0.528  0.442    68.53    29.15  1 -7.06e-07      0.00 7.422e-01 2.573e-01 6.597e-05 4.213e-05 1.989e-04 -1.000 4.534e-04	-3.430	-0.115	-1.321	-2.749	-3.494	-4.118	-4.957	-5.623	-5.709
0.00044  1.20e+10  0.8099367619   0.574  3.337  3.6413  0.377    8  0.528  0.442    80.79    31.81  1 -1.01e-06      0.00 7.422e-01 2.573e-01 6.597e-05 4.213e-05 1.989e-04 -1.000 4.534e-04	-3.572	-0.250	-1.460	-2.893	-3.640	-4.265	-5.099	-5.757	-5.842
0.00044  1.20e+10  0.8099375963   0.555  3.366  3.6457  0.351    8  0.529  0.442    89.95    31.75  1 -1.29e-06      0.00 7.422e-01 2.573e-01 6.597e-05 4.213e-05 1.989e-04 -1.000 4.534e-04	-3.646	-0.459	-1.609	-3.004	-3.734	-4.348	-5.162	-5.804	-5.887
0.00044  1.20e+10  0.8099384904   0.534  3.386  3.6517  0.339    8  0.529  0.441   109.13    28.15  1 -1.61e-06      0.00 7.422e-01 2.573e-01 6.597e-05 4.213e-05 1.989e-04 -1.000 4.534e-04	-3.694	-0.715	-1.772	-3.107	-3.811	-4.407	-5.194	-5.816	-5.895
0.00044  1.20e+10  0.8099391460   0.534 -9.999  4.0451  2.001    9  0.534  0.022     0.00     0.00 -1         0      0.00 7.422e-01 2.573e-01 6.597e-05 4.213e-05 1.989e-04 -1.000 4.534e-04	29.767	29.861	30.265	30.330	30.330	30.341	30.434	30.444	30.468
