# File generated by CMD 2.8 (http://stev.oapd.inaf.it/cmd) on Wed May 18 12:22:40 CEST 2016
# PARSEC isochrones, release v1.2S
# Basic references: Bressan et al. (2012), MNRAS, 427, 127 + Chen et al. (2014, 2015), MNRAS, 444, 2525 + MNRAS, 452, 1068 + Tang et al. (2014), MNRAS, 445, 4287
# Warning: you choose not to include the TP-AGB phase!
# Photometric system: <i>UBVRIJHK</i> (cf. Maiz-Apellaniz 2006 + Bessell 1990)
# Using NBC version of bolometric corrections as in Chen et al. (2014), MNRAS, 444, 2525
# BCs of Carbon stars derive from Aringer et al. (2009, A&A 503, 913)
# O-rich circumstellar dust ignored
# C-rich circumstellar dust ignored
# IMF: Chabrier (2001) lognormal 
# On RGB, assumed Reimers mass loss with efficiency eta=0.2
# Kind of output: isochrone tables
#	Isochrone  Z = 0.01900	Y = 0.28242	[M/H] = 0.119	eta_R = 0.200	Age = 	1.5000e+09 yr
#      Z	log(age/yr)	M_ini   	M_act	logL/Lo	logTe	logG	mbol    U       B       V       R       I       J       H       K	int_IMF	stage
	0.019000	9.1761	0.09000000	0.0900	-3.4262	3.3565	5.1963	13.336	25.981	22.354	20.300	17.421	14.700	11.132	10.544	10.206	1.46765435	0
	0.019000	9.1761	0.09780456	0.0978	-3.2956	3.3748	5.1751	13.009	24.553	21.284	19.312	16.669	14.106	10.848	10.260	9.921	1.54870379	0
	0.019000	9.1761	0.10000000	0.1000	-3.2596	3.3798	5.1686	12.919	24.163	20.992	19.041	16.463	13.943	10.770	10.181	9.843	1.57040203	0
	0.019000	9.1761	0.11206224	0.1121	-3.1030	3.3996	5.1408	12.527	22.579	19.795	17.930	15.609	13.261	10.426	9.835	9.498	1.68143594	1
	0.019000	9.1761	0.12000000	0.1200	-3.0080	3.4116	5.1235	12.290	21.625	19.072	17.258	15.092	12.847	10.217	9.625	9.289	1.74782515	1
	0.019000	9.1761	0.14000000	0.1400	-2.8216	3.4333	5.0908	11.824	19.902	17.746	16.024	14.130	12.068	9.801	9.208	8.876	1.89584959	1
	0.019000	9.1761	0.16000000	0.1600	-2.6781	3.4476	5.0627	11.465	18.839	16.886	15.228	13.486	11.534	9.475	8.880	8.554	2.02115250	1
	0.019000	9.1761	0.20000000	0.2000	-2.4639	3.4664	5.0203	10.930	17.471	15.751	14.154	12.595	10.803	8.984	8.385	8.072	2.22178221	1
	0.019000	9.1761	0.25000000	0.2500	-2.2617	3.4828	4.9807	10.424	16.351	14.789	13.238	11.816	10.161	8.516	7.915	7.616	2.40809011	1
	0.019000	9.1761	0.30000001	0.3000	-2.1031	3.4949	4.9497	10.028	15.570	14.098	12.572	11.236	9.683	8.149	7.543	7.256	2.54750419	1
	0.019000	9.1761	0.32482800	0.3248	-2.0195	3.4994	4.9188	9.819	15.219	13.784	12.275	10.969	9.448	7.950	7.341	7.060	2.60443044	1
	0.019000	9.1761	0.34999999	0.3500	-1.9467	3.5042	4.8975	9.637	14.908	13.502	12.007	10.729	9.241	7.779	7.167	6.891	2.65552020	0
	0.019000	9.1761	0.40000001	0.4000	-1.8024	3.5155	4.8563	9.276	14.273	12.919	11.452	10.237	8.827	7.446	6.825	6.561	2.74133730	0
	0.019000	9.1761	0.40144688	0.4014	-1.7979	3.5158	4.8548	9.265	14.253	12.901	11.435	10.221	8.814	7.435	6.814	6.551	2.74356079	0
	0.019000	9.1761	0.44999999	0.4500	-1.6557	3.5276	4.8093	8.909	13.658	12.340	10.902	9.745	8.412	7.109	6.476	6.226	2.81098008	0
	0.019000	9.1761	0.50000000	0.5000	-1.5052	3.5413	4.7595	8.533	13.056	11.753	10.344	9.244	7.991	6.766	6.119	5.884	2.86847806	0
	0.019000	9.1761	0.52362853	0.5236	-1.4295	3.5496	4.7369	8.344	12.752	11.447	10.051	8.981	7.777	6.598	5.943	5.716	2.89228320	1
	0.019000	9.1761	0.55000001	0.5500	-1.3486	3.5586	4.7133	8.142	12.439	11.124	9.735	8.695	7.551	6.420	5.757	5.540	2.91663504	1
	0.019000	9.1761	0.60000002	0.6000	-1.1894	3.5804	4.6791	7.744	11.806	10.449	9.073	8.095	7.106	6.083	5.402	5.212	2.95739889	1
	0.019000	9.1761	0.64999998	0.6500	-1.0295	3.6066	4.6589	7.344	11.151	9.739	8.409	7.492	6.671	5.749	5.057	4.907	2.99236870	1
	0.019000	9.1761	0.67875081	0.6787	-0.9394	3.6229	4.6528	7.118	10.746	9.317	8.033	7.155	6.430	5.561	4.879	4.752	3.01024318	1
	0.019000	9.1761	0.69999999	0.7000	-0.8750	3.6346	4.6484	6.958	10.424	9.008	7.767	6.920	6.262	5.430	4.758	4.648	3.02253795	1
	0.019000	9.1761	0.73526627	0.7352	-0.7674	3.6565	4.6499	6.689	9.721	8.446	7.301	6.528	5.978	5.223	4.598	4.510	3.04142070	1
	0.019000	9.1761	0.75000000	0.7500	-0.7240	3.6652	4.6499	6.580	9.413	8.223	7.120	6.382	5.864	5.140	4.542	4.459	3.04879928	1
	0.019000	9.1761	0.80000001	0.8000	-0.5926	3.6851	4.6261	6.251	8.630	7.654	6.645	5.990	5.527	4.873	4.341	4.267	3.07187057	1
	0.019000	9.1761	0.88421923	0.8842	-0.3835	3.7164	4.5857	5.729	7.481	6.825	5.950	5.408	5.009	4.460	4.018	3.958	3.10479379	1
	0.019000	9.1761	0.89606637	0.8960	-0.3551	3.7204	4.5791	5.658	7.336	6.720	5.861	5.332	4.940	4.404	3.973	3.914	3.10891676	1
	0.019000	9.1761	0.93421930	0.9342	-0.2658	3.7330	4.5584	5.435	6.895	6.398	5.589	5.097	4.726	4.228	3.832	3.778	3.12146688	1
	0.019000	9.1761	0.98421925	0.9842	-0.1523	3.7481	4.5276	5.151	6.370	6.004	5.257	4.806	4.459	4.007	3.647	3.599	3.13640642	1
	0.019000	9.1761	1.03060794	1.0305	-0.0502	3.7606	4.4956	4.895	5.939	5.668	4.970	4.549	4.221	3.804	3.474	3.430	3.14892673	1
	0.019000	9.1761	1.03421926	1.0341	-0.0424	3.7615	4.4931	4.876	5.908	5.643	4.948	4.530	4.203	3.789	3.460	3.417	3.14985085	1
	0.019000	9.1761	1.05297232	1.0529	-0.0023	3.7660	4.4787	4.776	5.751	5.515	4.838	4.430	4.111	3.709	3.390	3.348	3.15453982	1
	0.019000	9.1761	1.09976995	1.0997	0.0955	3.7768	4.4428	4.531	5.371	5.202	4.572	4.191	3.889	3.516	3.221	3.184	3.16549015	1
	0.019000	9.1761	1.11843848	1.1183	0.1336	3.7809	4.4285	4.436	5.222	5.081	4.469	4.099	3.805	3.443	3.156	3.121	3.16958284	1
	0.019000	9.1761	1.16359580	1.1635	0.2262	3.7901	4.3901	4.204	4.854	4.789	4.227	3.889	3.609	3.267	2.995	2.968	3.17889762	1
	0.019000	9.1761	1.16843855	1.1683	0.2360	3.7911	4.3860	4.180	4.818	4.759	4.202	3.866	3.588	3.248	2.978	2.951	3.17985058	1
	0.019000	9.1761	1.17779517	1.1777	0.2545	3.7929	4.3783	4.134	4.750	4.702	4.154	3.823	3.548	3.212	2.945	2.919	3.18166757	1
	0.019000	9.1761	1.20357108	1.2034	0.3047	3.7978	4.3570	4.008	4.569	4.548	4.023	3.705	3.438	3.114	2.856	2.832	3.18651533	1
	0.019000	9.1761	1.21843851	1.2183	0.3333	3.8005	4.3446	3.937	4.469	4.461	3.948	3.638	3.376	3.057	2.804	2.782	3.18921113	1
	0.019000	9.1761	1.24080718	1.2407	0.3753	3.8043	4.3257	3.832	4.338	4.337	3.839	3.536	3.280	2.971	2.726	2.705	3.19313550	1
	0.019000	9.1761	1.26843858	1.2683	0.4264	3.8088	4.3020	3.704	4.180	4.187	3.707	3.413	3.164	2.866	2.630	2.609	3.19777656	1
	0.019000	9.1761	1.30561316	1.3054	0.4904	3.8143	4.2727	3.544	3.988	4.000	3.542	3.259	3.019	2.734	2.510	2.490	3.20367312	1
	0.019000	9.1761	1.35265779	1.3525	0.5692	3.8208	4.2349	3.347	3.756	3.773	3.339	3.069	2.839	2.570	2.359	2.340	3.21061015	1
	0.019000	9.1761	1.38037443	1.3802	0.6146	3.8244	4.2127	3.233	3.626	3.643	3.222	2.959	2.736	2.475	2.271	2.253	3.21444678	1
	0.019000	9.1761	1.40265787	1.4025	0.6505	3.8270	4.1942	3.144	3.524	3.541	3.130	2.872	2.654	2.399	2.200	2.183	3.21740675	1
	0.019000	9.1761	1.45265782	1.4525	0.7286	3.8325	4.1533	2.948	3.306	3.321	2.929	2.683	2.474	2.232	2.045	2.028	3.22367454	1
	0.019000	9.1761	1.48408377	1.4839	0.7757	3.8352	4.1266	2.831	3.180	3.191	2.809	2.569	2.365	2.129	1.948	1.931	3.22736955	1
	0.019000	9.1761	1.50265777	1.5025	0.8031	3.8365	4.1098	2.762	3.108	3.117	2.739	2.502	2.301	2.068	1.889	1.872	3.22947097	1
	0.019000	9.1761	1.54150009	1.5413	0.8580	3.8397	4.0787	2.625	2.960	2.965	2.598	2.368	2.173	1.947	1.775	1.759	3.23368049	1
	0.019000	9.1761	1.58523250	1.5851	0.9191	3.8416	4.0375	2.472	2.804	2.802	2.443	2.218	2.027	1.805	1.637	1.621	3.23814082	1
	0.019000	9.1761	1.58687711	1.5867	0.9214	3.8417	4.0357	2.467	2.798	2.796	2.437	2.212	2.021	1.799	1.632	1.615	3.23830318	1
	0.019000	9.1761	1.60971963	1.6096	0.9552	3.8420	4.0096	2.382	2.714	2.709	2.352	2.128	1.938	1.717	1.550	1.534	3.24051642	1
	0.019000	9.1761	1.61976743	1.6197	0.9700	3.8420	3.9975	2.345	2.677	2.671	2.314	2.090	1.900	1.679	1.513	1.497	3.24146628	1
	0.019000	9.1761	1.62116516	1.6211	0.9721	3.8420	3.9957	2.340	2.673	2.666	2.309	2.085	1.895	1.674	1.508	1.491	3.24159741	1
	0.019000	9.1761	1.64779317	1.6477	1.0106	3.8409	3.9600	2.243	2.581	2.571	2.212	1.987	1.795	1.572	1.405	1.388	3.24404359	1
	0.019000	9.1761	1.65265787	1.6526	1.0177	3.8406	3.9531	2.226	2.565	2.554	2.194	1.968	1.777	1.553	1.385	1.368	3.24448037	1
	0.019000	9.1761	1.66409504	1.6640	1.0339	3.8400	3.9372	2.185	2.528	2.514	2.153	1.927	1.734	1.509	1.340	1.323	3.24549532	1
	0.019000	9.1761	1.68554831	1.6855	1.0641	3.8381	3.9049	2.110	2.461	2.444	2.078	1.848	1.653	1.423	1.251	1.233	3.24735498	1
	0.019000	9.1761	1.68897617	1.6889	1.0688	3.8378	3.9001	2.098	2.450	2.433	2.066	1.836	1.640	1.410	1.238	1.220	3.24764681	1
	0.019000	9.1761	1.71272123	1.7127	1.1011	3.8350	3.8624	2.017	2.382	2.362	1.987	1.751	1.551	1.314	1.137	1.118	3.24963093	1
	0.019000	9.1761	1.73554814	1.7355	1.1314	3.8312	3.8227	1.941	2.323	2.298	1.912	1.670	1.463	1.218	1.034	1.015	3.25147748	1
	0.019000	9.1761	1.74412572	1.7441	1.1428	3.8294	3.8064	1.913	2.302	2.276	1.885	1.639	1.429	1.180	0.994	0.973	3.25215650	1
	0.019000	9.1761	1.76349652	1.7635	1.1676	3.8247	3.7676	1.851	2.266	2.233	1.826	1.571	1.354	1.094	0.898	0.877	3.25366092	1
	0.019000	9.1761	1.76843846	1.7684	1.1739	3.8233	3.7570	1.835	2.257	2.223	1.811	1.554	1.335	1.071	0.873	0.851	3.25403857	1
	0.019000	9.1761	1.76961505	1.7696	1.1754	3.8230	3.7547	1.832	2.255	2.221	1.807	1.550	1.330	1.066	0.867	0.846	3.25412822	1
	0.019000	9.1761	1.78951836	1.7895	1.2001	3.8172	3.7115	1.770	2.226	2.184	1.750	1.481	1.252	0.974	0.764	0.741	3.25562119	1
	0.019000	9.1761	1.80132890	1.8013	1.2143	3.8135	3.6855	1.734	2.212	2.164	1.718	1.441	1.206	0.919	0.702	0.679	3.25648880	1
	0.019000	9.1761	1.80685103	1.8069	1.2207	3.8117	3.6732	1.718	2.206	2.156	1.703	1.423	1.185	0.894	0.674	0.650	3.25688982	1
	0.019000	9.1761	1.82535636	1.8254	1.2417	3.8056	3.6321	1.666	2.194	2.132	1.656	1.365	1.117	0.811	0.578	0.552	3.25821257	1
	0.019000	9.1761	1.83421934	1.8342	1.2522	3.8025	3.6112	1.639	2.190	2.121	1.633	1.335	1.082	0.769	0.529	0.503	3.25883484	1
	0.019000	9.1761	1.84884560	1.8488	1.2712	3.7977	3.5766	1.592	2.184	2.100	1.591	1.282	1.022	0.696	0.448	0.420	3.25984621	1
	0.019000	9.1761	1.85800421	1.8580	1.2880	3.7961	3.5556	1.550	2.159	2.067	1.551	1.238	0.975	0.646	0.394	0.366	3.26046991	1
	0.019000	9.1761	1.86480963	1.8648	1.3246	3.8019	3.5437	1.458	2.016	1.941	1.452	1.153	0.900	0.585	0.345	0.319	3.26092863	1
	0.019000	9.1761	1.86713982	1.8671	1.3554	3.8097	3.5446	1.382	1.888	1.823	1.365	1.083	0.843	0.547	0.324	0.299	3.26108479	1
	0.019000	9.1761	1.86788094	1.8679	1.3832	3.8186	3.5524	1.312	1.770	1.711	1.286	1.022	0.797	0.523	0.318	0.295	3.26113439	1
	0.019000	9.1761	1.86820495	1.8682	1.4092	3.8274	3.5619	1.247	1.660	1.604	1.212	0.967	0.758	0.503	0.317	0.295	3.26115584	1
	0.019000	9.1761	1.86837852	1.8684	1.4333	3.8355	3.5702	1.187	1.566	1.509	1.145	0.916	0.721	0.486	0.315	0.295	3.26116753	1
	0.019000	9.1761	1.86852193	1.8685	1.4559	3.8433	3.5789	1.130	1.481	1.421	1.083	0.870	0.689	0.472	0.316	0.297	3.26117706	1
	0.019000	9.1761	1.86854243	1.8685	1.4581	3.8442	3.5804	1.125	1.473	1.412	1.076	0.866	0.687	0.471	0.317	0.298	3.26117849	2
	0.019000	9.1761	1.86862254	1.8686	1.4227	3.8371	3.5870	1.213	1.586	1.530	1.171	0.945	0.753	0.521	0.353	0.333	3.26118374	2
	0.019000	9.1761	1.86867189	1.8687	1.4002	3.8299	3.5809	1.270	1.670	1.616	1.233	0.992	0.787	0.539	0.357	0.336	3.26118708	2
	0.019000	9.1761	1.86874926	1.8687	1.3856	3.8191	3.5524	1.306	1.760	1.702	1.279	1.017	0.793	0.520	0.316	0.293	3.26119232	2
	0.019000	9.1761	1.86889327	1.8689	1.3920	3.8057	3.4925	1.290	1.825	1.750	1.277	0.987	0.741	0.435	0.205	0.178	3.26120186	2
	0.019000	9.1761	1.86913216	1.8691	1.3977	3.7924	3.4335	1.276	1.927	1.811	1.279	0.958	0.689	0.351	0.094	0.063	3.26121783	2
	0.019000	9.1761	1.86942637	1.8694	1.3923	3.7814	3.3951	1.289	2.070	1.901	1.310	0.957	0.667	0.303	0.025	-0.012	3.26123738	2
	0.019000	9.1761	1.86983466	1.8698	1.3749	3.7701	3.3673	1.333	2.226	2.020	1.378	0.996	0.686	0.289	-0.016	-0.057	3.26126480	2
	0.019000	9.1761	1.87032139	1.8703	1.3453	3.7589	3.3521	1.407	2.416	2.164	1.478	1.072	0.743	0.315	-0.018	-0.061	3.26129723	2
	0.019000	9.1761	1.87068939	1.8707	1.3167	3.7510	3.3494	1.478	2.574	2.286	1.568	1.146	0.804	0.353	0.001	-0.044	3.26132178	2
	0.019000	9.1761	1.87104094	1.8710	1.2853	3.7438	3.3519	1.557	2.744	2.413	1.667	1.229	0.874	0.402	0.030	-0.017	3.26134515	2
	0.019000	9.1761	1.87136853	1.8714	1.2548	3.7371	3.3559	1.633	2.909	2.536	1.764	1.310	0.944	0.451	0.062	0.013	3.26136684	2
	0.019000	9.1761	1.87180042	1.8718	1.2193	3.7286	3.3573	1.722	3.119	2.687	1.880	1.405	1.026	0.506	0.094	0.043	3.26139569	2
	0.019000	9.1761	1.87233925	1.8723	1.1956	3.7187	3.3415	1.781	3.333	2.822	1.975	1.476	1.079	0.528	0.089	0.035	3.26143146	3
	0.019000	9.1761	1.87299001	1.8730	1.2199	3.7092	3.2795	1.720	3.431	2.840	1.953	1.429	1.016	0.432	-0.033	-0.092	3.26147461	3
	0.019000	9.1761	1.87342310	1.8734	1.2554	3.7041	3.2235	1.631	3.433	2.796	1.887	1.348	0.926	0.324	-0.155	-0.215	3.26150346	3
	0.019000	9.1761	1.87382615	1.8738	1.2976	3.7000	3.1651	1.526	3.399	2.727	1.799	1.250	0.820	0.204	-0.286	-0.349	3.26153016	3
	0.019000	9.1761	1.87418497	1.8742	1.3394	3.6967	3.1102	1.421	3.357	2.654	1.710	1.152	0.716	0.088	-0.412	-0.475	3.26155400	3
	0.019000	9.1761	1.87452006	1.8745	1.3808	3.6939	3.0576	1.318	3.306	2.578	1.621	1.055	0.613	-0.025	-0.533	-0.598	3.26157618	3
	0.019000	9.1761	1.87484348	1.8748	1.4221	3.6912	3.0054	1.215	3.254	2.501	1.530	0.957	0.510	-0.138	-0.654	-0.719	3.26159763	3
	0.019000	9.1761	1.87515712	1.8752	1.4634	3.6886	2.9539	1.112	3.201	2.423	1.440	0.860	0.408	-0.249	-0.773	-0.840	3.26161838	3
	0.019000	9.1761	1.87546551	1.8755	1.5041	3.6860	2.9029	1.010	3.150	2.347	1.352	0.765	0.307	-0.359	-0.891	-0.959	3.26163888	3
	0.019000	9.1761	1.87584925	1.8758	1.5542	3.6830	2.8410	0.884	3.083	2.251	1.243	0.648	0.183	-0.494	-1.034	-1.104	3.26166415	3
	0.019000	9.1761	1.87623262	1.8762	1.6040	3.6800	2.7794	0.760	3.017	2.156	1.134	0.531	0.060	-0.628	-1.177	-1.248	3.26168966	3
	0.019000	9.1761	1.87653899	1.8765	1.6443	3.6776	2.7295	0.659	2.967	2.081	1.048	0.437	-0.039	-0.736	-1.292	-1.365	3.26170993	3
	0.019000	9.1761	1.87684476	1.8768	1.6850	3.6751	2.6789	0.557	2.918	2.006	0.961	0.343	-0.138	-0.846	-1.409	-1.483	3.26173019	3
	0.019000	9.1761	1.87714899	1.8771	1.7261	3.6726	2.6276	0.455	2.869	1.930	0.873	0.248	-0.239	-0.956	-1.527	-1.603	3.26175022	3
	0.019000	9.1761	1.87744558	1.8774	1.7670	3.6699	2.5763	0.352	2.821	1.856	0.787	0.154	-0.339	-1.066	-1.645	-1.723	3.26176977	3
	0.019000	9.1761	1.87777495	1.8778	1.8134	3.6669	2.5180	0.237	2.771	1.774	0.690	0.048	-0.452	-1.191	-1.779	-1.858	3.26179147	3
	0.019000	9.1761	1.87806571	1.8781	1.8548	3.6642	2.4655	0.133	2.738	1.705	0.605	-0.046	-0.553	-1.303	-1.899	-1.980	3.26181078	3
	0.019000	9.1761	1.87836516	1.8784	1.8984	3.6612	2.4102	0.024	2.709	1.635	0.515	-0.146	-0.660	-1.421	-2.025	-2.108	3.26183057	3
	0.019000	9.1761	1.87866426	1.8787	1.9430	3.6582	2.3535	-0.087	2.684	1.566	0.425	-0.247	-0.769	-1.542	-2.155	-2.240	3.26185012	3
	0.019000	9.1761	1.87895632	1.8790	1.9876	3.6550	2.2964	-0.199	2.662	1.498	0.337	-0.347	-0.878	-1.663	-2.285	-2.372	3.26186943	3
	0.019000	9.1761	1.87921631	1.8792	2.0278	3.6522	2.2450	-0.299	2.643	1.437	0.257	-0.437	-0.976	-1.772	-2.402	-2.491	3.26188660	3
	0.019000	9.1761	1.87954366	1.8795	2.0775	3.6486	2.1808	-0.424	2.624	1.365	0.161	-0.547	-1.096	-1.906	-2.547	-2.639	3.26190805	3
	0.019000	9.1761	1.87987280	1.8799	2.1253	3.6451	2.1193	-0.543	2.609	1.297	0.070	-0.652	-1.211	-2.035	-2.686	-2.780	3.26192975	3
	0.019000	9.1761	1.88025236	1.8803	2.1715	3.6418	2.0598	-0.659	2.594	1.232	-0.018	-0.753	-1.323	-2.159	-2.820	-2.917	3.26195478	3
	0.019000	9.1761	1.88070607	1.8807	2.2092	3.6390	2.0112	-0.753	2.583	1.179	-0.089	-0.835	-1.413	-2.261	-2.930	-3.029	3.26198459	3
	0.019000	9.1761	1.88095391	1.8810	2.1819	3.6411	2.0468	-0.685	2.589	1.216	-0.039	-0.777	-1.348	-2.188	-2.850	-2.948	3.26200104	3
	0.019000	9.1761	1.88115501	1.8812	2.1432	3.6440	2.0973	-0.588	2.598	1.269	0.034	-0.692	-1.255	-2.083	-2.736	-2.832	3.26201415	3
	0.019000	9.1761	1.88128412	1.8813	2.0996	3.6473	2.1539	-0.479	2.609	1.330	0.116	-0.597	-1.150	-1.965	-2.609	-2.702	3.26202273	3
	0.019000	9.1761	1.88138711	1.8814	2.0579	3.6504	2.2082	-0.375	2.620	1.388	0.195	-0.506	-1.049	-1.852	-2.487	-2.578	3.26202941	3
	0.019000	9.1761	1.88147950	1.8815	2.0180	3.6533	2.2599	-0.275	2.635	1.446	0.273	-0.417	-0.953	-1.744	-2.370	-2.459	3.26203561	3
	0.019000	9.1761	1.88157737	1.8816	1.9763	3.6564	2.3138	-0.171	2.653	1.508	0.355	-0.324	-0.851	-1.631	-2.248	-2.335	3.26204205	3
	0.019000	9.1761	1.88168287	1.8817	1.9343	3.6594	2.3677	-0.066	2.672	1.571	0.438	-0.230	-0.749	-1.517	-2.126	-2.210	3.26204896	3
	0.019000	9.1761	1.88179862	1.8818	1.8943	3.6623	2.4194	0.034	2.694	1.633	0.518	-0.139	-0.651	-1.408	-2.009	-2.091	3.26205635	3
	0.019000	9.1761	1.88197577	1.8820	1.8473	3.6656	2.4796	0.152	2.722	1.706	0.614	-0.032	-0.536	-1.280	-1.872	-1.952	3.26206803	3
	0.019000	9.1761	1.88199699	1.8820	1.8424	3.6659	2.4858	0.164	2.725	1.714	0.624	-0.021	-0.524	-1.267	-1.858	-1.938	3.26206946	3
	0.019000	9.1761	1.88222027	1.8822	1.8765	3.6636	2.4425	0.079	2.702	1.659	0.554	-0.099	-0.608	-1.359	-1.956	-2.038	3.26208425	3
	0.019000	9.1761	1.88253713	1.8825	1.9188	3.6607	2.3886	-0.027	2.676	1.593	0.468	-0.196	-0.711	-1.474	-2.079	-2.163	3.26210499	3
	0.019000	9.1761	1.88291395	1.8829	1.9612	3.6577	2.3345	-0.133	2.654	1.528	0.383	-0.291	-0.815	-1.589	-2.203	-2.288	3.26212978	3
	0.019000	9.1761	1.88333535	1.8833	2.0061	3.6545	2.2770	-0.245	2.632	1.460	0.294	-0.392	-0.924	-1.711	-2.334	-2.421	3.26215720	3
	0.019000	9.1761	1.88375950	1.8838	2.0499	3.6514	2.2208	-0.355	2.612	1.394	0.208	-0.490	-1.030	-1.829	-2.461	-2.551	3.26218510	3
	0.019000	9.1761	1.88419139	1.8842	2.0938	3.6482	2.1642	-0.464	2.596	1.331	0.123	-0.587	-1.137	-1.948	-2.589	-2.681	3.26221347	3
	0.019000	9.1761	1.88421929	1.8842	2.0966	3.6480	2.1606	-0.472	2.595	1.327	0.118	-0.593	-1.143	-1.956	-2.598	-2.690	3.26221514	3
	0.019000	9.1761	1.88438821	1.8844	2.1150	3.6467	2.1369	-0.518	2.590	1.301	0.082	-0.633	-1.188	-2.005	-2.651	-2.744	3.26222634	3
	0.019000	9.1761	1.88473868	1.8847	2.1534	3.6439	2.0873	-0.614	2.578	1.246	0.009	-0.717	-1.280	-2.109	-2.763	-2.858	3.26224923	3
	0.019000	9.1761	1.88508928	1.8851	2.1924	3.6410	2.0370	-0.711	2.567	1.192	-0.064	-0.803	-1.374	-2.214	-2.876	-2.974	3.26227212	3
	0.019000	9.1761	1.88541448	1.8854	2.2293	3.6383	1.9892	-0.803	2.561	1.142	-0.132	-0.882	-1.463	-2.313	-2.984	-3.084	3.26229334	3
	0.019000	9.1761	1.88573611	1.8857	2.2669	3.6355	1.9406	-0.897	2.562	1.094	-0.201	-0.962	-1.553	-2.415	-3.093	-3.195	3.26231432	3
	0.019000	9.1761	1.88604212	1.8860	2.3040	3.6327	1.8924	-0.990	2.564	1.047	-0.269	-1.041	-1.641	-2.515	-3.201	-3.305	3.26233435	3
	0.019000	9.1761	1.88632941	1.8863	2.3402	3.6299	1.8452	-1.080	2.569	1.002	-0.334	-1.117	-1.728	-2.613	-3.306	-3.413	3.26235318	3
	0.019000	9.1761	1.88660192	1.8866	2.3761	3.6272	1.7984	-1.170	2.572	0.959	-0.396	-1.190	-1.813	-2.710	-3.410	-3.520	3.26237106	3
	0.019000	9.1761	1.88686168	1.8869	2.4119	3.6246	1.7522	-1.260	2.574	0.915	-0.460	-1.264	-1.898	-2.806	-3.513	-3.625	3.26238799	3
	0.019000	9.1761	1.88710368	1.8871	2.4468	3.6217	1.7059	-1.347	2.583	0.876	-0.519	-1.335	-1.981	-2.900	-3.614	-3.730	3.26240373	3
	0.019000	9.1761	1.88733327	1.8873	2.4816	3.6190	1.6604	-1.434	2.587	0.836	-0.578	-1.405	-2.063	-2.993	-3.715	-3.833	3.26241875	3
	0.019000	9.1761	1.88754737	1.8875	2.5156	3.6165	1.6162	-1.519	2.589	0.796	-0.635	-1.471	-2.143	-3.084	-3.813	-3.934	3.26243258	3
	0.019000	9.1761	1.88774514	1.8877	2.5485	3.6138	1.5729	-1.601	2.596	0.761	-0.688	-1.534	-2.220	-3.172	-3.908	-4.032	3.26244545	3
	0.019000	9.1761	1.88793004	1.8879	2.5805	3.6112	1.5303	-1.681	2.606	0.728	-0.739	-1.596	-2.295	-3.258	-4.001	-4.128	3.26245761	3
	0.019000	9.1761	1.88810587	1.8881	2.6126	3.6086	1.4878	-1.762	2.608	0.692	-0.789	-1.655	-2.370	-3.344	-4.094	-4.225	3.26246905	3
	0.019000	9.1761	1.88826942	1.8883	2.6436	3.6061	1.4468	-1.839	2.604	0.656	-0.835	-1.708	-2.442	-3.428	-4.184	-4.318	3.26247978	3
	0.019000	9.1761	1.88842094	1.8884	2.6733	3.6036	1.4073	-1.913	2.603	0.623	-0.879	-1.759	-2.510	-3.507	-4.271	-4.407	3.26248956	3
	0.019000	9.1761	1.88856244	1.8886	2.7021	3.6012	1.3687	-1.985	2.603	0.591	-0.921	-1.808	-2.577	-3.585	-4.355	-4.495	3.26249886	3
	0.019000	9.1761	1.88869703	1.8887	2.7311	3.5987	1.3298	-2.058	2.602	0.560	-0.961	-1.854	-2.644	-3.663	-4.439	-4.582	3.26250768	3
	0.019000	9.1761	1.88882124	1.8888	2.7587	3.5963	1.2926	-2.127	2.602	0.533	-0.995	-1.894	-2.707	-3.737	-4.520	-4.666	3.26251554	3
	0.019000	9.1761	1.88893890	1.8889	2.7852	3.5939	1.2566	-2.193	2.602	0.507	-1.028	-1.932	-2.768	-3.809	-4.598	-4.747	3.26252341	3
	0.019000	9.1761	1.88893890	1.8889	1.7085	3.6799	2.6774	0.499	2.755	1.896	0.872	0.271	-0.200	-0.890	-1.438	-1.510	3.26252341	4
	0.019000	9.1761	1.89044750	1.8904	1.7530	3.6765	2.6194	0.388	2.717	1.821	0.781	0.170	-0.309	-1.012	-1.570	-1.644	3.26262140	4
	0.019000	9.1761	1.89179170	1.8918	1.7736	3.6750	2.5933	0.336	2.695	1.785	0.738	0.122	-0.359	-1.068	-1.631	-1.705	3.26270866	4
	0.019000	9.1761	1.89301360	1.8930	1.7829	3.6744	2.5820	0.313	2.684	1.768	0.719	0.101	-0.382	-1.093	-1.657	-1.732	3.26278782	4
	0.019000	9.1761	1.89412153	1.8941	1.7810	3.6747	2.5851	0.317	2.684	1.770	0.722	0.105	-0.377	-1.087	-1.651	-1.726	3.26285958	4
	0.019000	9.1761	1.89511669	1.8951	1.7709	3.6755	2.5987	0.343	2.692	1.786	0.742	0.128	-0.353	-1.059	-1.621	-1.695	3.26292396	4
	0.019000	9.1761	1.89602101	1.8960	1.7583	3.6765	2.6154	0.374	2.703	1.808	0.768	0.156	-0.322	-1.025	-1.584	-1.657	3.26298213	4
	0.019000	9.1761	1.89687812	1.8969	1.7527	3.6769	2.6230	0.388	2.708	1.817	0.779	0.169	-0.308	-1.009	-1.567	-1.640	3.26303744	4
	0.019000	9.1761	1.89770913	1.8977	1.7525	3.6770	2.6236	0.389	2.707	1.817	0.779	0.169	-0.308	-1.009	-1.566	-1.639	3.26309109	4
	0.019000	9.1761	1.89848435	1.8985	1.7635	3.6762	2.6098	0.361	2.695	1.797	0.756	0.144	-0.335	-1.039	-1.598	-1.672	3.26314092	4
	0.019000	9.1761	1.89921200	1.8992	1.7774	3.6753	2.5923	0.326	2.680	1.772	0.727	0.112	-0.369	-1.076	-1.638	-1.713	3.26318765	4
	0.019000	9.1761	1.89986014	1.8999	1.7909	3.6744	2.5752	0.293	2.665	1.748	0.699	0.081	-0.402	-1.113	-1.678	-1.753	3.26322937	4
	0.019000	9.1761	1.90052116	1.9005	1.7150	3.6797	2.6728	0.482	2.742	1.881	0.857	0.255	-0.216	-0.907	-1.455	-1.527	3.26327181	4
	0.019000	9.1761	1.90106201	1.9011	1.6127	3.6868	2.8034	0.738	2.859	2.067	1.075	0.492	0.036	-0.629	-1.157	-1.225	3.26330638	4
	0.019000	9.1761	1.90159941	1.9016	1.5879	3.6885	2.8351	0.800	2.888	2.112	1.128	0.550	0.097	-0.561	-1.084	-1.151	3.26334071	4
	0.019000	9.1761	1.90212953	1.9021	1.5741	3.6894	2.8527	0.835	2.904	2.138	1.157	0.582	0.131	-0.524	-1.044	-1.111	3.26337481	4
	0.019000	9.1761	1.90224743	1.9022	1.5709	3.6896	2.8569	0.843	2.908	2.144	1.164	0.590	0.139	-0.515	-1.035	-1.101	3.26338243	4
	0.019000	9.1761	1.90702927	1.9070	1.5793	3.6887	2.8460	0.822	2.904	2.131	1.148	0.571	0.118	-0.539	-1.061	-1.128	3.26368737	4
	0.019000	9.1761	1.91631269	1.9163	1.5397	3.6910	2.8967	0.921	2.960	2.209	1.236	0.664	0.216	-0.432	-0.948	-1.014	3.26427484	4
	0.019000	9.1761	1.91710961	1.9171	1.5373	3.6911	2.8998	0.927	2.964	2.213	1.241	0.670	0.222	-0.426	-0.941	-1.007	3.26432490	5
	0.019000	9.1761	1.93289304	1.9329	1.5536	3.6920	2.8907	0.886	2.905	2.164	1.196	0.627	0.181	-0.464	-0.977	-1.042	3.26530695	5
	0.019000	9.1761	1.95000005	1.9500	1.5795	3.6925	2.8704	0.821	2.831	2.095	1.128	0.562	0.117	-0.527	-1.038	-1.103	3.26635003	5
	0.019000	9.1761	1.95764530	1.9576	1.5921	3.6926	2.8600	0.790	2.797	2.062	1.096	0.530	0.085	-0.558	-1.069	-1.134	3.26680923	5
	0.019000	9.1761	1.98126566	1.9813	1.6377	3.6923	2.8183	0.676	2.688	1.952	0.983	0.417	-0.029	-0.673	-1.185	-1.250	3.26820135	5
	0.019000	9.1761	2.00000000	2.0000	1.6824	3.6907	2.7715	0.564	2.604	1.854	0.878	0.309	-0.140	-0.790	-1.306	-1.372	3.26927757	5
	0.019000	9.1761	2.01030898	2.0103	1.7121	3.6892	2.7381	0.490	2.558	1.794	0.812	0.238	-0.214	-0.870	-1.390	-1.456	3.26985931	6
	0.019000	9.1761	2.01426101	2.0143	1.7285	3.6883	2.7189	0.449	2.536	1.762	0.776	0.200	-0.254	-0.914	-1.436	-1.503	3.27008033	6
	0.019000	9.1761	2.02092409	2.0209	1.7530	3.6866	2.6891	0.387	2.508	1.717	0.723	0.143	-0.315	-0.980	-1.508	-1.576	3.27045059	6
	0.019000	9.1761	2.02299953	2.0230	1.7567	3.6865	2.6852	0.378	2.501	1.710	0.715	0.134	-0.324	-0.990	-1.518	-1.586	3.27056527	6
	0.019000	9.1761	2.02605939	2.0261	1.8011	3.6824	2.6253	0.267	2.471	1.639	0.626	0.033	-0.433	-1.114	-1.654	-1.724	3.27073383	6
	0.019000	9.1761	2.02709556	2.0271	1.8445	3.6785	2.5665	0.159	2.441	1.570	0.539	-0.065	-0.539	-1.234	-1.786	-1.859	3.27079082	6
	0.019000	9.1761	2.02761078	2.0276	1.8896	3.6747	2.5061	0.046	2.409	1.498	0.449	-0.166	-0.648	-1.359	-1.922	-1.997	3.27081919	6
	0.019000	9.1761	2.02785516	2.0279	1.9299	3.6713	2.4523	-0.055	2.392	1.438	0.368	-0.258	-0.748	-1.471	-2.044	-2.121	3.27083254	6
	0.019000	9.1761	2.02799058	2.0280	1.9729	3.6679	2.3957	-0.162	2.374	1.374	0.283	-0.355	-0.853	-1.589	-2.171	-2.251	3.27083993	6
	0.019000	9.1761	2.02805948	2.0281	2.0112	3.6647	2.3449	-0.258	2.362	1.319	0.208	-0.441	-0.947	-1.695	-2.286	-2.367	3.27084374	6
	0.019000	9.1761	2.02810121	2.0281	2.0466	3.6619	2.2979	-0.347	2.350	1.268	0.138	-0.520	-1.033	-1.792	-2.391	-2.475	3.27084613	6
	0.019000	9.1761	2.02811980	2.0281	2.0653	3.6604	2.2733	-0.393	2.343	1.241	0.102	-0.562	-1.079	-1.844	-2.447	-2.531	3.27084708	7
	0.019000	9.1761	2.02813840	2.0281	2.0832	3.6590	2.2500	-0.438	2.337	1.215	0.067	-0.602	-1.122	-1.893	-2.499	-2.585	3.27084804	7
	0.019000	9.1761	2.02822804	2.0282	2.0937	3.6582	2.2363	-0.464	2.333	1.200	0.046	-0.626	-1.148	-1.921	-2.530	-2.616	3.27085304	7
	0.019000	9.1761	2.02865171	2.0287	2.0583	3.6611	2.2832	-0.376	2.342	1.249	0.114	-0.547	-1.062	-1.824	-2.425	-2.509	3.27087617	7
	0.019000	9.1761	2.02942681	2.0294	2.0647	3.6606	2.2751	-0.392	2.339	1.240	0.101	-0.562	-1.078	-1.842	-2.444	-2.528	3.27091861	7
	0.019000	9.1761	2.03023839	2.0302	2.0904	3.6587	2.2419	-0.456	2.329	1.202	0.051	-0.619	-1.140	-1.912	-2.519	-2.605	3.27096319	7
	0.019000	9.1761	2.03090239	2.0309	2.1140	3.6568	2.2110	-0.515	2.322	1.169	0.006	-0.671	-1.197	-1.976	-2.589	-2.676	3.27099943	7
	0.019000	9.1761	2.03224754	2.0322	2.1713	3.6524	2.1361	-0.658	2.306	1.087	-0.105	-0.798	-1.336	-2.132	-2.759	-2.848	3.27107286	7
	0.019000	9.1761	2.03303552	2.0330	2.2133	3.6491	2.0812	-0.763	2.296	1.029	-0.185	-0.890	-1.437	-2.246	-2.882	-2.974	3.27111578	7
	0.019000	9.1761	2.03364038	2.0336	2.2558	3.6457	2.0252	-0.869	2.291	0.973	-0.263	-0.982	-1.539	-2.362	-3.008	-3.102	3.27114892	7
	0.019000	9.1761	2.03413725	2.0341	2.2995	3.6422	1.9676	-0.979	2.292	0.917	-0.343	-1.077	-1.644	-2.481	-3.136	-3.234	3.27117586	7
	0.019000	9.1761	2.03456402	2.0346	2.3436	3.6387	1.9096	-1.089	2.300	0.863	-0.423	-1.171	-1.750	-2.600	-3.266	-3.366	3.27119923	7
	0.019000	9.1761	2.03493619	2.0349	2.3879	3.6351	1.8509	-1.200	2.311	0.811	-0.501	-1.264	-1.856	-2.721	-3.396	-3.500	3.27121949	7
	0.019000	9.1761	2.03526258	2.0353	2.4320	3.6315	1.7927	-1.310	2.320	0.758	-0.579	-1.357	-1.961	-2.840	-3.525	-3.632	3.27123713	7
	0.019000	9.1761	2.03555131	2.0356	2.4764	3.6279	1.7341	-1.421	2.331	0.708	-0.656	-1.448	-2.066	-2.960	-3.655	-3.765	3.27125287	7
	0.019000	9.1761	2.03580189	2.0358	2.5214	3.6242	1.6742	-1.533	2.345	0.659	-0.731	-1.538	-2.172	-3.082	-3.786	-3.900	3.27126646	7
	0.019000	9.1761	2.03600574	2.0360	2.5668	3.6205	1.6141	-1.647	2.357	0.608	-0.808	-1.631	-2.279	-3.204	-3.919	-4.036	3.27127743	7
	0.019000	9.1761	2.03616118	2.0362	2.6119	3.6168	1.5541	-1.760	2.369	0.561	-0.881	-1.718	-2.385	-3.325	-4.050	-4.171	3.27128601	7
	0.019000	9.1761	2.03627276	2.0363	2.6526	3.6134	1.4997	-1.861	2.383	0.520	-0.944	-1.795	-2.480	-3.434	-4.169	-4.294	3.27129197	7
	0.019000	9.1761	2.03636503	2.0364	2.6928	3.6100	1.4460	-1.962	2.387	0.473	-1.008	-1.871	-2.573	-3.542	-4.286	-4.416	3.27129698	7
	0.019000	9.1761	2.03645349	2.0365	2.7373	3.6062	1.3864	-2.073	2.386	0.424	-1.073	-1.946	-2.676	-3.662	-4.416	-4.551	3.27130175	7
	0.019000	9.1761	2.03652763	2.0365	2.7777	3.6027	1.3321	-2.174	2.388	0.381	-1.131	-2.015	-2.769	-3.771	-4.534	-4.673	3.27130580	7
	0.019000	9.1761	2.03660536	2.0366	2.8216	3.5989	1.2728	-2.284	2.391	0.335	-1.192	-2.087	-2.870	-3.889	-4.663	-4.807	3.27131009	7
	0.019000	9.1761	2.03669214	2.0367	2.8709	3.5946	1.2063	-2.407	2.390	0.286	-1.255	-2.159	-2.983	-4.021	-4.807	-4.957	3.27131486	7
	0.019000	9.1761	2.03678083	2.0368	2.9200	3.5901	1.1395	-2.530	2.395	0.239	-1.317	-2.231	-3.095	-4.154	-4.951	-5.107	3.27131963	7
	0.019000	9.1761	2.03685355	2.0369	2.9589	3.5864	1.0858	-2.627	2.398	0.208	-1.352	-2.272	-3.182	-4.260	-5.066	-5.228	3.27132368	7
	0.019000	9.1761	2.03727031	2.0373	3.1826	3.5649	0.7759	-3.186	2.547	0.138	-1.485	-2.485	-3.670	-4.872	-5.707	-5.911	3.27134609	8
